	p_val	avg_log2FC	pct.1	pct.2	p_val_adj
RPS26	4.84785675757855e-27	-0.844720296996855	0.81	0.875	1.42439727251173e-22
ADIRF	1.15987714502059e-26	-1.07212270883774	0.696	0.863	3.40795102749949e-22
MTRNR2L8	4.43318583044885e-23	-0.34752053678048	0.015	0.206	1.30255866070248e-18
MT-RNR2	4.34234181034367e-21	5.24749902229695	0.143	0.004	1.27586687071518e-16
CLDN5	1.11829992468514e-20	0.589477426810734	0.868	0.914	3.28578883870987e-16
RPL17	8.72177889407907e-20	-0.405381883478656	0.707	0.931	2.56263307465831e-15
RPL36A	3.82613381534281e-19	-0.48458158577329	0.78	0.952	1.12419463762403e-14
SLC26A3	5.4143639691963e-19	2.15069926701249	0.128	0.004	1.59084842142926e-14
MT-RNR1	9.01992457347364e-19	2.37055909180263	0.128	0.004	2.65023423817802e-14
SEPT7	4.00074296672217e-17	1.23180244207628	0.304	0.09	1.17549829848231e-12
SNCG	9.49208802006911e-17	-0.790714403722197	0.473	0.692	2.78896530205671e-12
AKAP12	6.02226116398036e-16	0.803626847578084	0.864	0.834	1.76946077520071e-11
IGKC	2.11463392584284e-15	0.696512943810558	0.212	0.043	6.21321740091144e-11
EEF1G	2.72022382201949e-15	-0.398581389758098	0.524	0.784	7.99256163385766e-11
S100A6	4.23342846975947e-15	-0.526832548035139	0.916	0.975	1.24386595298473e-10
NME2	5.2458116443248e-15	-0.455701786316371	0.505	0.767	1.54132437733551e-10
MT-CO2	2.79095134050211e-14	-0.45125007867827	0.93	0.98	8.20037322866331e-10
CCN1	5.33613998105985e-14	-0.934587976827433	0.19	0.433	1.56786464923501e-09
FAM213A	6.23417276530737e-14	1.00792049289685	0.253	0.077	1.83172464190261e-09
IL32	6.82240163018831e-14	0.522111324408575	0.293	0.092	2.00455804698193e-09
TROVE2	2.68806483985022e-13	0.650007718018276	0.187	0.036	7.89807211244793e-09
RASGEF1B	4.90053097740652e-13	1.97022527352999	0.121	0.02	1.43987401178158e-08
ARL6IP1	1.10952318217104e-12	-0.490735090512346	0.729	0.894	3.26000101385494e-08
ID1	1.12134577093981e-12	-0.910868671663154	0.234	0.463	3.29473814417535e-08
EIF4A1	1.51680321150391e-12	-0.549467239625066	0.623	0.811	4.45667119604079e-08
SEPTIN7	2.25408849732823e-12	-0.579198773093928	0.443	0.676	6.62296282284982e-08
TGM2	3.01988321572799e-12	-0.804155680067328	0.168	0.376	8.87302086445199e-08
SEPT2	3.51509260798476e-12	0.831653943088597	0.223	0.063	1.03280451007808e-07
RPL28	1.2655697746425e-11	-0.27938898166007	0.868	0.975	3.71849711185459e-07
TMEM88	1.46941854803167e-11	-0.401122351609709	0.022	0.165	4.31744557782667e-07
LMNA	2.04359101334632e-11	-0.564342154923697	0.637	0.776	6.00447911541416e-07
SEPTIN9	2.35915008761386e-11	-0.572156481160008	0.249	0.448	6.93165478742703e-07
MT-CO3	4.75860493925375e-11	-0.37125476627589	0.916	0.986	1.39817330325154e-06
MIF	1.14562129469778e-10	-0.269520737821344	0.582	0.794	3.36606448808101e-06
LYVE1	1.42715297858884e-10	0.580851397791961	0.788	0.714	4.19326088168974e-06
CST3	2.37278026807332e-10	-0.511115939444701	0.791	0.87	6.97170298365304e-06
SCGB1A1	2.70655445886801e-10	-0.327793973205906	0.004	0.106	7.952398311046e-06
IGF1	3.75017099485006e-10	0.677083505646682	0.652	0.498	1.10187524170684e-05
RPL39	4.02482287930111e-10	-0.294359000893635	0.872	0.971	1.18257345839625e-05
SEPT10	4.31286903298655e-10	0.676555594457484	0.179	0.047	1.26720717927211e-05
CXorf36	4.41556807883653e-10	0.809870544856895	0.179	0.054	1.29738221292375e-05
CCL21	6.48861870469031e-10	-0.32652595021089	0.974	0.987	1.90648594781211e-05
MT-CYB	8.70392493116054e-10	-0.354753213063185	0.945	0.983	2.55738722327359e-05
COL4A3BP	9.20296305597638e-10	0.70099771603245	0.136	0.031	2.70401460510698e-05
PLA2G16	9.73614299836998e-10	0.594805885674289	0.176	0.046	2.86067353578107e-05
SNHG5	1.05979324909499e-09	-0.565005543135592	0.425	0.616	3.11388452449089e-05
MT-ND3	2.17115718446589e-09	-0.462514789826292	0.93	0.983	6.37929403939767e-05
GAS5	5.49272785215043e-09	-0.362322065410911	0.436	0.648	0.000161387329751884
LOX	7.23393654801106e-09	-0.531170320421127	0.432	0.622	0.000212547523653661
RNASEK	1.05623856321439e-08	-0.376179028744455	0.495	0.699	0.000310344014643652
MT-ATP6	1.07133780741224e-08	-0.268516119119498	0.945	0.989	0.000314780474573865
IGHA1	1.39965126231146e-08	0.449190678285731	0.132	0.029	0.000411245533892354
SCN3A	5.13424275539451e-08	0.557943521784436	0.22	0.083	0.00150854320639001
CCL14	5.55474948240151e-08	-0.312296568052787	0.524	0.717	0.00163209649291921
SOCS3	6.11861866160833e-08	-0.463887658122717	0.429	0.62	0.00179777253515376
INO80D	6.72028396861734e-08	1.0846226704494	0.26	0.188	0.00197455383565915
FXYD6	7.30115858355238e-08	-0.401052108620485	0.681	0.808	0.00214522641501936
NIBAN1	8.41509180560975e-08	-0.418723455904907	0.099	0.246	0.00247252227432426
MT-ND4	1.0002878674645e-07	-0.289243365061252	0.949	0.981	0.00293904581218419
AES	1.10570542460258e-07	0.471945864217172	0.168	0.053	0.00324878367856729
PRELP	1.15322578719749e-07	0.323046789074606	0.136	0.037	0.00338840800794367
ID3	1.15336302804547e-07	-0.616376980063357	0.176	0.337	0.0033888112490032
TXNIP	1.21956276290987e-07	0.283643620436507	0.861	0.925	0.00358331930998177
RPL18	2.33238887542342e-07	-0.262313106368854	0.868	0.958	0.0068530249937691
CXCL2	3.09352582785056e-07	-0.586886766561553	0.308	0.484	0.00908939758739053
CDKN2C	3.58623422037986e-07	-0.378196017783248	0.117	0.251	0.0105370733863201
LRATD1	3.68365970360568e-07	-0.47883411368987	0.176	0.327	0.0108233289411342
HS3ST1	3.70872053038572e-07	-0.480089935284199	0.381	0.507	0.0108969626623793
FKBP2	3.74904032403167e-07	0.425176118769873	0.201	0.077	0.0110154302800699
IGFBP4	5.10874058030323e-07	-0.391301002934071	0.67	0.767	0.0150105015730469
CFH	7.33174938920706e-07	-0.376605565771821	0.201	0.369	0.0215421460553682
HIST1H1E	8.43809261538994e-07	0.433013464722803	0.165	0.057	0.0247928037225387
MGP	8.46282403637309e-07	-1.04170408647795	0.139	0.277	0.0248654695836714
LINC02147	9.75780796018711e-07	1.00604414024794	0.227	0.114	0.0286703913486218
SELENON	1.0203518617008e-06	-0.45077454252135	0.322	0.458	0.029979978400493
CD34	1.02414096763847e-06	-0.287135726606264	0.066	0.189	0.0300913099111536
NFKBID	1.03992893145908e-06	-0.319783301876449	0.073	0.195	0.0305551918641308
HLA-C	1.10741670237117e-06	0.25980079992617	0.868	0.917	0.0325381175490697
SEPT11	1.30886653134649e-06	0.443309221659093	0.11	0.027	0.0384571164240226
SEMA3A	1.37047847942162e-06	0.675487157237203	0.41	0.377	0.0402673986823659
UBE2V1	1.43766031887248e-06	-0.412257413803437	0.348	0.506	0.0422413354891112
C8orf59	2.04931581501292e-06	0.553450967854899	0.161	0.057	0.0602129972767097
FAM241A	2.08355504579812e-06	-0.451751634663844	0.278	0.429	0.0612190143556404
NR2F1	2.13812324931395e-06	-0.339565738618121	0.766	0.88	0.0628223373113425
FAM96B	2.54797173761921e-06	0.290618600136802	0.15	0.053	0.0748645055947275
GUK1	2.5479972156171e-06	-0.314198167621322	0.788	0.854	0.0748652541892617
TM4SF1	3.0024065578444e-06	-0.320641323846541	0.802	0.88	0.0882167094825841
NNMT	3.3437988406432e-06	-0.364356529679097	0.549	0.704	0.0982474975357784
CYR61	3.69706881980546e-06	0.624588297712473	0.117	0.041	0.108627276063524
AKR1C1	3.83042541765678e-06	0.505340579872931	0.377	0.242	0.112545559621592
NAA38	4.10800847155835e-06	-0.329326021460554	0.465	0.595	0.120701504911327
GNG10	4.23141545443178e-06	-0.356084251856538	0.242	0.404	0.124327448882114
TLE5	5.08919186142855e-06	-0.388156623083886	0.282	0.439	0.149530635272494
GABARAP	5.19446075629389e-06	-0.361953579549357	0.513	0.68	0.152623645941427
ATP6V0C	5.19722234907288e-06	-0.329765931578057	0.341	0.508	0.152704787060459
NR4A2	5.44126876638369e-06	-0.510479522572121	0.333	0.481	0.159875358893885
YBX3	5.48486913418724e-06	-0.250199147676915	0.806	0.918	0.161156424900689
RBM4	6.30352864242019e-06	-0.395501933742724	0.26	0.408	0.18521027857159
UQCR11	6.58811904506433e-06	-0.335259880704606	0.696	0.78	0.19357211378208
CSRNP1	6.90504264994702e-06	-0.439010624187859	0.245	0.396	0.202883963140743
NTN4	7.10098581045582e-06	0.470543568426977	0.22	0.105	0.208641165082813
ADGRL4	7.12000645145185e-06	0.563141471705387	0.165	0.159	0.209200029556558
PGRMC1	7.62268244969525e-06	0.506274450766315	0.425	0.314	0.223969655736946
GOLGA8A	8.51674356202058e-06	0.35352310365969	0.143	0.049	0.250238959339289
LGALS1	9.19019167299352e-06	-0.257374351742746	0.681	0.823	0.270026211735896
MTLN	9.3592282973453e-06	-0.364162216130199	0.165	0.295	0.274992845832599
SEPTIN2	1.02278029649352e-05	-0.388698056582276	0.388	0.549	0.300513306715727
SNHG29	1.19167404960009e-05	-0.329151751470303	0.432	0.596	0.350137669253499
C19orf70	1.28490821330959e-05	0.420319658554876	0.147	0.053	0.377531731234624
SCN3B	1.30180921288293e-05	0.402920461917092	0.366	0.224	0.382497582929264
RCAN1	1.36772765340411e-05	-0.526914540982085	0.293	0.387	0.401865739123197
MICOS10	1.42074129383987e-05	-0.36031087583617	0.381	0.54	0.41744220695603
DDX10	1.7877013719236e-05	0.42905679097824	0.297	0.17	0.525262417098593
CAV1	2.16786596501399e-05	-0.415800505395412	0.736	0.831	0.636962377840411
SPRY1	2.24277585683302e-05	-0.322406571489514	0.264	0.417	0.658972402254678
GPS2	2.31790130374572e-05	-0.355883742342346	0.176	0.308	0.681045761066567
MYO1D	2.64102085093185e-05	0.661882441508189	0.143	0.145	0.775984746420795
PHLDA1	2.77569556962051e-05	-0.366486236513377	0.498	0.629	0.815554872265899
CXXC5	3.10913390733545e-05	-0.355567994316521	0.209	0.341	0.913525724653303
LMO2	3.41021607562139e-05	-0.264693579248955	0.689	0.805	1
FABP4	3.46381743605791e-05	0.714406866036762	0.264	0.278	1
AMD1	4.1038575105323e-05	-0.526305293426084	0.505	0.611	1
HLA-DRB5	5.02609753811653e-05	0.439988696497403	0.264	0.142	1
RBMS1	5.46466201559165e-05	-0.360488183108578	0.447	0.531	1
SELENOK	5.8566423023326e-05	-0.362165686767058	0.451	0.572	1
PALM2-AKAP2	6.10773755015693e-05	-0.354375671038657	0.392	0.543	1
DDX5	6.47071197272624e-05	-0.275036689811719	0.872	0.934	1
FAM107B	7.08313323086954e-05	-0.298006569353841	0.67	0.796	1
PLAAT3	7.70221262485833e-05	-0.381991254480417	0.304	0.425	1
CCND1	8.39377214146077e-05	-0.424453889542781	0.399	0.535	1
EPHB4	8.87034316176688e-05	-0.307202659435053	0.22	0.355	1
SEPTIN10	9.07700076671667e-05	-0.315549144986864	0.304	0.447	1
TTN	9.20930621417914e-05	0.539190745922421	0.41	0.308	1
EEF2	0.000109231051064594	-0.277635540912899	0.711	0.817	1
TM4SF18	0.000113520908257576	-0.312070646606584	0.524	0.66	1
EGLN2	0.000115068102790112	-0.281947757762202	0.161	0.284	1
ATP5MD	0.000119520733569279	-0.296413821201672	0.648	0.769	1
MINOS1	0.000127974955054851	0.311251092191413	0.15	0.064	1
CYP1B1	0.000140950804572374	-0.451924934853059	0.267	0.389	1
AHR	0.000144968129231488	-0.333703373180775	0.289	0.411	1
TBX1	0.000155782516983677	-0.298035177715415	0.48	0.583	1
UPK3BL1	0.00016694554339776	-0.296096453470825	0.073	0.158	1
TMEM35B	0.000174026852580136	-0.345551927799682	0.337	0.467	1
BCAR1	0.000175193532193972	-0.351008743251169	0.326	0.451	1
PRKG1	0.000180654404553102	0.788418830712805	0.238	0.194	1
IDS	0.000186455203410869	-0.391163164471684	0.242	0.341	1
KHDRBS3	0.000196294613662876	0.311315309756475	0.223	0.123	1
KRTCAP2	0.000203275960325327	-0.265318027410213	0.59	0.719	1
SH2D3C	0.00020436807707813	-0.345064515365278	0.201	0.324	1
USP53	0.000205811633396997	-0.372691584788549	0.143	0.234	1
SLCO2B1	0.00021458248007986	-0.277628986525121	0.264	0.399	1
NME3	0.000229870333056105	-0.340833995924201	0.297	0.388	1
CTHRC1	0.000237353640225085	0.368793314091513	0.498	0.376	1
CXCL1	0.000246643140836533	-0.564116554236258	0.084	0.176	1
LGALS3	0.00025230438746934	-0.261335493159121	0.802	0.854	1
NR4A1	0.000258686041166442	-0.380919930741241	0.322	0.457	1
KLHL5	0.000269220023781181	0.586390875321034	0.194	0.148	1
CAVIN3	0.000289361734336628	-0.315766551566034	0.179	0.293	1
GAS6	0.000321007488409822	-0.347042953257271	0.293	0.408	1
AC119673.2	0.000332538552299531	-0.370958002884048	0.125	0.22	1
ST6GAL1	0.000345812249517082	0.445741242502352	0.198	0.173	1
LINC01578	0.000348980714285246	-0.346760975066959	0.341	0.471	1
FABP5	0.000358107681591471	0.289840950821121	0.813	0.839	1
COX16	0.000374665709709757	-0.338428680761468	0.326	0.435	1
OAF	0.000416102380498065	-0.297501268176263	0.527	0.645	1
CXCL8	0.000420124577342985	-0.3769423678279	0.161	0.276	1
UACA	0.0004282402863178	0.494899039800771	0.582	0.533	1
CALM2	0.000430538975474375	-0.284503063224904	0.74	0.835	1
RBFOX2	0.000460331692379225	0.457847100057792	0.315	0.334	1
LIF	0.000466479135044433	-0.305325827489235	0.168	0.281	1
MTRNR2L12	0.00048717992462126	0.64707685746629	0.154	0.088	1
TPM4	0.00048833786738402	0.351841132818666	0.875	0.855	1
PEAK1	0.000490898064410532	0.723441352819704	0.3	0.26	1
MCL1	0.000527916844338658	-0.280640664827133	0.608	0.681	1
TLN1	0.000611952264086502	0.304791337814788	0.623	0.628	1
SEPT9	0.000637690610893646	0.293767898141424	0.103	0.039	1
EPS15	0.000644366806338021	0.454056145051936	0.458	0.419	1
PDLIM1	0.000649035023663596	-0.288662870007195	0.652	0.766	1
CCN2	0.00065592995395333	-0.405445888503596	0.194	0.304	1
ENDOD1	0.000687149563468724	-0.27562109952871	0.3	0.414	1
COMT	0.000770081291438456	0.276211277054593	0.546	0.441	1
RELN	0.000771985751290386	0.584370754635892	0.52	0.453	1
FAM89B	0.00077219385947698	-0.287531758867193	0.168	0.275	1
ARHGAP23	0.000787286384716187	-0.300283395899751	0.15	0.254	1
SELENOP	0.000810038880336964	0.353909948823338	0.824	0.818	1
ECPAS	0.000813953821957032	-0.254493585737163	0.099	0.163	1
PLAAT4	0.000876079264703266	-0.343943515137305	0.194	0.293	1
SNRPD2	0.000883797632220546	-0.256363942357275	0.52	0.643	1
L3MBTL4	0.000891119971692673	0.360798124135883	0.125	0.081	1
CDKAL1	0.000921878199993751	0.444880844599355	0.143	0.072	1
CALML4	0.000936342436066652	-0.285305418788152	0.143	0.239	1
COL18A1	0.000966727136563512	-0.291527966754681	0.22	0.323	1
TCF7L1	0.00101788923002008	0.387180062881651	0.187	0.205	1
FKBP1A	0.00102331170112674	-0.271851336618663	0.546	0.667	1
ANTXR2	0.00108073174250011	0.326005861963817	0.245	0.157	1
LRP5	0.00114618668803033	-0.296912850660841	0.183	0.277	1
RALGAPA2	0.00116832745876416	0.413910982830991	0.227	0.235	1
HP1BP3	0.00117692116602104	0.35481433097899	0.645	0.645	1
IMMP2L	0.00119586461918007	0.499304047854539	0.121	0.108	1
PAXBP1	0.00120247089053338	0.434080283266688	0.179	0.142	1
GIMAP8	0.00132640873941851	0.394836797285089	0.527	0.51	1
DMKN	0.00143690111970641	-0.281281514394254	0.205	0.305	1
CHD2	0.00145464161202663	-0.3079568183611	0.223	0.325	1
RBIS	0.00160469042731112	-0.326561778788536	0.392	0.476	1
ING1	0.00169469845367695	-0.251446204110615	0.161	0.258	1
ODC1	0.00175493007103704	0.452215643607977	0.322	0.341	1
SMARCC2	0.00185229709923036	-0.299337338377914	0.201	0.304	1
TLL1	0.00189883629996024	0.412442394591821	0.136	0.08	1
SYNE1	0.00194778316102868	0.383516609500406	0.56	0.511	1
ISG15	0.00207278452017957	-0.559182519396398	0.128	0.211	1
TUBB4B	0.00211806016820614	-0.265223699036043	0.601	0.67	1
PLSCR4	0.00214099447299109	0.261118588169246	0.568	0.583	1
GON4L	0.00220149128062206	-0.284554303841233	0.183	0.252	1
PTTG1IP	0.00225537484553092	0.427863972374242	0.615	0.564	1
CSNK2B	0.00231573709319525	-0.304079202627617	0.396	0.471	1
MT-ND6	0.00244630819606416	0.424087247289789	0.473	0.387	1
FLNA	0.00258425141787708	-0.252079347738299	0.271	0.384	1
MT2A	0.00269820153116308	-0.360439482776167	0.597	0.684	1
IFRD1	0.0028207026687794	-0.337025981127877	0.341	0.437	1
PDLIM2	0.00287009346072011	-0.257557319250556	0.326	0.398	1
CAVIN2	0.00290465114191239	0.292023012211411	0.974	0.982	1
TRIM38	0.00295628537436207	-0.269078053379387	0.114	0.184	1
SHC1	0.00305185996564996	-0.28185550802391	0.484	0.566	1
RABAC1	0.00306652002391217	-0.280492531011135	0.575	0.66	1
ZC3HAV1	0.00308880251732848	-0.296995366099542	0.275	0.36	1
PHPT1	0.0031226653261597	-0.27689392973952	0.418	0.519	1
ATXN7	0.00317520082595222	-0.252954165189993	0.055	0.118	1
ETF1	0.0032349279257004	-0.261317960908388	0.198	0.251	1
APOO	0.00329371529804127	0.316805401679008	0.11	0.061	1
SEPTIN6	0.00333166314372067	-0.286756041589928	0.234	0.299	1
PRELID3B	0.00340494191029052	0.32928083667277	0.22	0.145	1
ABI3BP	0.0034536866595497	0.402284983192055	0.465	0.37	1
IRF9	0.00358344598233045	-0.251855647392086	0.187	0.281	1
FBXL7	0.00366680400895725	0.468145570083791	0.139	0.124	1
PIEZO1	0.00380597104753551	-0.297855744968472	0.253	0.331	1
STARD13	0.00386830965302878	0.447567495368349	0.125	0.094	1
ANKRD36C	0.00393779153937166	0.50025193828405	0.187	0.139	1
ATP5MPL	0.00396640502913622	-0.254929465755595	0.564	0.643	1
MKNK2	0.00401325481528073	-0.329103419636032	0.322	0.41	1
KCTD17	0.00411733305770633	-0.265048521573285	0.256	0.329	1
DIPK2B	0.00436153248885733	-0.264393003986285	0.359	0.465	1
FAM43A	0.00448720920252861	-0.251107420833512	0.289	0.393	1
EFCC1	0.00452792310654686	-0.260243327578413	0.205	0.287	1
SSBP1	0.00460793255950421	-0.250744029506984	0.473	0.569	1
PPARG	0.00463134097426674	0.328830906743048	0.293	0.239	1
KCNQ1OT1	0.00481051197928272	-0.447133110013587	0.158	0.223	1
TCHH	0.00482860819080838	-0.328886144575901	0.114	0.178	1
TCEAL8	0.00485263326661919	-0.286659742879005	0.311	0.407	1
MICOS13	0.00486118245108871	-0.26217265035995	0.311	0.42	1
SASH1	0.00492198902863234	0.468868142418639	0.542	0.535	1
AC007998.3	0.00500074347251587	-0.296128775774733	0.293	0.392	1
NEAT1	0.00502813076912966	-0.362184239060549	0.835	0.901	1
SPIDR	0.00508986863303719	0.38536388222511	0.161	0.101	1
SH3BP5	0.00514928738207789	0.264632250199184	0.359	0.382	1
MYO6	0.00535412342598643	0.516618527110285	0.227	0.22	1
IL10RB	0.00559074038722259	-0.267558505130952	0.15	0.211	1
SCNN1B	0.00574054223574695	0.27696197260034	0.253	0.164	1
A2M	0.00584550389262776	-0.31448220981524	0.469	0.545	1
STX7	0.0060404904841736	0.313656059066606	0.505	0.398	1
IFIT2	0.00607089523169494	-0.303326719162284	0.154	0.233	1
PAPOLA	0.00612683458222949	0.392760612638781	0.575	0.473	1
PLPP1	0.00633422768034605	0.293885074372023	0.425	0.372	1
ROCK2	0.00636402238742688	0.300857579443022	0.487	0.472	1
LDB2	0.00641197311135438	0.432849295836855	0.542	0.511	1
CEP112	0.0065425023745286	0.355941290781725	0.132	0.141	1
LBR	0.00657996264559126	0.317905111254155	0.425	0.329	1
MRPS24	0.00682666644040097	-0.251874241932769	0.267	0.354	1
THBD	0.00683775010454186	-0.275157089505966	0.425	0.529	1
RALGDS	0.00692040118755852	-0.280542877397715	0.275	0.345	1
UBE2S	0.00710629942998603	-0.272781215897988	0.293	0.349	1
DEPP1	0.00717558950131772	-0.426469493513879	0.194	0.231	1
DOCK5	0.00719874892310223	0.55837087389407	0.451	0.424	1
ICE2	0.00734329155913746	-0.283892440482783	0.209	0.286	1
PAM	0.00753806851516782	0.416052736930967	0.282	0.2	1
RAB11FIP1	0.00755370263837797	0.282684023925331	0.685	0.663	1
REEP5	0.00770824681386299	0.275216317842748	0.597	0.53	1
PCBD1	0.00773612584922688	0.274967616372599	0.443	0.347	1
STAB2	0.00775680470969109	0.254810068257718	0.176	0.102	1
HES1	0.00781941868963845	-0.431279969933237	0.56	0.651	1
COLEC12	0.00794306233952206	0.3271172362677	0.637	0.608	1
OSBPL1A	0.00828247500409533	0.29324058436842	0.256	0.192	1
FBXO11	0.00832457437123231	0.609138233651756	0.315	0.275	1
GJC2	0.00844239775012544	-0.258152082443206	0.304	0.404	1
SERPINB9	0.00844265868653278	-0.265539638238101	0.256	0.341	1
TASOR	0.00847976087979489	-0.271687490982757	0.147	0.198	1
SF3B2	0.00865129043607885	0.40933923383075	0.436	0.384	1
NAA20	0.00869403112931466	-0.270249039881135	0.293	0.365	1
LIMCH1	0.00889499201685042	0.301909797340778	0.256	0.264	1
PLEC	0.00906293094196881	-0.257674769958094	0.297	0.376	1
OIP5-AS1	0.00915479884686528	-0.283284866926067	0.161	0.231	1
SDCCAG8	0.0092824747443357	0.417933300531864	0.271	0.266	1
UBE2D2	0.00968928584631372	0.304038611465145	0.531	0.495	1
STAB1	0.0097909882925089	-0.250216227617755	0.088	0.153	1
ARHGEF10	0.00980375767697617	-0.250607297002483	0.132	0.206	1
C5orf56	0.00998746864532951	-0.262810807690271	0.172	0.252	1
ADD3	0.0100650516869221	0.303643447961783	0.788	0.781	1
VOPP1	0.0104053559919508	0.339034354891659	0.187	0.175	1
LMCD1	0.010478380892094	-0.252370477016854	0.201	0.284	1
GNS	0.0105507824792054	-0.255822435665591	0.205	0.29	1
GIMAP6	0.0107008291385464	-0.26106761822144	0.267	0.339	1
PTP4A2	0.0107377603949575	-0.252059671758297	0.319	0.414	1
MARK3	0.0108348207699531	0.335376254380432	0.132	0.19	1
RO60	0.010886030746249	-0.269132274112487	0.293	0.367	1
ATF6	0.0111606228816962	0.542161690474796	0.352	0.28	1
RTN3	0.0112257651276914	0.319162428944967	0.465	0.381	1
PDGFA	0.0113806287740054	0.265813407169982	0.311	0.23	1
DSP	0.0114286625326562	0.430042861139438	0.703	0.649	1
HMGN1	0.0114471401300234	-0.261787118505976	0.535	0.618	1
TTC17	0.011560228558862	0.381223138472156	0.205	0.201	1
DIAPH2	0.0117561985295632	0.255926264227915	0.278	0.205	1
EMCN	0.0118682280853147	0.292482220619087	0.615	0.633	1
SOX4	0.0121913349887423	-0.334979606305435	0.473	0.565	1
GPM6A	0.0124229265791755	0.346150328485748	0.63	0.642	1
CADPS2	0.0124591478479281	0.292961381631011	0.11	0.116	1
STAG1	0.012546499648521	0.375858960405583	0.26	0.213	1
SORBS3	0.0126689192298735	-0.254969296045918	0.238	0.316	1
SCGB1D2	0.012710903685231	-0.263619009102157	0.147	0.228	1
TERF2IP	0.0128736374524803	0.396080585504456	0.396	0.383	1
CENPC	0.0135908482866172	0.285282602537213	0.242	0.257	1
BTAF1	0.01423736718564	0.283641000489169	0.121	0.075	1
GOLGB1	0.0142742760866218	0.440795148552709	0.498	0.507	1
CLEC4M	0.0145177768068803	0.292451258301001	0.128	0.07	1
BORCS7	0.0146830715698355	-0.285225996671245	0.498	0.566	1
CCDC80	0.0147278159894055	-0.26100528042842	0.612	0.702	1
KIFAP3	0.0153773658237483	0.255190722198105	0.293	0.277	1
TSPAN15	0.0153943812763827	0.269117234734309	0.136	0.101	1
PCCA	0.0155466374901758	0.396900342548303	0.143	0.124	1
SOS1	0.0155528688436434	0.274669684215174	0.139	0.153	1
BST2	0.0158156991547046	-0.26566806535631	0.099	0.151	1
SPG11	0.0159361665527408	0.283848888744469	0.139	0.083	1
CLIC2	0.0160077115138827	0.293650192038134	0.407	0.352	1
PLXNA2	0.0161864134357497	-0.250043218954118	0.161	0.227	1
ADAMTS4	0.0164861443399898	-0.260268594978031	0.059	0.101	1
ELP4	0.0165634431149355	0.313881540095435	0.11	0.073	1
CHMP1B	0.0167763205030351	-0.254606245865372	0.267	0.341	1
PHF21A	0.0168557040400238	0.334803231950855	0.11	0.094	1
FGD6	0.0175244677934116	0.459609540348178	0.15	0.107	1
AGAP1	0.0175289389595108	0.294124742082593	0.143	0.082	1
ITGA5	0.0175564135068073	0.351078730297475	0.179	0.189	1
KIAA1109	0.017719491777223	0.393432030429497	0.348	0.292	1
ZNF37A	0.0180951619594877	-0.277486075377509	0.132	0.193	1
MAFF	0.0187047043518497	-0.278936683493352	0.498	0.576	1
FBXW7	0.0193384368892608	0.48222427822154	0.154	0.131	1
RUFY2	0.0194302521477128	0.340981745111658	0.223	0.186	1
OSBPL10	0.019673244642681	0.279948531365625	0.136	0.088	1
NF1	0.0198789298686001	0.278603541568989	0.172	0.176	1
SMC5	0.0208274022925634	0.362251935321508	0.275	0.224	1
SMCHD1	0.021257374936685	0.314774202393192	0.37	0.286	1
IFI6	0.0225708545178289	-0.302656665526361	0.179	0.257	1
PTX3	0.022755735039551	-0.26301164513658	0.26	0.347	1
EML4	0.023714546484988	0.372570644383872	0.286	0.234	1
ARHGAP26	0.0241794668900709	0.352698828964659	0.267	0.24	1
ITSN2	0.0245230980638636	0.346517979947355	0.249	0.228	1
ALDH2	0.0245623795646737	0.272378875685993	0.502	0.443	1
PLEKHA4	0.0245796319585865	0.268538013783672	0.154	0.164	1
PDE4D	0.0250081642748676	0.464893305663556	0.143	0.11	1
CCT5	0.0251040886268906	0.251719918999048	0.538	0.458	1
PHF20L1	0.0253982361339154	0.377383282375551	0.289	0.283	1
FAM84A	0.0256234264301762	0.367182463113739	0.125	0.071	1
EPB41	0.0264793284097067	0.422594261776884	0.136	0.099	1
LINC-PINT	0.026683796822821	0.267651388245035	0.3	0.347	1
RNF152	0.0268726709781171	-0.275278850128863	0.242	0.305	1
PDLIM5	0.0279944009057223	0.325468957605217	0.165	0.183	1
NIN	0.0281208694471826	0.287102542463881	0.154	0.098	1
ETS1	0.029677158002595	0.292426093557281	0.586	0.539	1
SGSM1	0.0301496957609262	0.276563992167214	0.106	0.073	1
ERC1	0.0304311672543732	0.379180863292334	0.201	0.149	1
MT-ND5	0.0315325340430948	0.337107118221858	0.945	0.954	1
CALCOCO2	0.0315769236564447	0.272423493919916	0.484	0.518	1
PDS5B	0.031845649441652	0.270779610968279	0.179	0.192	1
PPP2R3C	0.0320206828837012	0.289497838568252	0.242	0.182	1
TUBB6	0.0332496223334165	0.318679621762245	0.535	0.48	1
PNN	0.0333081518657992	0.337688469640996	0.476	0.463	1
ARID2	0.0349070855706535	0.309030744980126	0.117	0.099	1
AC020916.1	0.0361411483180071	-0.274540028049256	0.275	0.358	1
RAPGEF1	0.0361699035153021	0.263574257824485	0.11	0.093	1
HSCB	0.0363214983242379	0.259997172224456	0.15	0.14	1
PTPN14	0.0371451107700979	0.287413322939596	0.491	0.484	1
ADAMTSL3	0.0372329410873247	0.336664472411239	0.139	0.084	1
ERLIN1	0.0380308417284867	0.350985258653928	0.136	0.093	1
JMJD1C	0.039540718547544	0.444017292986877	0.63	0.672	1
CD151	0.0401594644090343	0.259050825111476	0.725	0.661	1
CDKL1	0.040643718238195	0.320038357603203	0.183	0.153	1
HTATSF1	0.0413684352196312	0.254532973310786	0.19	0.188	1
NOP56	0.0423949294694678	0.396819912933352	0.293	0.31	1
ANGPT2	0.0427843186775948	0.347892082918596	0.645	0.66	1
CEBPB	0.0430112252991121	-0.255671569094429	0.293	0.341	1
THOC2	0.0439135693607114	0.254379270802142	0.341	0.305	1
ZEB1	0.044591748380732	0.366378475077095	0.374	0.375	1
GKAP1	0.0448407656656705	0.386114209093875	0.139	0.099	1
HNRNPU	0.0454863053469243	0.31066316759937	0.733	0.718	1
PHC1	0.0458577795893276	0.25642569732114	0.121	0.073	1
EFNA5	0.0464375390350225	0.390055204085077	0.549	0.527	1
TMTC1	0.0474370128145703	0.261188303281444	0.165	0.107	1
ZBTB20	0.0477232350639864	0.37232922605465	0.575	0.573	1
PLEKHG1	0.0493875000267165	0.526263310330062	0.234	0.233	1
LRMDA	0.0496559675529373	0.454780377078762	0.289	0.288	1
SRSF4	0.0501173454202626	0.459871198970968	0.407	0.382	1
DKK3	0.0508993304028068	0.271774862213038	0.495	0.431	1
CD2AP	0.0520357530680232	0.340357914880005	0.253	0.22	1
NEDD4	0.0526452307919833	0.346960909979449	0.249	0.196	1
RSU1	0.0530634809672599	0.352657621367534	0.322	0.271	1
TBC1D5	0.0532004913511071	0.42346834391908	0.278	0.28	1
MORF4L2	0.0544819171593344	0.321071197611716	0.516	0.44	1
LAMA4	0.0548303514647588	0.409451655135566	0.656	0.618	1
TMX4	0.0555328016890684	0.284114235393376	0.429	0.428	1
BDP1	0.0565856423358121	0.264953604918767	0.396	0.395	1
GAB1	0.0570154187606985	0.266423116383195	0.216	0.159	1
CSPP1	0.0596898087685721	0.279596566382634	0.161	0.137	1
FCHO2	0.0597591665978292	0.264422812874849	0.289	0.275	1
LHFPL6	0.0598107734007187	0.300149930029917	0.527	0.478	1
NDEL1	0.0600315245099012	0.268910563089185	0.19	0.141	1
FN1	0.0621418450240955	-0.258571170897754	0.451	0.507	1
ABLIM3	0.0623450565191927	0.279608945584105	0.19	0.143	1
MAML2	0.0631838494701432	0.275460292073533	0.308	0.282	1
AUTS2	0.0642073190061624	0.416948014243914	0.154	0.117	1
TANC2	0.066850494760006	0.28263141793034	0.165	0.147	1
SLC9A9	0.0673367111260561	0.320106397632555	0.205	0.187	1
ZFC3H1	0.067424793364566	0.366414949469769	0.216	0.181	1
SH3D19	0.0680297667190082	0.487921469705293	0.286	0.259	1
NR2F2-AS1	0.0683317637096256	0.458927008132087	0.22	0.183	1
MT-ND4L	0.0685730467478922	0.278879718916906	0.736	0.688	1
UBR1	0.0689684209882609	0.457881207132536	0.161	0.14	1
NKTR	0.0693102792599633	0.296364877776546	0.601	0.582	1
C1orf21	0.069852396943458	0.279042034216603	0.524	0.522	1
TMOD2	0.0720703676863603	0.264394068933439	0.256	0.204	1
CTNNB1	0.0722027944683673	0.280684993514856	0.535	0.481	1
SYNE2	0.0734947959275575	0.294248887292951	0.414	0.401	1
TSC22D1	0.0742557886052869	0.288011215209584	0.392	0.357	1
ZFPM2	0.0744079936450849	0.378341447899324	0.15	0.142	1
PARP14	0.0751900144850169	0.3602247169394	0.403	0.336	1
PRPF31	0.076060592737919	0.265522702024514	0.286	0.252	1
DFFA	0.0783557999286388	0.260193748855971	0.286	0.227	1
RECQL	0.0790653406759458	0.285261956931869	0.399	0.324	1
FAM114A1	0.0794703594586225	0.312356878500497	0.249	0.213	1
ELF1	0.079473086783206	0.338938685973438	0.546	0.511	1
GRB2	0.0827532409913896	0.323599556342215	0.326	0.32	1
FARP1	0.0837396687126427	0.277232685923802	0.238	0.178	1
KLHL4	0.084381065631879	0.296432450414328	0.403	0.405	1
PPIG	0.0859741154574616	0.301200415480962	0.575	0.522	1
LAMC1	0.0888829212656925	0.338415224572763	0.392	0.325	1
MAP4	0.0897784799162025	0.278571508379191	0.48	0.465	1
C6orf141	0.0905384087259319	0.301361014782467	0.315	0.299	1
USP3	0.0921750359869587	0.355389676001196	0.154	0.108	1
TCF12	0.0937821188373096	0.295381694801596	0.245	0.214	1
MAPKAP1	0.0949512940176652	0.306743291823743	0.216	0.165	1
NHSL1	0.0959389011119561	0.314994103319853	0.117	0.086	1
RFX3	0.0977301842364191	0.370932806517983	0.11	0.093	1
ZMYND11	0.101815420523785	0.369656106369219	0.289	0.28	1
SFRP4	0.104906930805961	0.279275603268658	0.139	0.093	1
HECW2	0.105238076561294	0.323267060048774	0.179	0.184	1
KANSL1L	0.107577825337353	0.33698944954098	0.121	0.093	1
NSD3	0.10848818288836	0.296218904311643	0.447	0.408	1
METTL7A	0.109871087610756	0.2894178861369	0.282	0.266	1
PARP1	0.109957449794574	0.272108173395692	0.355	0.308	1
RHOJ	0.110568565741777	0.370305480206285	0.608	0.63	1
TRIP11	0.112229809631657	0.257035176559174	0.344	0.382	1
SLC2A3	0.112413837751733	-0.260494396719043	0.231	0.271	1
MACF1	0.119866202472801	0.289473106398586	0.63	0.577	1
UBR3	0.119883878156818	0.283290592500919	0.172	0.125	1
LRRFIP2	0.119893555343233	0.253433178882591	0.253	0.233	1
LINC01197	0.12179502241855	0.295025756101573	0.407	0.351	1
DNAJC21	0.121920291817402	0.286807980082215	0.392	0.34	1
PPP2R5C	0.121991007779956	0.295879598870804	0.315	0.276	1
DPYD	0.124042010631215	0.290999265545462	0.128	0.123	1
SEC24B	0.126178029020184	0.328792327803099	0.117	0.082	1
HIP1	0.127967996627824	0.292750207628199	0.198	0.175	1
SRP72	0.128613272542555	0.265211365065437	0.377	0.322	1
MTX2	0.135263690522898	0.281852174502259	0.212	0.194	1
NTS	0.135522270501791	0.617867739502643	0.267	0.235	1
GOLGA4	0.136083744222105	0.344042694634743	0.476	0.449	1
RAP1GDS1	0.138106761974075	0.274425334300644	0.158	0.155	1
TRIO	0.139388581993694	0.280509647025097	0.15	0.141	1
HERC2	0.142507352267177	0.303346899520075	0.161	0.159	1
BRD8	0.144893091323228	0.450440287462332	0.187	0.148	1
DNM2	0.153390966811584	0.351502573102655	0.19	0.152	1
ABCD4	0.155412279376566	0.251952435235481	0.15	0.153	1
PABPC1	0.156066269259333	0.374823756496305	0.784	0.786	1
WNK1	0.159104017678448	0.317947261571446	0.458	0.434	1
TEK	0.160176833054442	0.265466461313252	0.194	0.184	1
SLMAP	0.162713473690902	0.287554985362174	0.117	0.108	1
KIAA1217	0.164957156785808	0.467848961054054	0.158	0.166	1
MAP1B	0.165193854855434	0.259175619195869	0.531	0.536	1
CNTRL	0.16564809929539	0.331928870395972	0.106	0.083	1
CFLAR	0.166772642730506	0.359907990501007	0.355	0.342	1
EBAG9	0.169321675179732	0.33239659099714	0.286	0.263	1
CAMTA1	0.172569933661794	0.25996790098445	0.355	0.352	1
CBLB	0.174606003474271	0.271179682084326	0.103	0.09	1
DOCK1	0.179703111178757	0.382948906860592	0.253	0.239	1
CDK5RAP2	0.185376977333516	0.504382981469875	0.103	0.106	1
BAZ2B	0.191259162631342	0.309245316281891	0.37	0.355	1
IL7	0.196274576812402	0.463240956593078	0.381	0.355	1
MCPH1	0.201509948377737	0.251367167493468	0.201	0.178	1
NUMB	0.201637843245148	0.26825605246559	0.3	0.312	1
HSPH1	0.21306728027697	0.389388165664396	0.366	0.33	1
SMU1	0.215969096824922	0.264870862241654	0.271	0.247	1
ELMO1	0.216502487811247	0.28262911259603	0.161	0.16	1
ST6GALNAC3	0.21855546783121	0.279542595286031	0.234	0.237	1
SENP7	0.228599282034707	0.254708795299389	0.223	0.205	1
YPEL5	0.229756108098183	0.255210063990791	0.363	0.308	1
ATP6V1E1	0.235454152726722	0.301226001406609	0.311	0.3	1
FRYL	0.241116037718111	0.276008990472151	0.209	0.213	1
FRMD4B	0.242448061968198	0.270160559889118	0.527	0.557	1
STK32B	0.246409826292951	0.26193121808775	0.161	0.158	1
TACC1	0.256314040504803	0.275378632783936	0.564	0.59	1
RBM6	0.257248739820293	0.288530743797951	0.253	0.216	1
GSK3B	0.262599602412437	0.263809850801236	0.223	0.183	1
MKLN1	0.264455683804435	0.340459015200869	0.205	0.219	1
CCDC88A	0.267274176677094	0.32865901195257	0.399	0.382	1
UNK	0.267339882835693	0.27792530131107	0.121	0.094	1
SRPK2	0.26836876079031	0.311901993063582	0.22	0.211	1
GLRX	0.270084338089098	0.273745471430608	0.139	0.123	1
NOL8	0.272850898748107	0.338179566494616	0.15	0.16	1
APOD	0.274915795539866	0.268267796000174	0.359	0.361	1
HOMER1	0.291794734020153	0.401652005879422	0.121	0.106	1
PHLDB2	0.293997445697219	0.294748823496037	0.377	0.367	1
DDX46	0.296499368301117	0.279375895416252	0.396	0.405	1
VEZT	0.303133328003473	0.250706081821271	0.249	0.276	1
DOCK4	0.30668328336771	0.380400186978079	0.125	0.104	1
TMEM44	0.318480976678964	0.26461012285781	0.121	0.094	1
KCMF1	0.329792648120789	0.27163160146783	0.216	0.204	1
TOB2	0.333600979696708	0.289557208110146	0.333	0.311	1
ADAMTS9	0.337633542764618	0.380837163042985	0.234	0.23	1
MT-ATP8	0.339007163748337	0.302245238437329	0.267	0.275	1
SENP6	0.353360205351712	0.254752397477763	0.348	0.313	1
MLH3	0.381642992393513	0.25072735294985	0.158	0.135	1
ZC3H13	0.415621061043308	0.271826843111659	0.396	0.398	1
SDHA	0.435019229331199	0.251639850649515	0.176	0.178	1
ZSWIM6	0.440465248882319	0.262319441729404	0.168	0.153	1
MSRB3	0.465619131230596	0.28316439501686	0.454	0.424	1
CREB5	0.519707207710531	0.318986601663031	0.293	0.28	1
STC1	0.519946847033629	0.375534928299634	0.147	0.133	1
TCEAL1	0.556106393605904	0.287438036453542	0.179	0.189	1
ATP6V1D	0.58031927768055	0.318178626462447	0.212	0.188	1
TMEM245	0.59740024405881	0.25679312979971	0.245	0.235	1
UBE2H	0.609257341972235	0.299721446769786	0.319	0.316	1
ROCK1	0.655826916980805	0.280870918746249	0.476	0.48	1
PIEZO2	0.808750056556042	0.274764604248589	0.425	0.43	1
ARID1B	0.994454904398393	0.271912878729396	0.352	0.348	1
