	p_val	avg_log2FC	pct.1	pct.2	p_val_adj
CRIP1	6.84628693771893e-30	-1.67174604803929	0.361	0.667	2.01157602804058e-25
MUSTN1	3.5107178971059e-26	-1.41890560020475	0.168	0.549	1.03151913252765e-21
RERGL	1.09109109434883e-22	-0.714150141429262	0.239	0.608	3.20584385341572e-18
RPL17	1.58502328487663e-20	-0.966869563094118	0.625	0.835	4.65711541562451e-16
NIBAN1	7.21175340268223e-18	-0.52079041381321	0.086	0.352	2.11895738477609e-13
RPL36A	1.78708691331852e-17	-0.590246727208248	0.786	0.85	5.25081876871247e-13
ZFP36	7.71176327788528e-17	0.816124647177434	0.9	0.869	2.26587028630825e-12
RPL39	9.40628185096691e-17	-0.567456286964315	0.9	0.953	2.7637537334511e-12
CCN1	1.17481191646893e-16	-0.589665113088435	0.175	0.478	3.451832372969e-12
EEF1G	1.58417085356957e-16	-0.858228179346544	0.304	0.628	4.65461080195812e-12
CNN1	2.8016477500648e-16	1.03825151724305	0.679	0.559	8.23180141924039e-12
DES	3.26071875945243e-16	1.56835214672999	0.446	0.251	9.58064385902314e-12
NME2	5.2664781894558e-16	-0.856709919171565	0.239	0.554	1.5473966216259e-11
IGF1	6.95008340731925e-16	-0.580414755645321	0.104	0.377	2.04207350673854e-11
PTGDS	7.34280438725756e-16	-1.22640433024484	0.275	0.579	2.15746278506401e-11
NET1	1.46466251617962e-15	-0.631336834831299	0.196	0.5	4.30347140503895e-11
SEPTIN2	1.85650352820438e-15	-0.786259363285923	0.146	0.433	5.4547786665701e-11
DUSP1	2.31755562458993e-15	0.832162054815747	0.786	0.778	6.80944193617014e-11
SEPTIN7	5.75886277881423e-15	-0.671073556811963	0.282	0.591	1.6920690616712e-10
RPL28	8.25475271398003e-15	-0.481645024986358	0.921	0.924	2.42541144242161e-10
SEPT7	1.98216722067378e-14	0.817644059739159	0.621	0.318	5.82400372778371e-10
ID3	4.24350691921015e-14	1.15096111397195	0.711	0.53	1.24682720300232e-09
CSRP1	7.05259417039407e-14	0.749481264048845	0.814	0.778	2.07219321914518e-09
SNHG32	1.65773680075654e-13	-0.570426339878266	0.154	0.416	4.87076226798285e-09
MIF	1.80717674588971e-13	-0.847096208216021	0.35	0.606	5.30984671477316e-09
SNHG29	2.40828682000258e-13	-0.720189791679176	0.254	0.542	7.07602833453159e-09
C2orf40	2.46202033643252e-13	0.785129718823829	0.554	0.266	7.23390815250602e-09
PHLDA2	3.78902779490725e-13	-0.768961182529466	0.111	0.355	1.11329214669965e-08
RNASEK	5.18424064066864e-13	-0.72467513187079	0.229	0.5	1.52323358504126e-08
RPL26	5.87258468807121e-13	-0.501545947469142	0.9	0.946	1.72548283304908e-08
IGSF10	7.17383505996958e-13	-0.363372794659197	0.021	0.192	2.10781621732026e-08
GAS5	8.03326168820676e-13	-0.550239716345491	0.254	0.53	2.36033294922891e-08
CYR61	1.12893611715141e-12	0.871843168299678	0.446	0.185	3.31704009941429e-08
JUNB	1.66992049899272e-12	0.581604632684693	0.936	0.941	4.9065604101404e-08
HSPA6	2.73030829140913e-12	-1.05923408302554	0.068	0.276	8.0221918218183e-08
MT2A	2.94376484231507e-12	-0.828234816057936	0.771	0.901	8.64936985969013e-08
MICOS10	3.04695818047477e-12	-0.885166337263683	0.207	0.461	8.95257252587097e-08
LINC-PINT	3.14435454377226e-12	-0.447048547386702	0.093	0.313	9.23874252051165e-08
DPT	3.23790573991168e-12	-0.682319097563631	0.1	0.33	9.5136146450085e-08
MEG8	5.50250730788125e-12	-0.719435427864889	0.054	0.249	1.61674669720167e-07
RPS26	6.34018280850009e-12	-0.427327939070718	0.868	0.889	1.86287251279349e-07
OGN	6.38417357421016e-12	-0.744175050394328	0.254	0.52	1.87579787957443e-07
ACTG2	1.03536759293403e-11	1.17708810289606	0.493	0.347	3.04211706155877e-07
HSP90AA1	1.18230703442406e-11	-0.512259248925662	0.918	0.946	3.47385452854478e-07
EIF4A1	1.37962466540747e-11	-0.673144761593456	0.586	0.754	4.05361319190023e-07
PDLIM3	1.96101463185102e-11	0.777030633006899	0.643	0.478	5.76185319130468e-07
ANGPTL1	2.66301045446232e-11	0.778231594085641	0.529	0.286	7.82445731730119e-07
SFRP1	4.65745670698909e-11	-0.78193937801804	0.221	0.475	1.36845392964753e-06
DBNDD2	1.1150618457999e-10	-0.412816542187829	0.132	0.345	3.27627471532927e-06
FAM96B	1.18211830787494e-10	0.564305359067918	0.293	0.096	3.47330001219814e-06
FBLN1	1.30808169552518e-10	-0.662232893760806	0.304	0.559	3.84340563779207e-06
C9orf3	1.87503318748109e-10	0.569500254964428	0.321	0.113	5.50922251145693e-06
PALLD	2.24932899796162e-10	0.44312170646015	0.711	0.729	6.60897846181084e-06
MRPS24	2.3081809258779e-10	-0.472374522247613	0.132	0.352	6.78189719641443e-06
NRP2	3.75569635154386e-10	0.326104448779629	0.2	0.044	1.10349870201062e-05
LMOD1	4.48738307023923e-10	0.63629022784583	0.814	0.704	1.31848289369769e-05
LBH	4.53750175252296e-10	-0.655344704294726	0.318	0.567	1.3332087649263e-05
PDE4C	5.29386101105859e-10	-0.279470367626614	0.025	0.167	1.55544224226924e-05
SNHG5	5.37945436265218e-10	-0.545294677381751	0.207	0.438	1.58059128083446e-05
NEAT1	6.3467792131281e-10	-0.497204719649648	0.846	0.926	1.8648106684013e-05
RPS21	6.48107423062596e-10	-0.299793668224821	0.925	0.951	1.90426923044252e-05
LINC01578	6.78951243168825e-10	-0.42022810892384	0.164	0.379	1.99489454267864e-05
BGN	8.35127297713782e-10	-0.579545969501065	0.293	0.539	2.45377102614263e-05
MAP3K7CL	9.64992069737856e-10	-0.60635326955163	0.064	0.236	2.83533969930377e-05
RPS28	1.11845934983577e-09	-0.36837466357694	0.954	0.975	3.28625726168747e-05
TASOR2	1.21524804091182e-09	-0.333371803851095	0.029	0.17	3.57064179380711e-05
AOPEP	1.22154151577925e-09	-0.409820724007541	0.111	0.31	3.58913328166259e-05
MYLK	1.364382996409e-09	0.628474825925815	0.85	0.83	4.00883012004893e-05
MYH10	1.57115283633459e-09	0.830119577707108	0.379	0.219	4.61636126371828e-05
PRXL2C	2.01382946928271e-09	-0.429509580419231	0.064	0.236	5.91703374664645e-05
ATP6V0C	2.0257165074258e-09	-0.514302516072561	0.136	0.345	5.9519602421185e-05
RBIS	2.21881578295006e-09	-0.493114553375485	0.164	0.382	6.51932453346387e-05
KCNQ1OT1	2.43176674286158e-09	-0.830344985362759	0.404	0.626	7.1450170438759e-05
AEBP1	2.45900694949743e-09	0.57609629840811	0.718	0.658	7.22505421901334e-05
SPARCL1	2.56507285235322e-09	-0.425349325379171	0.918	0.914	7.53669705478422e-05
IGKC	3.3423734206856e-09	-2.26368100747958	0.125	0.02	9.82056158465842e-05
CCN2	3.80021875206182e-09	-0.374264266695844	0.125	0.313	0.00011165802737308
NGRN	4.01184897123107e-09	-0.45526791456034	0.154	0.365	0.000117876146472711
SYNPO2	4.33288401766833e-09	0.435743655600129	0.793	0.818	0.000127308798207131
MEG3	4.55965575121262e-09	-0.67491683730955	0.254	0.485	0.000133971805282129
WTIP	5.00058336357441e-09	-0.342777300819195	0.211	0.433	0.000146927140388543
RPS2	5.17149510839589e-09	-0.358352089346648	0.929	0.958	0.000151948869274888
IFI27	5.35472382945211e-09	-0.512203511003451	0.096	0.283	0.000157332495556962
IL6	7.12095012911909e-09	-0.404581681291878	0.179	0.379	0.000209227756693777
LPP	7.43427491941032e-09	0.479967307817766	0.782	0.783	0.000218433865682114
TNFAIP3	7.47329825201582e-09	-0.683798535663128	0.075	0.246	0.000219580449240729
CTGF	7.72421144451316e-09	0.474818519256807	0.243	0.081	0.000226952780662686
C8orf59	7.83203048214248e-09	0.451619305163435	0.318	0.126	0.00023012071962631
BTG2	8.92756562813117e-09	0.492146123198382	0.843	0.84	0.00026230973328575
FRZB	1.06148861539804e-08	-0.527850034820422	0.218	0.438	0.000311886584976251
GNG10	1.06547461364696e-08	-0.340311250760212	0.114	0.3	0.00031305775098175
CST3	1.10432711752288e-08	0.647662403482941	0.861	0.793	0.000324473393670573
GAS1	1.1067573562299e-08	-0.312918660760448	0.096	0.273	0.000325187446407468
ACTA2	1.34459971549348e-08	0.416424230189043	0.932	0.963	0.000395070288406294
DNAJA1	1.61517998623747e-08	-0.477468817472187	0.725	0.833	0.000474572183556294
CIAO2B	1.61519552998135e-08	-0.325340463428949	0.111	0.288	0.000474576750619122
CKB	1.71270554310071e-08	0.512483620878831	0.707	0.653	0.00050322714267385
YBX3	1.75919230022065e-08	-0.497963529106846	0.811	0.904	0.000516885881650832
TSC22D1	1.87594218705729e-08	0.570816710257993	0.825	0.798	0.000551189333401173
LHFPL6	2.13350168318997e-08	0.584094274209792	0.689	0.515	0.000626865464554878
ADIRF	2.4214006390805e-08	-0.467797251804932	0.911	0.956	0.000711455935774633
SOD2	3.33269080229081e-08	-0.827978733238508	0.496	0.581	0.000979211211529087
ATF3	4.50758807483776e-08	0.698196241900781	0.829	0.83	0.00132441952814883
RPS17	4.5100191328299e-08	-0.442662098740946	0.625	0.736	0.00132513382160808
RPS5	4.90907370462229e-08	-0.309531706824607	0.921	0.943	0.00144238403589212
RPS23	5.10120668429874e-08	-0.296781655373495	0.957	0.958	0.00149883654798066
BAG3	5.24527763982585e-08	-0.624182572681833	0.314	0.505	0.00154116747613363
MINOS1	5.57610963400653e-08	0.507501553184535	0.396	0.195	0.0016383725326638
COL18A1	6.15425039882709e-08	-0.499765310968883	0.282	0.498	0.00180824185218337
PPP1R14A	6.26378515191065e-08	0.532760276208944	0.725	0.64	0.00184042535333439
FOS	7.41287433686191e-08	0.624279655746808	0.929	0.919	0.00217805073765677
LDLR	9.23795645276428e-08	-0.481848212681945	0.321	0.53	0.0027142963649512
MICOS13	1.50563600902803e-07	-0.461297812547033	0.129	0.308	0.00442385972172616
PLIN2	1.56209439164008e-07	-0.553772710535531	0.157	0.335	0.0045897457415169
FHL1	1.60602672738818e-07	0.471926387237359	0.739	0.7	0.00471882773041195
GABARAP	1.80314109650137e-07	-0.442280435170127	0.361	0.574	0.00529798916974032
RPL23A	1.98553331142004e-07	-0.304244478902898	0.929	0.961	0.00583389397561437
RPL18	2.13661983860044e-07	-0.36070235643338	0.918	0.941	0.00627781640977581
CRABP2	2.20061387710095e-07	-0.26038698722481	0.071	0.217	0.006465843693698
FKBP2	2.6042673289888e-07	0.485808401503997	0.318	0.143	0.00765185826603488
SEPT2	2.65781883951318e-07	0.461433913821187	0.375	0.187	0.00780920331425762
ZC3HAV1	2.6896223946539e-07	-0.640378174098055	0.45	0.65	0.00790264851997209
VIM	2.77860154713134e-07	-0.342566342804788	0.961	0.983	0.00816408706578131
RPL23	2.84061637146384e-07	-0.358293569104055	0.904	0.938	0.00834629902263507
KRT19	3.10902512896834e-07	-0.456018099618144	0.107	0.273	0.00913493763393477
IER2	3.48202067265195e-07	0.519929304887512	0.85	0.82	0.010230873140386
MME	3.52635324901615e-07	0.40441193459071	0.154	0.037	0.0103611311162592
S1PR3	3.71078149004912e-07	-0.404644215058592	0.143	0.32	0.0109030181740623
ATXN7	3.78086752812604e-07	-0.355064627152304	0.071	0.219	0.0111089449711399
UBA52	3.84893640041574e-07	-0.350190678021677	0.864	0.899	0.0113089449317015
HSPE1	4.5002864556134e-07	-0.494293315929411	0.607	0.756	0.0132227416638833
EDIL3	4.53202115642506e-07	0.583799858387744	0.436	0.281	0.0133159845618081
C19orf70	5.00569713221801e-07	0.376032352786711	0.264	0.106	0.014707739313883
PSMA6	5.58060600196996e-07	-0.360122068377875	0.139	0.313	0.0163969365549881
TRDN	5.66687781790387e-07	0.669715488842276	0.243	0.099	0.0166504204045651
SRGN	6.05120629598606e-07	-0.78213606648112	0.189	0.335	0.0177796543388662
EGR1	6.34617371359371e-07	0.582020205874638	0.911	0.874	0.018646327605281
CDC42EP3	6.34938442991547e-07	0.570112092062185	0.311	0.148	0.0186557613319776
CPED1	6.36202969607643e-07	0.489058587104002	0.479	0.337	0.0186929156530118
TRAPPC5	6.58895863723824e-07	-0.336419016656752	0.107	0.268	0.0193596782679334
MYL9	6.64204768612559e-07	0.521234581881475	0.936	0.966	0.0195156645113742
MT1X	7.51330705062325e-07	-0.612638419928154	0.475	0.633	0.0220755987761412
MGP	7.89683921944328e-07	0.548913018892264	0.821	0.852	0.0232024929945682
SLC25A44	8.31819631232486e-07	-0.404653704491213	0.1	0.254	0.0244405244048729
FAM129A	8.76685700610032e-07	0.495648811791423	0.307	0.14	0.025758779255324
THBS1	9.10263885877498e-07	0.353050200638749	0.596	0.687	0.0267453734948527
CCL2	1.01485005947674e-06	0.297664807469163	0.432	0.591	0.0298183244475456
HSP90AB1	1.04592264432107e-06	-0.329860570714639	0.946	0.958	0.0307312991354416
MT1A	1.11127837357158e-06	-0.537806948024869	0.482	0.677	0.0326515811722801
NEXN	1.26609588732214e-06	0.279813803982328	0.636	0.667	0.0372004293612991
RRBP1	1.35049010113398e-06	-0.42280876044477	0.279	0.47	0.0396801001515187
WISP2	1.41443316388091e-06	0.479967417052043	0.157	0.042	0.0415588752211489
GSTM5	1.42153713629405e-06	-0.412510496183314	0.179	0.352	0.0417676041385919
RPS27	2.262072958243e-06	-0.293763003915291	0.968	0.988	0.0664642276590958
ABCC9	2.44868981800516e-06	0.507260351169538	0.5	0.318	0.0719474042326278
TOB1	2.45664853013885e-06	0.527056745194804	0.657	0.576	0.0721812471125396
RPL41	2.96444005575954e-06	-0.332745062643047	0.954	0.978	0.0871011777183268
CAST	3.03074606130721e-06	0.308387237212896	0.693	0.704	0.0890493807733283
DST	3.20735070790358e-06	0.513005686090638	0.721	0.64	0.0942383784996229
RPS9	3.4348554589881e-06	-0.275994977680366	0.932	0.946	0.100922923095988
AES	3.7147565749733e-06	0.41876480750616	0.236	0.096	0.109146977685865
CD151	3.87993408163461e-06	0.466118305430243	0.593	0.512	0.114000223186588
VCL	4.05414995048369e-06	0.367034707354474	0.604	0.559	0.119119033845112
DANCR	4.51512385884004e-06	-0.277338230015932	0.079	0.212	0.132663369220438
S100A4	4.68595413764257e-06	-0.381208872313874	0.793	0.901	0.137682704472214
DNAJB9	4.77814922564484e-06	-0.439429736127003	0.268	0.451	0.140391580547897
NR4A1	4.82629675554296e-06	0.360262126709637	0.879	0.874	0.141806251271363
TCEAL3	5.27016724401455e-06	0.547980239546179	0.482	0.36	0.154848053963636
ITM2C	5.63145667627003e-06	0.460271545597203	0.329	0.212	0.165463460062166
IGFBP7	5.82284685762101e-06	0.261294543681867	0.939	0.975	0.171086886370621
TPM2	6.18029019143723e-06	0.394862976951392	0.914	0.941	0.181589286404809
ADD3	6.69301837238984e-06	-0.337134525373059	0.107	0.251	0.196654265817558
ITGA1	6.71107524766995e-06	0.358934505572962	0.414	0.239	0.197184812927039
FHL2	7.10339695067912e-06	0.401535377410333	0.443	0.264	0.208712009204854
TUBA1B	7.26929378599577e-06	0.386039146800191	0.775	0.712	0.213586390020128
TOMM6	7.47447724065812e-06	-0.317736003601983	0.161	0.318	0.219615090285017
RPL29	7.58739075772208e-06	-0.309855140442144	0.907	0.941	0.22293271524339
KDM6B	8.48928412848578e-06	-0.423635028041911	0.293	0.466	0.249432146263169
SELENOH	9.16766264965649e-06	-0.279630429596551	0.246	0.419	0.269364263972207
SNHG16	9.5814623758812e-06	-0.308372496552478	0.107	0.246	0.281522527528141
CSGALNACT1	1.15436085146908e-05	0.253017226315259	0.207	0.089	0.339174305378646
PRUNE2	1.21323318981637e-05	0.313881472765948	0.25	0.111	0.356472175831847
PPDPF	1.33822232742767e-05	0.421743183800743	0.614	0.581	0.393196484244797
RPL37	1.44467637063137e-05	-0.257999108410201	0.946	0.953	0.424474811218909
PALM2-AKAP2	1.4809784924847e-05	-0.306251066608116	0.089	0.219	0.435141100661856
SOCS3	1.58516407267697e-05	0.391670769580632	0.732	0.766	0.465752907833947
RPL36	1.59126999700408e-05	-0.278103597304895	0.907	0.931	0.46754695051974
CCNH	1.63255802330051e-05	-0.309993203454507	0.361	0.542	0.479678198406157
FST	1.64479048839059e-05	0.500130466892728	0.239	0.108	0.483272341298922
BCHE	1.72114674157453e-05	0.385386245013455	0.268	0.14	0.505707335609428
RAMP1	1.72247079595746e-05	-0.376767439070063	0.418	0.596	0.506096369268221
UBE2V1	1.7722992716591e-05	-0.31320300338589	0.136	0.283	0.520736971998878
ID4	1.84774111454155e-05	0.667166679952201	0.682	0.603	0.542903294274597
TFPI2	1.95944091464335e-05	-0.453448845516448	0.114	0.246	0.575722929540509
SYTL2	2.07563910584635e-05	0.448968305778871	0.371	0.217	0.609864282079774
SAMD4A	2.10597749541098e-05	-0.340463152646809	0.086	0.212	0.618778307701654
PLA2G16	2.15233683690457e-05	0.327135356336183	0.168	0.062	0.632399609419301
EMP3	2.35393530253093e-05	-0.343052279678365	0.35	0.525	0.691633270589639
HOMER1	2.40887557311827e-05	-0.346228032931905	0.121	0.261	0.707775820893611
HOXC8	2.43522114714144e-05	0.29318325252505	0.161	0.054	0.715516677453099
USP2	2.58464957108106e-05	0.385483338980667	0.214	0.103	0.759421736975037
MT1M	2.87460539898735e-05	-0.294035649546393	0.568	0.732	0.844616558330463
CARHSP1	2.98381973161454e-05	-0.352521422153304	0.161	0.308	0.876705913542983
CERT1	3.00155506185675e-05	-0.359126718580855	0.071	0.19	0.88191690827475
PSMA2	3.16498103225693e-05	-0.42482512981304	0.307	0.475	0.929934726897731
C6orf48	3.40597628103872e-05	0.368362422836743	0.271	0.133	1
AC020916.1	3.44297775343419e-05	-0.513238002696873	0.214	0.369	1
RPLP0	3.62619764347804e-05	-0.282768362600489	0.889	0.899	1
LIMS1	3.6600092647943e-05	-0.335083665197158	0.275	0.443	1
LY6E	3.68308354239557e-05	-0.315570710500723	0.207	0.365	1
TRIB1	3.7101176575085e-05	-0.260541097613284	0.096	0.224	1
IRS2	3.74931720493438e-05	-0.319597336064971	0.15	0.296	1
SFPQ	3.7789466055464e-05	-0.41883009218329	0.654	0.764	1
TCEAL4	3.93735007643327e-05	0.431441719405086	0.718	0.682	1
MAOB	3.94505700745245e-05	0.371354789666073	0.311	0.187	1
RPS18	3.94968575073591e-05	-0.300940239030055	0.971	0.988	1
IL1R1	3.96162019507318e-05	-0.262712373169303	0.093	0.219	1
B4GALT5	4.0637307363011e-05	-0.258524034791558	0.068	0.182	1
TAGLN	4.14550901347311e-05	0.64798811576809	0.954	0.963	1
CCN5	4.37619801857163e-05	-0.280604842903754	0.036	0.131	1
RBM4	4.46308910069463e-05	-0.344234182879929	0.229	0.389	1
SSTR2	4.58692394778511e-05	0.378044236399869	0.225	0.101	1
MARCKSL1	4.80759863151529e-05	-0.317373627400269	0.214	0.372	1
SEPTIN10	5.00115082472564e-05	-0.269876009903099	0.104	0.232	1
GTF2B	5.0895453443737e-05	-0.301933857925213	0.364	0.53	1
SARS	5.15964153183019e-05	0.279236620624968	0.332	0.367	1
PLAUR	5.19909319138586e-05	-0.250576571544712	0.146	0.286	1
ANGPT1	5.25371722499247e-05	0.460696012069732	0.4	0.367	1
PFN1	5.54372685559884e-05	0.326961253943074	0.679	0.68	1
CPQ	5.60803190689914e-05	0.524502765830495	0.457	0.335	1
EPB41L2	5.77631819145453e-05	0.393121657007234	0.411	0.416	1
ID1	5.88486061536532e-05	0.491619513452517	0.414	0.36	1
TPM1	6.10059652705638e-05	0.447386718458398	0.936	0.936	1
INPP4B	6.3915890669888e-05	0.513718232453611	0.439	0.35	1
RPL11	6.57228221390895e-05	-0.255018624672759	0.957	0.968	1
NFKBIA	7.14359448549611e-05	-0.448968545086895	0.646	0.645	1
CCDC80	7.45074209508098e-05	-0.602415792508855	0.396	0.554	1
DSTN	7.47585907426559e-05	0.437158409691007	0.925	0.938	1
CYS1	7.49851381577117e-05	0.301763264639453	0.15	0.057	1
KLF6	7.96067439027639e-05	-0.35573936562155	0.536	0.685	1
ARL6IP1	8.53226007387621e-05	-0.396643140464038	0.468	0.616	1
C16orf45	8.57589216591688e-05	0.260496798971396	0.161	0.059	1
MTHFD2	8.7608815026037e-05	-0.425364763311895	0.307	0.466	1
LGALS1	9.09684562304567e-05	-0.255342523761842	0.9	0.941	1
POLD4	9.58592661794299e-05	-0.250319846130665	0.071	0.182	1
C12orf75	9.83181872333121e-05	0.256320867160545	0.582	0.599	1
HIST1H1E	9.85388812501286e-05	0.278704442786341	0.143	0.049	1
RPS11	0.000102193999264798	-0.25773998164774	0.918	0.946	1
KCNAB1	0.000104439090476126	-0.35229976862168	0.114	0.241	1
RAB9B	0.000115102066802066	0.323573280905462	0.15	0.057	1
CTSK	0.000121410048441975	-0.316843375286352	0.207	0.355	1
NDUFA13	0.000122609830231163	-0.345357450783142	0.596	0.729	1
PDGFRA	0.000125577348236092	-0.328832436986948	0.179	0.32	1
NTRK2	0.000128169365941428	-0.284351632113918	0.404	0.567	1
KRT18	0.000133726947043646	0.364899302487842	0.268	0.138	1
HSPB6	0.000135022806815101	0.330297477674995	0.5	0.473	1
LINC00632	0.000135422841180136	-0.314088413178976	0.064	0.167	1
DNAJA4	0.000136430485936936	-0.302596129280199	0.05	0.145	1
KCNMA1	0.000138304035329469	0.434775671789168	0.436	0.305	1
RBP1	0.00014566695382056	-0.363264495099694	0.443	0.584	1
FOXO3	0.000148700224576561	-0.378619574185592	0.307	0.463	1
NPR3	0.000149595423698034	0.351232209927169	0.132	0.049	1
SOS2	0.000159511982603005	0.348338401871837	0.254	0.153	1
GJA1	0.000161809758804428	-0.267840515381423	0.054	0.15	1
HLA-C	0.000166916094728444	0.293189364733201	0.807	0.764	1
ELOC	0.000167051244206086	-0.404813693728815	0.386	0.525	1
DDT	0.000168789090047201	-0.386596501526023	0.361	0.52	1
TIPARP	0.000172277511861833	-0.368573193647857	0.564	0.704	1
ROCK2	0.000206005437425749	0.445164268501074	0.611	0.522	1
SMTN	0.000206068997889891	0.427155338257922	0.389	0.357	1
KCNK6	0.000209565925681065	-0.285617443071122	0.089	0.2	1
ADGRF5	0.000218658469022317	0.308704061953223	0.193	0.086	1
BCL2	0.000229224278530696	-0.335407959725318	0.164	0.298	1
NBEAL1	0.000231767227823932	-0.256879937760476	0.279	0.426	1
RPS8	0.000248740853387642	-0.276979996179484	0.982	0.988	1
TTLL7	0.000250297898743898	0.363235564539458	0.386	0.286	1
MGLL	0.000251850295997387	0.42533943700671	0.386	0.296	1
SGCE	0.000262157571394178	0.377771925530293	0.4	0.271	1
AC058791.1	0.000289600238069455	-0.292818510363786	0.114	0.232	1
CNR1	0.000294256148348323	0.331239654321875	0.1	0.027	1
BIRC3	0.000305028030691017	-0.257121050349732	0.039	0.123	1
FAM200B	0.000307271933224591	0.257125311095108	0.279	0.256	1
FOXC1	0.000308121831439726	-0.5176583073562	0.268	0.414	1
SLC3A2	0.000316035431321539	-0.368577250165627	0.304	0.436	1
SEPT11	0.000322856863486709	0.421256218000798	0.196	0.091	1
SEPT10	0.00032323424367346	0.303014033214289	0.164	0.069	1
NR4A3	0.000325995585716929	0.332428454594334	0.611	0.631	1
CFD	0.000326437837599801	-0.52808468137202	0.071	0.172	1
EIF4E	0.000340371225446432	-0.390542131824487	0.189	0.313	1
UBE2K	0.00034753776678597	0.472738746926839	0.3	0.256	1
H2AFZ	0.000357949401547282	-0.357152027282492	0.579	0.714	1
PXDC1	0.000364415580239764	-0.314862082656432	0.136	0.256	1
ADAMTS1	0.0003759755068683	0.484202217361331	0.882	0.872	1
MSRB3	0.000383909237422808	0.289844022866074	0.529	0.525	1
RHOC	0.000389551783436134	0.322476727783763	0.407	0.397	1
CYP1B1	0.000397822457258026	-0.333808573101844	0.236	0.374	1
SNRPD3	0.000407460668416085	0.391401386322883	0.443	0.362	1
APOE	0.000412337629274937	0.395343340558296	0.157	0.229	1
RSPO3	0.000448555547347533	0.393993695780051	0.182	0.081	1
SLC25A33	0.0004501211332194	-0.337154787117624	0.093	0.192	1
DBI	0.000466191630936002	-0.36018058362471	0.393	0.534	1
MTRF1L	0.000471222978640239	0.268088538852366	0.104	0.106	1
CTSA	0.000471578533938729	0.333933684127446	0.171	0.076	1
CSRP2	0.000474839304717654	-0.409114167441969	0.525	0.66	1
ACTB	0.00050774707352362	0.259671777873134	0.936	0.948	1
ADRA2C	0.000517788626801161	0.319991433417693	0.257	0.145	1
CYSTM1	0.000551078917079305	-0.273600673781521	0.264	0.406	1
ASPH	0.000565586310316085	0.354411915583333	0.404	0.273	1
ADGRL3	0.000589006528776057	0.340156036068262	0.414	0.278	1
VDAC2	0.000605583891902218	0.305093124356332	0.571	0.53	1
ZFHX3	0.000610271355685763	-0.287708598418404	0.364	0.512	1
SSR1	0.000620609939601262	-0.273441977637629	0.171	0.298	1
PPP1R10	0.000633879625378815	-0.261996699852132	0.575	0.717	1
LMO4	0.000652684058850907	0.331782291598006	0.679	0.608	1
GPC1	0.000656484472700764	0.351704652563734	0.143	0.071	1
C3orf58	0.000660143649574272	0.302044684539527	0.139	0.054	1
UBE2H	0.000667858530722162	-0.288610927137831	0.307	0.451	1
TMEM165	0.000668078020596458	-0.262696168390017	0.286	0.419	1
MAP1LC3B	0.000724075919239337	-0.330801670462461	0.5	0.623	1
STK3	0.000740490694086781	0.364276996826128	0.321	0.273	1
LINC00924	0.000744551391370837	0.29065484394163	0.121	0.044	1
TAX1BP1	0.000751018837019257	0.288201840732086	0.589	0.542	1
UTP3	0.000751638353996102	-0.315000084466893	0.107	0.214	1
GUCY1A2	0.000766708810295173	0.259498648073516	0.286	0.165	1
EIF3K	0.000787979513283475	-0.292897552536277	0.679	0.751	1
FGF7	0.000792811629622321	0.431414402627785	0.436	0.345	1
SDC4	0.00079385465334285	0.356156837447635	0.246	0.148	1
SELENOS	0.000801485834990266	0.315188373460906	0.482	0.475	1
COL14A1	0.000808438431273921	0.316763651868244	0.679	0.722	1
LITAF	0.000849843293792399	-0.365692913047271	0.543	0.667	1
ELP5	0.000853685256250784	0.251558726826419	0.168	0.076	1
TSPO	0.000893790362417795	-0.298337014765426	0.421	0.567	1
GPX4	0.000911751732222563	0.305871523165672	0.696	0.628	1
DEPP1	0.000930176840048148	-0.343924454112848	0.118	0.227	1
GBP2	0.000931767700724454	0.358083333200286	0.304	0.268	1
PFKP	0.000943514518086201	0.318266947330581	0.164	0.076	1
PRKG1	0.000965441235651894	0.324345689588462	0.432	0.414	1
RAD23B	0.000973743619605206	0.324439933456431	0.275	0.264	1
NOL7	0.00103306318361835	0.386278194513622	0.482	0.451	1
CHORDC1	0.00104065035713405	-0.269924276036649	0.246	0.379	1
PDIA3	0.00104943948854716	0.367021642180513	0.618	0.616	1
SUSD5	0.00105622649769623	-0.318349095802475	0.1	0.202	1
RGS10	0.00109263082142506	-0.303719955415558	0.096	0.19	1
CALCOCO2	0.00109743027124013	0.339437416093	0.432	0.392	1
NFKB1	0.00112542431063953	-0.318209546217283	0.146	0.259	1
VDAC3	0.00116624596667781	0.368387014243591	0.389	0.296	1
ZFAS1	0.00118840147318749	-0.26328551672038	0.668	0.773	1
NR4A2	0.00120945328315391	0.390599200396489	0.711	0.714	1
BTBD7	0.00122279464809121	-0.569152172446187	0.311	0.429	1
HSPH1	0.00124495157482146	-0.320777195687401	0.35	0.49	1
RPS10	0.00125151637295594	0.265713861552147	0.875	0.833	1
SEPT9	0.00125605283604126	0.353717619095166	0.157	0.071	1
GSDMD	0.00127100756113061	0.284159313490515	0.207	0.126	1
CUL2	0.00129970330952719	0.296028654690888	0.186	0.108	1
UGCG	0.00133536354501512	-0.359378894543708	0.246	0.374	1
PGM5	0.00138295160243255	0.290705665912889	0.289	0.264	1
TXNIP	0.00142590568862362	0.335667774876393	0.725	0.665	1
MCL1	0.00142648010149203	-0.33054660080512	0.575	0.697	1
TES	0.00142807298307103	0.381142849419337	0.143	0.069	1
SMDT1	0.0014491124488692	-0.321912969136128	0.45	0.571	1
DCXR	0.00146526120146848	0.268666150632694	0.175	0.18	1
ADI1	0.00150389028181672	0.336810903951153	0.471	0.374	1
TMEM242	0.00153259623775888	0.277645611424632	0.154	0.123	1
ZC3H13	0.00153974411805101	0.43991542237988	0.496	0.436	1
GATA6	0.00154024820251687	0.394653322443947	0.279	0.219	1
CALD1	0.0016457428561719	0.342389774126029	0.975	0.973	1
RAP1A	0.00169087266436823	0.341198122283011	0.436	0.352	1
PGRMC2	0.00169397826435849	0.30042477412398	0.271	0.271	1
CREBZF	0.00170090142027866	0.336450932524065	0.268	0.175	1
PLAT	0.00171895546841477	-0.282254410508436	0.157	0.271	1
MIR22HG	0.00174783194190023	-0.302978613245511	0.489	0.616	1
PHYHIP	0.0017825017659719	0.350869142953674	0.221	0.175	1
KLF2	0.00184757138209781	0.439762669337273	0.825	0.82	1
KIAA1551	0.00187917827229432	0.330839679260833	0.157	0.071	1
NAA15	0.0018844479849179	0.250282749568378	0.171	0.185	1
LZTS2	0.00191800768991078	0.267871113865853	0.232	0.131	1
RASD1	0.00192959043612843	0.445603541575047	0.239	0.264	1
HLA-F	0.00199740790224688	0.325945008493932	0.211	0.16	1
PDLIM2	0.00201190655860467	0.299649914067247	0.461	0.397	1
SPTSSA	0.00205090992403489	0.251787918498103	0.396	0.377	1
MIER1	0.00205621455396061	0.304618568408568	0.482	0.379	1
EEF2	0.00206148167124674	-0.264260258933879	0.789	0.835	1
TNFAIP2	0.00206244995450494	-0.285069578592934	0.121	0.224	1
TCIM	0.0020662440359698	0.564095500870737	0.289	0.209	1
MIR29B2CHG	0.0021009556747268	-0.261976839213179	0.139	0.246	1
TAGLN2	0.00214928077674462	-0.358636614593828	0.386	0.505	1
HSPA1A	0.00220308660356856	-0.495101760390418	0.768	0.823	1
MAP4	0.00230051589122977	0.333794200649961	0.554	0.522	1
RERG	0.00234543721335877	0.304824520003143	0.461	0.34	1
ALKAL2	0.00236103045729337	0.644621264538092	0.193	0.177	1
SELENOM	0.00238406089833065	0.326378067693218	0.857	0.84	1
CFL2	0.00238408280962611	0.255873074484809	0.429	0.397	1
PNPLA8	0.00241264076988448	-0.337441894800977	0.221	0.342	1
RBM27	0.00242367575121345	-0.281085188165802	0.15	0.259	1
PRKAA2	0.00248637455282645	0.332755254254718	0.186	0.099	1
MARCKS	0.00252051284476408	0.327097755811004	0.286	0.182	1
NME4	0.0025740050553476	0.310891280344535	0.429	0.35	1
PLK2	0.00258326391225669	0.401399093393105	0.3	0.291	1
PLPP3	0.00258815351091407	-0.337486825847699	0.436	0.557	1
RARRES3	0.00260811928563957	0.378226050304447	0.114	0.049	1
NUDT4	0.00264031555213588	-0.430358570009253	0.421	0.53	1
SMC1A	0.00268970139404583	0.315371921892936	0.3	0.261	1
ASXL1	0.0027437885036493	-0.303268398290307	0.211	0.325	1
CHCHD10	0.00290050638952542	0.276552341237145	0.564	0.539	1
GPC3	0.00290621982481274	0.304109333691634	0.132	0.057	1
PRRX2	0.00299263895629626	0.271024479738116	0.132	0.069	1
GATAD1	0.00303536094324509	0.348125729336483	0.304	0.229	1
MYH11	0.00306494837701769	0.311100274505072	0.893	0.879	1
NDUFB9	0.00322945465702811	0.31911423959825	0.575	0.493	1
LGALS8	0.0033751570841682	-0.266909891325062	0.082	0.165	1
NUP98	0.00343570512362754	-0.29594219067569	0.104	0.185	1
BACH1	0.00351040540724666	-0.286655235208775	0.146	0.246	1
NDUFA1	0.00352538398391415	0.277916967359749	0.6	0.599	1
HSPA9	0.00370454286157088	-0.288297685957048	0.421	0.549	1
ANK2	0.00371944055714145	-0.284143748234851	0.214	0.33	1
FBXO32	0.00375112225099513	0.26441714597025	0.379	0.379	1
HSPA1B	0.00388370676297645	-0.326031226738243	0.582	0.7	1
SPIRE1	0.00414067452728278	0.254253073423425	0.175	0.091	1
LGALS3	0.00415290717043416	-0.277192780797596	0.614	0.692	1
VPS37B	0.00421248761894923	-0.271719462947723	0.171	0.278	1
PDE1C	0.00426469476348494	0.272447925275163	0.104	0.039	1
ARPC1B	0.00440362719131158	-0.305316693696032	0.243	0.36	1
HSPB11	0.00441398762745713	0.305767773241431	0.289	0.268	1
AIG1	0.00441562998274792	0.265648316444581	0.325	0.296	1
ARPC1A	0.00452071488798127	-0.254343124464917	0.371	0.498	1
ADH1B	0.00458648194454288	-0.250934837869609	0.143	0.239	1
C5orf24	0.00461917746551283	0.258668883718208	0.282	0.246	1
ARHGEF17	0.00461944441591864	0.279674938870833	0.236	0.163	1
AK1	0.00470938397523074	-0.260552991107777	0.121	0.209	1
PRELP	0.00472122406815068	0.29262304158796	0.314	0.276	1
DNAJB1	0.00479715217839377	-0.338753309716169	0.668	0.751	1
ARF6	0.00480832038492624	-0.270196906410077	0.204	0.313	1
PAK1IP1	0.00483367435628092	0.270636848694259	0.114	0.079	1
FAM207A	0.00487125717054632	0.39685456744019	0.221	0.155	1
SPRY2	0.00506277200102985	-0.272626756380691	0.15	0.251	1
DSE	0.00510858471684375	0.3608134113372	0.193	0.133	1
VPS13C	0.00513171488143955	0.254986420751404	0.457	0.433	1
ANXA7	0.0052547831775232	0.279807314061296	0.407	0.35	1
CACNA2D1	0.0052771272543124	0.307762256301576	0.196	0.123	1
COPZ2	0.00530439828609176	0.266181800211227	0.229	0.163	1
RCN1	0.00541309255533712	-0.288354014891516	0.218	0.325	1
SMIM10	0.00569125031188634	0.287754571121945	0.268	0.268	1
AOC3	0.00574266668935673	0.295033453897531	0.368	0.328	1
RLF	0.00576102406952044	-0.268396460993656	0.214	0.325	1
TM4SF1	0.00583674457741735	0.344956050248677	0.507	0.409	1
SBSPON	0.00592065872578503	0.307590323033185	0.325	0.271	1
NEK7	0.00597134548747895	0.279950636068377	0.25	0.155	1
ZBTB16	0.00598157157701201	-0.274457570052067	0.493	0.616	1
MAP1B	0.00622095361785172	0.284654508164929	0.675	0.658	1
DYRK3	0.00640039032725276	-0.277031962879687	0.111	0.192	1
TMA16	0.00643194064751571	0.276748274810955	0.211	0.14	1
HERPUD1	0.0068671263293966	-0.282653711983277	0.489	0.603	1
CHRDL1	0.00694206102056901	0.351876483752651	0.275	0.175	1
SIGIRR	0.00694385944671113	-0.310666055146011	0.079	0.158	1
RBPMS	0.00726126884134402	0.256367264108146	0.618	0.567	1
REEP5	0.00729879115745511	0.262618343730569	0.432	0.419	1
PHF20	0.00732056772033552	0.331225956182173	0.318	0.234	1
WWTR1	0.00743157894324138	0.259301197942288	0.332	0.335	1
ARL14EP	0.00745868938161128	0.290610054663251	0.193	0.116	1
NAE1	0.00786075866705115	0.25008413454565	0.196	0.19	1
ZBTB7C	0.00790490216473861	-0.258310791214051	0.043	0.101	1
TPPP3	0.00811914401722372	0.359814502036565	0.268	0.177	1
NDUFA4L2	0.0084910138725293	-0.321709682585829	0.061	0.131	1
ARID4B	0.00850451147912063	-0.25032983810943	0.382	0.498	1
PSMB1	0.00865657199309299	0.317431858309354	0.636	0.594	1
ARF1	0.00867778619124092	-0.260891751572663	0.5	0.616	1
TNFSF12	0.00879028814994899	0.260218279239899	0.293	0.209	1
UTRN	0.00895080579800054	-0.310531517020173	0.561	0.672	1
TMED4	0.00904222315449299	0.259607417298038	0.421	0.335	1
INPP5A	0.00931097338946014	-0.297468325612172	0.175	0.266	1
CWC15	0.00950087184171951	0.359440249414852	0.282	0.246	1
NFE2L2	0.00954701540020309	-0.253888004932509	0.621	0.692	1
PSMA3-AS1	0.00977986271818953	-0.269456312993898	0.214	0.315	1
CXCL2	0.0100632256963532	-0.459851877834326	0.161	0.256	1
CANX	0.0101068749186774	0.377479252628065	0.629	0.569	1
RTN4	0.0102730109106277	0.262017892521739	0.743	0.685	1
DCUN1D3	0.0102754661817689	-0.253915284978532	0.154	0.239	1
RBM6	0.0105029247962764	0.310601007895037	0.236	0.232	1
NNMT	0.0107249948571699	-0.264740287351985	0.171	0.266	1
MT-ND6	0.0108517299994323	0.286819883630038	0.475	0.369	1
SMC3	0.0110131102670872	0.278548344480895	0.396	0.305	1
AKAP13	0.0116929999415659	-0.339959133601357	0.364	0.47	1
CH25H	0.0121556333435628	-0.324509174847242	0.211	0.31	1
SNX27	0.0126581302833422	0.267969056982452	0.154	0.096	1
NR2F1	0.0128271776269862	-0.328380022086979	0.504	0.599	1
POR	0.012937006359547	-0.267956408196157	0.161	0.254	1
ZNF704	0.0131014136577505	-0.276511049694818	0.225	0.315	1
TLK2	0.0136424165713206	0.34545749459078	0.171	0.145	1
PHF3	0.0137006183844312	0.303140324304583	0.464	0.466	1
TNC	0.0138938896229271	0.331686491346581	0.236	0.158	1
CNBP	0.0139169926739415	0.255599454121322	0.732	0.707	1
SYNE1	0.0142700004908485	-0.253977169915549	0.489	0.599	1
COX20	0.0143230618715097	0.26283036119415	0.414	0.424	1
KANK1	0.0143449756175529	0.299279286884194	0.175	0.135	1
AZIN1	0.0148039676624208	0.252134347594115	0.179	0.143	1
SDHC	0.0149109534402113	-0.255250722859163	0.218	0.318	1
CHMP2B	0.0150525001394231	0.263855741447638	0.354	0.281	1
ATAD2	0.0151499986638845	0.321556984632019	0.125	0.079	1
EPS8	0.0153106169233174	0.282260236884963	0.536	0.451	1
DIP2A	0.0154936044853602	0.396988281282529	0.096	0.108	1
ARL1	0.0157351587962244	0.250854153034487	0.343	0.315	1
NCOA7	0.015859466158221	-0.33170420850858	0.157	0.244	1
COL25A1	0.016037883237025	0.276514551314382	0.129	0.079	1
TTC1	0.0161789358616151	0.277978167206275	0.279	0.251	1
MRGPRF	0.0163918091397613	0.317808034767141	0.325	0.296	1
FOSL2	0.0168737123270317	-0.281496376977549	0.525	0.631	1
PELO	0.0175713623487631	0.264299345279705	0.179	0.118	1
MFGE8	0.0176606826212418	-0.291952506502545	0.611	0.704	1
SLC8A1	0.0176734318056112	0.283748941561299	0.314	0.256	1
OPTN	0.0179567472960404	0.459588460719115	0.389	0.352	1
USP53	0.0185229274261122	0.377665694278452	0.339	0.246	1
CENPC	0.0186905214583449	0.261064038946088	0.346	0.288	1
PAPSS2	0.0187783043078796	0.282978552766914	0.079	0.103	1
ANO1	0.0189369604331366	0.293021543907254	0.211	0.133	1
CYBRD1	0.0190836551034575	0.289045331808435	0.379	0.34	1
PKD1	0.0199560848146508	0.261345885519881	0.186	0.118	1
PPHLN1	0.0199760776174804	0.299969020693087	0.214	0.204	1
TSPYL2	0.0207494441654752	0.307390314159101	0.536	0.483	1
CHMP3	0.0214592841601774	-0.269174385767039	0.318	0.421	1
ZNF302	0.0216436124496171	0.265878087361409	0.15	0.135	1
TXNDC16	0.021670096435631	0.319528689140585	0.114	0.076	1
EIF4E2	0.0220290887602968	-0.25205857179849	0.111	0.187	1
ARHGAP10	0.022292737037174	0.258958400233556	0.493	0.463	1
BAZ2A	0.0231564674010749	0.288568817266218	0.218	0.153	1
PHC3	0.0232351881700345	0.299713372240315	0.211	0.165	1
GSN	0.0242660135795537	0.289815137120481	0.775	0.761	1
SRSF11	0.0245488509095428	0.31999031244929	0.532	0.532	1
UBR1	0.0245984306406357	0.383298539239178	0.35	0.35	1
GAS6	0.0253479296417828	0.266364659074795	0.468	0.426	1
UBE2Q1	0.0254234901603154	0.258472605087712	0.132	0.086	1
CAMK2G	0.0254724300885319	0.283196144683376	0.271	0.217	1
GNG12	0.0254848681442403	0.280961002899705	0.411	0.333	1
SUDS3	0.0256493964103923	0.319102056880703	0.293	0.259	1
SERINC3	0.0276385971968339	0.264644371856618	0.425	0.347	1
SDC2	0.0278423106174441	0.2915401623872	0.411	0.374	1
WFDC2	0.0283077808681499	0.338526870534722	0.179	0.111	1
ADGRL2	0.0291995999299526	0.277752543708052	0.118	0.062	1
DYNC1I2	0.0292962696888413	0.257999029000296	0.536	0.5	1
FILIP1L	0.0296909995476866	0.268292673796232	0.729	0.727	1
SCML1	0.0298715320946573	0.256092416699819	0.189	0.19	1
POLR2E	0.0301740272223118	-0.253567330698497	0.232	0.31	1
SLC25A4	0.0302925923821572	0.305815111865612	0.454	0.387	1
MEF2A	0.0310043034205188	0.329269422138535	0.421	0.357	1
CIAO1	0.0316564755792868	-0.325981906358906	0.129	0.204	1
FCHSD2	0.0321410858025406	-0.286104040018754	0.136	0.207	1
SNX6	0.0339056829207927	0.272196901619901	0.396	0.35	1
ITGB1BP1	0.0356070245631653	0.271147489913224	0.307	0.266	1
CYCS	0.038181205395177	-0.25339112604685	0.654	0.741	1
HLA-DPB1	0.0398159684352196	-0.315291515619579	0.129	0.167	1
SERPING1	0.0399984948428992	0.252871598931231	0.661	0.599	1
CHCHD3	0.0401825581967266	0.316709689564964	0.189	0.187	1
ENAH	0.0403603301518486	0.269339287649675	0.471	0.419	1
BMPR1A	0.0421480057161365	0.297334992171946	0.161	0.126	1
MEF2C	0.0437567276211978	-0.297974201527192	0.429	0.51	1
C1QTNF1	0.0441458808627176	-0.257106306289187	0.254	0.342	1
MACF1	0.0447312091172543	0.268908674415156	0.593	0.569	1
LUC7L3	0.0447561161681395	0.290231615121663	0.521	0.505	1
ITSN2	0.0465460092767582	0.269119759827322	0.214	0.185	1
IPO7	0.0468549261932382	-0.280226839921016	0.336	0.426	1
SLC40A1	0.048406016927605	0.293970069973505	0.311	0.261	1
P4HB	0.0488690209639188	0.284222924333451	0.368	0.337	1
SMOC2	0.050939851060221	0.271973879766308	0.35	0.333	1
GNL1	0.0539859535580407	0.343090749353092	0.221	0.229	1
NEMF	0.0543406936053053	0.308465424109958	0.314	0.264	1
PI15	0.0580788337967533	0.419103708521388	0.114	0.106	1
PRSS23	0.0582877175198997	0.255889173487862	0.154	0.145	1
B3GNT2	0.0583085848899595	-0.251265260654634	0.118	0.177	1
ARL8B	0.0583962509422976	0.279488221186132	0.268	0.236	1
KDM1A	0.0588467661097478	0.44490517910964	0.168	0.135	1
NPY1R	0.0602012297279355	0.276920818030606	0.221	0.158	1
DHX40	0.0607559958942132	-0.298696179075106	0.121	0.187	1
MINDY2	0.0609707887481592	0.269876502511791	0.468	0.411	1
PACSIN2	0.0620746512461219	0.254393063442529	0.211	0.172	1
DUSP2	0.0626078005715061	0.278401215080003	0.157	0.153	1
AKAP12	0.0636653729143904	0.585522214619838	0.764	0.793	1
SCARB2	0.0640889176319237	-0.256518487784908	0.264	0.342	1
ST13	0.0654642034668703	0.261929693540231	0.732	0.702	1
RBFOX2	0.0670246456398381	0.353161491655816	0.446	0.392	1
CLIP4	0.067758138867779	0.252258417235551	0.118	0.094	1
COQ10B	0.0677738805038549	-0.255156327522219	0.268	0.342	1
TCEAL2	0.0701532170324407	-0.403032197519761	0.118	0.167	1
SIN3A	0.0713893902987563	0.261580932590435	0.168	0.145	1
C1orf198	0.0721127999774363	0.361562567023381	0.186	0.175	1
CD74	0.0781116830156171	-0.42373172989491	0.104	0.155	1
HDAC2	0.0828083488635049	0.286016359864181	0.261	0.209	1
SDCBP	0.0832027260053883	-0.305186537354179	0.4	0.47	1
BCOR	0.0839229454661967	-0.288030812806738	0.132	0.175	1
KDELC2	0.0871766871116514	0.250060761697608	0.118	0.071	1
PPM1K	0.0900186204804333	0.279662954066937	0.3	0.278	1
PIGK	0.109105458614041	0.267534330889865	0.157	0.103	1
TXNRD1	0.118554458448402	0.276082369221456	0.296	0.273	1
EXOC6B	0.122271181632318	0.33663364528127	0.111	0.076	1
RUNX1T1	0.12522279407253	0.255398887192508	0.282	0.234	1
MOCS2	0.126709880578428	0.264891580889187	0.204	0.187	1
SERINC5	0.133994699052195	-0.277445543093759	0.071	0.111	1
RASGEF1B	0.13990998154213	0.424184202122427	0.125	0.101	1
NFASC	0.156690969949935	0.257278199871222	0.2	0.17	1
FAM172A	0.157834655881578	0.311674316555312	0.232	0.2	1
HLA-DRA	0.15788155755903	-0.30090814845345	0.086	0.106	1
RBM3	0.173274863087017	-0.267448688911498	0.557	0.618	1
RGS16	0.173549350511436	0.26639696874753	0.35	0.293	1
C2orf49	0.187484097325194	0.259969930187874	0.15	0.123	1
FER	0.189549281044735	0.288412699833347	0.189	0.15	1
WDR45B	0.212491269257874	-0.267105490042175	0.293	0.347	1
SMARCA1	0.214003008206728	0.356197972566391	0.314	0.308	1
INO80D	0.275392910167308	0.284935603487594	0.211	0.229	1
TNKS2	0.277616780297534	0.352685138937	0.246	0.209	1
ISG15	0.342342918508543	-0.35720730375048	0.157	0.2	1
PDK4	0.394397115959537	0.295259395004958	0.504	0.49	1
