	p_val	avg_log2FC	pct.1	pct.2	p_val_adj
MT-RNR2	0	5.2852262568448	0.275	0.008	0
NEAT1	0	-1.09669832302289	0.778	0.98	0
RPL26	8.00575079339531e-317	-0.518867255138725	0.723	0.986	2.35224969811541e-312
MT-RNR1	4.3781002067826e-312	3.30640190423542	0.25	0.007	1.28637340275686e-307
PTGDS	1.67635489553931e-309	-1.22898860836758	0.62	0.915	4.92546595407359e-305
RPL17	6.21450982082433e-281	-0.523021725223065	0.677	0.962	1.8259472755546e-276
SLC26A3	5.03073616312286e-279	2.43943023084625	0.223	0.008	1.47813089944876e-274
RPL36A	6.67754389927342e-262	-0.43343311112808	0.689	0.963	1.96199594848452e-257
RPL41	3.59245472820929e-255	-0.426962555627445	0.888	0.996	1.05553504824245e-250
RASGEF1B	1.48964360820148e-246	2.48971245780216	0.242	0.028	4.37687084961758e-242
LINC00486	3.39263321810183e-244	2.26141117411138	0.201	0.006	9.96823492142681e-240
IGKC	3.9220067064075e-241	0.599632332235664	0.262	0.024	1.15236401047665e-236
RPL39	4.63763026375986e-230	-0.483612769233395	0.835	0.99	1.36262852409792e-225
RPL28	1.01191690873386e-221	-0.526270655151555	0.824	0.986	2.97321426124181e-217
MICOS10	9.07748128724789e-208	-1.16452504380215	0.471	0.704	2.66714555181918e-203
RPL9P9	4.03541213835555e-207	1.97825901514499	0.174	0.006	1.18568479449163e-202
RPL13AP5	7.69813044446759e-202	1.79164838613015	0.163	0.005	2.26186468719347e-197
RPS26	5.84890450086803e-198	-0.775407379955904	0.793	0.894	1.71852512044505e-193
RPL29	3.01828427700766e-192	-0.356412710707124	0.802	0.984	8.86832286270392e-188
EIF4A1	4.60375951268429e-185	-0.714228760971351	0.634	0.887	1.3526766200169e-180
SFRP4	3.61953813576132e-180	0.615657407672264	0.892	0.967	1.06349269504939e-175
RPL18	9.70926153569271e-180	-0.476122268052574	0.887	0.989	2.85277522441723e-175
EEF1G	6.49444609040607e-177	-0.374220146186143	0.58	0.857	1.90819815028311e-172
IGHA1	8.11654509149695e-174	0.416089938971883	0.181	0.014	2.38480327878363e-169
RPS13P2	1.56960721207293e-173	1.6129477941197	0.149	0.006	4.61181991051269e-169
CEBPD	3.14039084112e-170	-0.632820754202405	0.813	0.969	9.22709636937879e-166
ID1	7.85524720555108e-170	1.09036267239988	0.61	0.361	2.30802873393502e-165
MTATP6P1	6.96386504707769e-168	1.44701379803204	0.14	0.005	2.04612282813237e-163
AC007969.1	8.78091695162424e-168	1.52201923494989	0.136	0.004	2.58000901872623e-163
RPS6	6.96594047750079e-166	0.437814732456548	0.984	0.991	2.04673263109928e-161
AC073621.1	1.79876793996424e-165	1.50909887727351	0.136	0.004	5.28513996120294e-161
RPS23P8	3.76677057601719e-162	1.30395968709924	0.131	0.005	1.10675253064537e-157
AP001324.1	8.11034958537652e-160	1.49607899465708	0.138	0.006	2.38298291517533e-155
SOD2	2.02548576827196e-158	-1.08172983068627	0.543	0.735	5.95128228433667e-154
IGLC2	2.71430651538221e-152	0.369494239488661	0.151	0.01	7.97517540349601e-148
AC005912.1	2.74893886708669e-148	1.22675751662325	0.121	0.004	8.07693217927411e-144
TSC22D1	2.86628803044796e-148	0.884809899163497	0.718	0.612	8.4217274910622e-144
MT-ND1	1.71787869307101e-144	0.284172246884179	0.933	0.997	5.04747117598123e-140
EEF1A1	4.27450962551981e-144	-0.2509992130207	0.952	0.998	1.25593641817023e-139
AL022718.1	1.37853315643709e-143	1.28478976342999	0.12	0.004	4.05040612024345e-139
KCNQ1OT1	4.97136662117173e-142	-0.690666517721596	0.595	0.83	1.46068694063268e-137
CEBPB	1.84205197990573e-136	-0.545859521128283	0.747	0.932	5.41231712735901e-132
DDX5	2.24816677702948e-135	-0.410120032445055	0.908	0.985	6.60556362426802e-131
RPL18A	4.64546264351113e-135	-0.328002725225478	0.854	0.985	1.36492983391644e-130
ARL6IP1	8.04925531117793e-133	-0.714109571783207	0.488	0.691	2.3650321955303e-128
RPL8	8.23285337059488e-128	-0.295101516182923	0.86	0.986	2.41897697734819e-123
SEPT7	1.47756317828808e-126	1.34942295566514	0.213	0.054	4.34137613044605e-122
SLC3A2	1.75845111628186e-125	-0.718135500802128	0.414	0.602	5.16668106985936e-121
INO80D	9.82523618468136e-125	1.49334536866963	0.34	0.215	2.88685089578308e-120
H3F3A	5.22876121684397e-123	-0.259867081078224	0.72	0.919	1.5363146207331e-118
HSP90AA1	7.30696511166297e-123	-0.430474609440669	0.948	0.986	2.14693248910881e-118
MT-CO2	3.80548748567811e-122	-0.255598889587006	0.929	0.997	1.11812833304194e-117
AC007563.2	5.40339830782003e-120	1.34942398382152	0.12	0.022	1.58762649080368e-115
RPS15A	9.57275914147378e-120	-0.316838588752489	0.902	0.99	2.81266809094783e-115
AC096919.1	1.10268371321047e-119	1.15293753439665	0.104	0.004	3.23990528615501e-115
FTL	3.71709606109513e-119	-0.494615560781663	0.899	0.983	1.09215716467097e-114
PTMA	4.79192551511745e-113	0.322330059378777	0.973	0.993	1.40796355485181e-108
SEPTIN7	6.75350584347477e-112	-0.630084947486757	0.488	0.679	1.98431508692976e-107
MIF	4.57087263774795e-108	-0.518688713890398	0.573	0.804	1.3430137984231e-103
FTH1	1.2744359923449e-107	-0.362005974159795	0.937	0.995	3.74454783270777e-103
KDM6B	5.46321457047811e-107	-0.62729777661092	0.37	0.554	1.60520170509788e-102
JUNB	1.38756120096549e-106	0.283302416496722	0.883	0.939	4.07693232067681e-102
RBFOX2	3.07172436803483e-106	1.3398746505035	0.477	0.319	9.02534053815992e-102
MEG8	3.3089520745252e-105	-0.981135775813375	0.232	0.455	9.72236298536993e-101
RNASEK	2.77393532213578e-104	-0.597253436971714	0.455	0.623	8.15037676349935e-100
PNRC1	8.58165995643859e-104	-0.425331797008621	0.834	0.944	2.52146332840079e-99
MALAT1	5.01423314629799e-101	-0.290671028217149	0.999	1	1.47328198304528e-96
UBC	1.12932842092776e-100	-0.313049442753589	0.869	0.979	3.31819276636993e-96
ADRA2C	2.19723944554044e-99	0.483143348753903	0.263	0.084	6.45592893888692e-95
TAGLN2	1.00298203411249e-97	-0.59586760515983	0.356	0.519	2.94696181262932e-93
RPS28	2.774406435003e-97	-0.273459705581188	0.928	0.993	8.15176098732583e-93
CCN2	4.04658626400529e-96	-0.855522095309338	0.101	0.276	1.18896797609003e-91
RPL31	7.51216261687747e-96	0.440943864218038	0.927	0.944	2.20722362009094e-91
CYB5D1	2.72598932358989e-94	-0.529072415217899	0.09	0.238	8.00950183057182e-90
RPS18	5.74466971282769e-94	-0.258752132301191	0.957	0.997	1.68789885502303e-89
ID3	1.54119554706043e-93	0.75546324082795	0.729	0.644	4.52834075637294e-89
SLC25A44	8.95289512990227e-93	-0.595917547487773	0.119	0.301	2.63053964706788e-88
MEG3	1.80872267014995e-90	-0.548415605282453	0.621	0.827	5.31438894943459e-86
HSPE1	5.46129876759498e-88	-0.565822569631789	0.612	0.792	1.60463880389476e-83
SQSTM1	3.11150450263191e-87	-0.439976752733635	0.628	0.779	9.14222252963307e-83
RBM4	4.12305859368117e-84	-0.48156679675035	0.342	0.452	1.2114370759954e-79
EMP3	5.84563113979462e-83	-0.547476856529068	0.527	0.635	1.71756334149446e-78
KLF6	6.22375545637712e-82	-0.567874770252215	0.243	0.449	1.82866382819273e-77
MYH11	4.84042315262486e-80	0.753412061624537	0.562	0.36	1.42221313070424e-75
SP9	3.24415489818479e-78	0.261802434886359	0.137	0.029	9.53197592184656e-74
CCL2	8.75049279217335e-78	-0.754234287432081	0.163	0.358	2.57106979219637e-73
CDKN1C	1.12229140926498e-76	0.710031608199209	0.644	0.554	3.29751661870237e-72
MAFF	1.72951007911146e-76	-0.356158966702401	0.714	0.843	5.08164651444529e-72
COL6A2	2.44269896608915e-76	-0.467341769576783	0.471	0.617	7.17713810216313e-72
SNHG29	3.47582880099833e-76	-0.374262176171294	0.544	0.75	1.02126801830933e-71
NRIP1	4.47557936285122e-76	-0.559382492548899	0.313	0.449	1.31501472839295e-71
SEPTIN2	5.90505412917606e-76	-0.477758958752103	0.397	0.525	1.73502300423451e-71
EIF1	1.87496467430047e-75	-0.26033046072884	0.933	0.99	5.50902120602963e-71
SPSB1	8.60134530130797e-75	-0.512258414898405	0.092	0.249	2.52724727643031e-70
CD99	9.50540664361698e-74	-0.489993703532455	0.448	0.59	2.79287858002754e-69
CD63	2.64401995436e-73	-0.267311580971824	0.81	0.94	7.76865942990054e-69
IRF1	1.64627438742961e-72	-0.521222876554828	0.605	0.76	4.83708340514567e-68
CCN5	3.33829941281928e-72	-0.638406380654094	0.115	0.22	9.80859133474561e-68
AC006115.2	3.71871628155972e-72	-0.492731758896036	0.244	0.346	1.09263321784788e-67
HELLPAR	6.19279020298268e-72	-0.459367089079832	0.161	0.255	1.81956561744037e-67
ARID5B	6.69406310879577e-72	-0.477255920044469	0.667	0.792	1.96684962262637e-67
KPNA2	3.77107857531161e-70	-0.533978060484235	0.134	0.271	1.10801830699806e-65
CCN1	3.93392818068448e-70	-0.782971253362188	0.378	0.517	1.15586677804871e-65
SEPTIN11	2.17021496836396e-69	-0.424742050167729	0.135	0.226	6.37652562004699e-65
CCDC80	1.31672866956698e-68	-0.591569567650048	0.328	0.497	3.8688121769217e-64
PPP1R10	4.01346863327251e-67	-0.398602376440133	0.517	0.672	1.17923735382813e-62
SEPT2	7.49980772201357e-67	0.760164656596948	0.128	0.036	2.20359350488203e-62
ATP5F1E	1.25345867173893e-66	-0.376169238800085	0.632	0.806	3.68291226930332e-62
DYNLL1	1.60686260024343e-66	-0.427913119236674	0.712	0.851	4.72128369203526e-62
OGN	1.9638801475371e-65	-0.426876588101203	0.764	0.893	5.7702726494935e-61
NR2F1	7.52602340775794e-65	-0.437399323207908	0.629	0.757	2.21129619766744e-60
RESF1	2.5606911596796e-64	-0.445414912270028	0.177	0.27	7.52382276537061e-60
DNAJB4	6.35794745009209e-63	-0.585358473739798	0.237	0.379	1.86809211978606e-58
ATP6V0C	6.42562342480702e-63	-0.443782587947321	0.408	0.505	1.8879766746768e-58
TMSB10	1.09858583802043e-62	-0.302105917965765	0.589	0.762	3.22786490927161e-58
HSPB8	3.43014435933146e-62	-0.324288377077441	0.104	0.258	1.00784501565877e-57
COL6A1	6.85616202810999e-62	-0.406942710181239	0.56	0.679	2.01447752709928e-57
GFRA1	1.9080430298272e-61	0.252894139792335	0.162	0.052	5.60621203023829e-57
NME2	3.75894917983946e-61	-0.333965124838263	0.54	0.726	1.10445444802043e-56
RASD1	3.89426172172788e-61	0.622019997316674	0.467	0.286	1.14421197907808e-56
ICAM1	9.0489998643428e-61	-0.253640936880325	0.199	0.376	2.6587771401412e-56
PPP2CA	1.69152114500702e-60	-0.380722513346481	0.261	0.333	4.97002742825964e-56
APOO	2.96121255750799e-60	0.838692310219941	0.133	0.045	8.70063473646997e-56
MIR22HG	6.72716357857073e-60	-0.33490325336039	0.52	0.663	1.97657520265565e-55
IGFBP5	2.48025068284647e-59	-0.541443088613762	0.819	0.909	7.28747255633949e-55
C11orf96	2.94498863725737e-59	-0.294476418123686	0.665	0.827	8.65296561398961e-55
PXDC1	6.72567305875244e-59	-0.437096542740941	0.132	0.262	1.97613725812264e-54
COL15A1	2.16377616151903e-58	-0.469200527342527	0.096	0.225	6.35760711777521e-54
GSTM3	7.13134433295722e-58	-0.408733929948299	0.314	0.446	2.09533159190949e-53
MMP23B	1.26380697250914e-57	-0.382998054686498	0.08	0.189	3.71331764662636e-53
LINC00632	2.53245488453367e-57	-0.341568953101736	0.025	0.109	7.44085894173682e-53
MT2A	3.16560237759911e-57	-0.843997268434647	0.255	0.387	9.30117290586169e-53
CALM2	3.21047693856774e-57	-0.264860035832017	0.683	0.84	9.43302334089972e-53
THBS1	1.44469175707156e-56	-0.572115289989277	0.155	0.309	4.24479332062764e-52
AKAP12	3.09801544561373e-56	-0.342364874418059	0.561	0.702	9.10258898230225e-52
SRRM2	3.56464214227761e-56	-0.287403528786166	0.705	0.815	1.04736315424401e-51
TNFAIP2	1.75645836642898e-55	-0.508772175582314	0.178	0.316	5.16082597224162e-51
ALCAM	1.75412508240659e-54	0.509561857205781	0.335	0.177	5.15397031712706e-50
MRPS24	5.73372063452048e-54	-0.304667227458881	0.283	0.322	1.68468179683481e-49
KCNIP4	9.00351436059951e-54	1.02812691427468	0.193	0.094	2.64541258943135e-49
ANKHD1	1.26641799747277e-53	-0.344578555914124	0.225	0.299	3.72098936017449e-49
YBX3	1.73651352420727e-53	-0.403021833008371	0.689	0.801	5.10222403682579e-49
CHURC1	1.85622770858201e-53	-0.30914296435814	0.388	0.433	5.45396825335567e-49
CIRBP	2.30000384001148e-53	-0.255245849325588	0.728	0.867	6.75787128272173e-49
RABGEF1	3.02412659819735e-53	-0.335126878152281	0.114	0.182	8.88548877082345e-49
REL	3.69873692667481e-53	-0.391503090367911	0.47	0.599	1.08676288379559e-48
TPM4	5.30080614668151e-53	0.634029380895003	0.879	0.851	1.55748286201796e-48
NOVA1	1.15344291351036e-52	0.301401144463113	0.326	0.179	3.38904596847614e-48
GAS1	1.45121587817236e-52	-0.488711645277226	0.221	0.341	4.26396249324602e-48
LAMA2	2.11213276478006e-52	0.840959960647255	0.331	0.325	6.20586848947676e-48
ARF6	3.46634103737834e-52	-0.381917304243853	0.271	0.338	1.01848032360251e-47
CENPP	3.7191460757097e-52	0.775561559267966	0.101	0.042	1.09275949996502e-47
DCN	4.05862872702099e-52	0.262823985649968	0.977	0.989	1.19250629257331e-47
XBP1	6.04421802575152e-52	-0.351767013156721	0.546	0.651	1.77591214032631e-47
ANO1	6.11053684085588e-52	0.254347014419905	0.142	0.046	1.79539793458028e-47
MAP1LC3B	1.11995558758658e-51	-0.34178773024431	0.47	0.619	3.29065350744688e-47
HSPA5	1.45191670285392e-51	-0.297576547717231	0.7	0.804	4.2660216563254e-47
DAB2	1.55021995715782e-51	-0.410897000721445	0.203	0.299	4.55485627812111e-47
DPT	1.59064000250312e-51	-0.271467065978426	0.305	0.482	4.67361845535466e-47
RCAN1	5.18945030759311e-51	-0.376197459710208	0.067	0.183	1.52476428937701e-46
DNAJB9	6.84971803091675e-51	-0.389630051913329	0.376	0.49	2.01258415184396e-46
NFE2L2	8.6609668587049e-51	-0.329587098183118	0.64	0.754	2.54476528242467e-46
CYBA	1.4613790121435e-49	-0.299313554446721	0.298	0.352	4.29382381348004e-45
PEG3	1.48355859548882e-49	-0.448097317304057	0.479	0.597	4.35899186526525e-45
TNFRSF12A	2.15851769546454e-49	-0.411073004585525	0.143	0.264	6.34215669281392e-45
THSD4	2.25484930672343e-49	-0.356324583126377	0.189	0.344	6.62519823301479e-45
ARF4	3.52645414089047e-49	-0.332778004600143	0.508	0.636	1.03614275567644e-44
PDGFRA	1.32765601482727e-48	-0.459453539649976	0.497	0.595	3.9009189027655e-44
SERTAD3	1.50343312577774e-48	0.258729265868623	0.352	0.208	4.41738721016016e-44
SDCBP	1.59948182165525e-48	-0.36908325484909	0.264	0.368	4.69959748838744e-44
INMT	1.77049352841224e-48	-0.341141236711807	0.108	0.174	5.20206408518083e-44
ZFP36L2	2.42465233197106e-48	-0.3811249801831	0.564	0.703	7.12411348179735e-44
ANXA2	1.06208562147049e-47	-0.335084698787518	0.462	0.579	3.12061997300459e-43
DUSP2	1.22663368751672e-47	0.716662681106707	0.291	0.162	3.60409510066161e-43
BZW1	1.45175716164863e-47	-0.355409527807795	0.41	0.525	4.26555289235601e-43
GABARAP	2.91110522608152e-47	-0.38508516356795	0.542	0.678	8.55340937527271e-43
ATP6V0D1	9.10336030165464e-47	-0.27871332725911	0.146	0.206	2.67474932383217e-42
GASK1B	1.41329997116744e-46	-0.376824151282452	0.115	0.187	4.15255797528417e-42
RRAD	1.89070288308232e-46	-0.449921305204589	0.308	0.441	5.55526321107246e-42
SPTSSA	3.80942594303229e-46	-0.355716957408149	0.371	0.431	1.11928553058175e-41
BLOC1S6	6.00012014131417e-46	-0.298157849384125	0.297	0.342	1.76295529992093e-41
PSMA2	6.14133820885175e-46	-0.256551931265968	0.366	0.394	1.80444799252482e-41
IGFBP7	7.41948757120697e-46	0.381054969932266	0.713	0.756	2.17999383817203e-41
COL1A1	1.20205194529071e-45	-0.383725473790043	0.48	0.565	3.53186902565315e-41
CTSK	2.31824768200542e-45	-0.349687946496693	0.436	0.529	6.81147533926833e-41
PWWP3A	2.66844580054449e-45	-0.267784862328646	0.155	0.189	7.84042745115983e-41
C6orf48	4.10079494695631e-45	0.654249108989238	0.119	0.043	1.2048955713147e-40
LTBP4	7.30482731694361e-45	-0.340960893871837	0.439	0.516	2.14630436226437e-40
CKB	1.77568144669789e-44	0.360356662949852	0.651	0.631	5.21730722668774e-40
ERCC1	5.06634909957369e-44	0.812447320225784	0.259	0.167	1.48859469243674e-39
BEX2	7.52743992632382e-44	0.252484167537836	0.141	0.053	2.21171239915246e-39
BLOC1S1	8.27232103520749e-44	-0.27133039423446	0.228	0.276	2.43057336656467e-39
LMNA	1.12071915231974e-43	-0.264092326856368	0.791	0.872	3.29289701334585e-39
AC016831.5	1.13731160686775e-43	-0.311631041156142	0.121	0.191	3.34164896329884e-39
UBE2S	1.23596023490391e-43	-0.395681602357597	0.464	0.581	3.63149836219467e-39
PLAAT4	1.75021416524154e-43	-0.251127594114808	0.27	0.288	5.1424792603127e-39
MCC	2.25225343646679e-43	-0.287694726084066	0.153	0.287	6.61757104702673e-39
ATP1B3	2.59313156076469e-43	0.978666175442997	0.606	0.495	7.61913915183883e-39
CYP51A1	3.21028789031242e-43	-0.254750129329514	0.249	0.273	9.43246787931594e-39
SLC38A2	3.76254648576448e-43	-0.341527990652007	0.446	0.575	1.10551140844732e-38
LUM	3.83098716308468e-43	0.453863736190754	0.582	0.56	1.12562064825754e-38
BAG3	5.84175733753268e-43	-0.327318977353198	0.357	0.486	1.71642514091385e-38
ICAM4	5.96683305806901e-43	-0.318306564977504	0.044	0.13	1.75317488912184e-38
CDV3	1.27538967912123e-42	-0.304124359582941	0.376	0.456	3.74734995519401e-38
ZFP91	1.80762210134476e-42	-0.251263925567478	0.211	0.244	5.31115525817118e-38
LINC00641	5.23610434824654e-42	-0.260799763501739	0.058	0.121	1.5384721796018e-37
GPRC5A	6.18482252187156e-42	-0.338886980414323	0.377	0.512	1.8172245533763e-37
CERT1	7.3759876742617e-42	-0.259689757777988	0.199	0.229	2.16721269845157e-37
AC058791.1	9.84233097923594e-42	-0.329774511000652	0.159	0.236	2.8918736883191e-37
CHGB	1.4361502839649e-41	0.372629934150186	0.506	0.348	4.21969676434566e-37
MAFG	1.67623303135556e-41	-0.287995762858029	0.159	0.218	4.9251078927289e-37
DNAJB6	2.77958947945077e-41	-0.303491391515709	0.418	0.512	8.16698980852224e-37
PLPP3	2.8978033166453e-41	-0.361372853485384	0.477	0.564	8.51432570496722e-37
CYR61	4.35932533529078e-41	0.603048178708509	0.151	0.058	1.28085697001514e-36
LGALS3BP	4.45505574799215e-41	-0.287782672360999	0.397	0.479	1.30898447987505e-36
EMP2	4.46012289508894e-41	-0.283735358688594	0.439	0.492	1.31047330903503e-36
C9orf16	1.36970124173156e-40	-0.262570385036716	0.235	0.278	4.02445618845566e-36
TOP1	1.99166727853709e-40	-0.284020341582922	0.494	0.597	5.85191679779768e-36
COL18A1	2.09866566091519e-40	-0.332920114371691	0.188	0.275	6.166299444901e-36
KDELR2	2.3372158482563e-40	-0.272780359457501	0.341	0.383	6.86720760534666e-36
SLC25A6	3.21134432993722e-40	-0.347899060271341	0.609	0.736	9.43557191022153e-36
FNIP1	3.62963227424547e-40	-0.272755247756066	0.246	0.291	1.06645855481881e-35
COL1A2	3.76735079518526e-40	-0.268130674538047	0.55	0.659	1.10692301064133e-35
HLA-E	4.19456401640351e-40	-0.271106584257815	0.525	0.634	1.23244679929968e-35
THSD7A	4.56962926675273e-40	0.50306653451655	0.256	0.135	1.34264847115729e-35
UBE2B	5.6187401054313e-40	-0.296407071015307	0.487	0.581	1.65089821777783e-35
RAB21	3.17666873286969e-39	-0.311842437807892	0.332	0.435	9.33368807091773e-35
IQCG	7.05691560568956e-39	-0.28386526842536	0.099	0.213	2.07346294326371e-34
EIF3J	8.35946613846081e-39	-0.319044055613669	0.302	0.402	2.45617834080256e-34
EIF4E	1.04556424928927e-38	-0.354255296448585	0.195	0.283	3.07207687726174e-34
IRF9	1.82295127222257e-38	-0.336841949405073	0.172	0.249	5.35619542804434e-34
SNHG32	1.87826513799185e-38	-0.368624701712824	0.468	0.587	5.51871862844764e-34
MT-ATP8	2.73628618959257e-38	0.79916069372989	0.516	0.395	8.03975608226088e-34
WDR45B	4.0158810290637e-38	-0.569174095015693	0.324	0.383	1.1799461639595e-33
MRC2	5.36494083918774e-38	-0.305007089645104	0.254	0.332	1.57632691737014e-33
RAD50	5.56063415101948e-38	-0.252948734259358	0.195	0.229	1.63382552625254e-33
PPP1R15B	6.33121405060007e-38	-0.284910059273889	0.441	0.554	1.86023731234731e-33
KLHL21	1.07118422863542e-37	-0.264961171452605	0.081	0.151	3.14735350057659e-33
OSER1	1.14089576579374e-37	-0.291614314951488	0.184	0.264	3.35217993905517e-33
TCEAL9	1.25628484992136e-37	-0.3733966981446	0.565	0.663	3.69121614603893e-33
MT-ND4L	1.34965761254878e-37	0.530621784132232	0.829	0.794	3.96556399719082e-33
ZBTB16	1.42798363558038e-37	-0.312568003597679	0.393	0.466	4.19570151806228e-33
HCG18	2.82356236561481e-37	-0.285132734009486	0.222	0.251	8.29619094264943e-33
SGCE	3.31034341189778e-37	0.263647322873796	0.311	0.188	9.72645101283804e-33
MGP	3.97825808281077e-37	-0.338563124658663	0.626	0.743	1.16889178989146e-32
SEC61G	7.92476607148694e-37	-0.292482452709728	0.525	0.594	2.32845476712429e-32
MT-ND5	2.76068012159349e-36	0.26312579109707	0.965	0.986	8.11143033326598e-32
KRT19	2.89161578621569e-36	-0.540037717852547	0.342	0.459	8.49614550305894e-32
USP12	2.96802601423033e-36	-0.29871398174515	0.144	0.231	8.72065403501155e-32
TFPI2	3.40074894008727e-36	-0.317061342309851	0.215	0.335	9.9920805357644e-32
HES1	3.81687545137946e-36	-0.493439285479106	0.198	0.321	1.12147434512431e-31
NDUFA13	5.0108964864594e-36	-0.307983079735699	0.602	0.725	1.4723016056515e-31
TM4SF1	6.94733013164863e-36	-0.268714267568088	0.027	0.1	2.041264539281e-31
ABCA1	1.18760386047965e-35	-0.275432953179527	0.229	0.253	3.4894176628613e-31
H2AFZ	2.20227177430059e-35	-0.342413616787703	0.469	0.57	6.47071492725001e-31
JMY	2.53642238373951e-35	-0.370501032809396	0.207	0.298	7.45251624790344e-31
PRDX6	4.89542892600075e-35	-0.256357348447895	0.61	0.709	1.43837492703754e-30
CRIP1	6.11379139151739e-35	-0.448502974894065	0.211	0.321	1.79635418665564e-30
PLTP	8.24147901672093e-35	-0.270339475023318	0.26	0.325	2.42151136469294e-30
WTAP	8.43341926364824e-35	-0.293702878812376	0.384	0.476	2.47790724804513e-30
IFI27	9.90327224170744e-35	-0.391088096060427	0.222	0.315	2.90977945005848e-30
GSTM5	1.22575965018955e-34	-0.274098660436216	0.294	0.4	3.60152700418694e-30
ARC	1.34870229777612e-34	-0.373547701081048	0.067	0.139	3.96275709132579e-30
SOX4	1.47317465219519e-34	-0.39556161792005	0.327	0.445	4.32848176307991e-30
NINJ1	1.68305655861617e-34	-0.281471269665428	0.269	0.305	4.94515678052602e-30
ATP5MC2	1.99968448331109e-34	-0.290920820693876	0.623	0.749	5.87547294886463e-30
HNRNPAB	3.5783006525751e-34	-0.260807398909369	0.395	0.472	1.05137629773962e-29
BCL3	6.49346865876598e-34	-0.293675751367177	0.233	0.313	1.90791096131862e-29
PLAUR	9.15087683667344e-34	-0.351853807847917	0.156	0.253	2.68871063215139e-29
FKBP2	1.93641535494786e-33	0.511928760235902	0.163	0.076	5.68957559590781e-29
TNFAIP6	2.48110587332883e-33	-0.287531186580423	0.053	0.139	7.28998527701476e-29
OLFML3	2.87438402584831e-33	-0.253871488638152	0.476	0.545	8.44551514474751e-29
AHNAK	5.78954661783367e-33	-0.279604416191745	0.669	0.776	1.70108458725189e-28
AC005261.1	1.01677407024754e-32	-0.290524017342274	0.142	0.2	2.98748557320131e-28
LEPROT	2.55796047838094e-32	-0.259652972930151	0.492	0.542	7.51579947757887e-28
MTRNR2L12	4.98043218515278e-32	0.7328272387179	0.161	0.101	1.46335058464159e-27
FOSL2	1.06651308076952e-31	-0.271505677138396	0.449	0.514	3.13362873391701e-27
PLIN2	1.09092871690244e-31	-0.330258454003404	0.347	0.463	3.20536675600274e-27
YPEL2	1.68245475907587e-31	-0.280154341499481	0.094	0.159	4.94338857311672e-27
TWIST2	1.75898994352389e-31	0.452296006022554	0.44	0.308	5.16826425206191e-27
FGFR1	1.82344892622487e-31	-0.253899115179685	0.447	0.529	5.35765763503392e-27
TAGLN	3.38580200608932e-31	-0.252083333384598	0.724	0.837	9.94816345429165e-27
UQCR11	3.52373854806656e-31	-0.253231864650052	0.446	0.492	1.03534486019292e-26
COL3A1	4.95155392787455e-31	-0.350702100566441	0.547	0.617	1.4548655750881e-26
ADAMTS4	1.16073435359818e-30	-0.347342098922857	0.309	0.414	3.41046967774218e-26
COX6A1	1.2239171113678e-30	-0.286151251278921	0.6	0.693	3.59611325662086e-26
MCL1	1.23974042462727e-30	-0.259379932520907	0.592	0.673	3.64260531563985e-26
HSPA6	1.31350268789243e-30	-0.65514006512533	0.062	0.14	3.85933359756555e-26
EIF3K	1.51963418808765e-30	-0.269542243253772	0.608	0.702	4.46498917143915e-26
MAP2K3	1.82505078493538e-30	-0.261114663913487	0.1	0.164	5.36236421629712e-26
CAV1	2.35139932763666e-30	-0.300086858142706	0.22	0.284	6.90888150446202e-26
PIM1	2.57104205325029e-30	-0.324047965255879	0.214	0.302	7.55423576086001e-26
LINC01578	2.88060927864267e-30	-0.291614320277237	0.423	0.475	8.4638061825079e-26
H19	6.21727331453671e-30	-0.356092067758196	0.397	0.486	1.82675924527718e-25
GSN	8.39231216404867e-30	-0.285435661407126	0.459	0.508	2.46582916004078e-25
COL6A3	9.0494530605006e-30	-0.275999066464976	0.641	0.737	2.65891029823629e-25
TIFA	2.63639267652969e-29	-0.273581298321913	0.107	0.191	7.74624896217954e-25
FOXO3	2.84350231734808e-29	-0.254726929716118	0.222	0.319	8.35477850883212e-25
RPS17	3.33587272223324e-29	0.273733017414088	0.791	0.85	9.80146123246571e-25
FGF7	4.56077948096956e-29	0.41896960519879	0.484	0.352	1.34004822709848e-24
GDF15	5.24236042212862e-29	0.520996415433843	0.238	0.137	1.54031033922983e-24
ATP5PF	1.07184192350741e-28	-0.263735324195352	0.541	0.615	3.14928593964948e-24
MMP2	1.52795800006212e-28	-0.268531023156957	0.366	0.404	4.48944619578253e-24
COL4A1	3.53268280089636e-28	-0.253647518637138	0.27	0.322	1.03797286055937e-23
HOXA7	4.37490103192676e-28	0.270440205860116	0.213	0.118	1.28543342120072e-23
HBP1	8.74505043011973e-28	-0.253533013069552	0.245	0.323	2.56947071737778e-23
TNFAIP3	3.77707683336833e-27	-0.475222943792835	0.265	0.36	1.10978071518028e-22
PDE10A	5.2085465642062e-27	-0.372178101648156	0.291	0.372	1.53037515149507e-22
TOB1	5.43501618750066e-27	0.41485273711428	0.603	0.514	1.59691645621145e-22
H2AFX	7.29220571226829e-27	-0.257950242674349	0.37	0.437	2.14259588237867e-22
TLE4	1.11235596656274e-26	-0.27410642974878	0.329	0.383	3.26832430095464e-22
MXRA7	1.19393738596259e-26	-0.253899229910647	0.524	0.577	3.50802682743528e-22
NR2F2-AS1	1.31272647809048e-26	0.425792379386798	0.175	0.094	3.85705293792545e-22
HMGB2	1.70090252828138e-26	0.39185561572436	0.341	0.227	4.99759180859636e-22
F3	2.47374491958202e-26	0.393415457551921	0.684	0.618	7.2683573227159e-22
METRNL	5.97098615526877e-26	-0.267516299455371	0.189	0.238	1.75439515214107e-21
ADAMTS9-AS2	9.55626992707353e-26	0.538390023008101	0.112	0.074	2.80782322997274e-21
SGK1	1.27648868724608e-25	-0.266459185651747	0.109	0.198	3.75057906086643e-21
TSHZ3	1.4016680535319e-25	0.254596013914927	0.329	0.221	4.11838107488743e-21
ESR1	2.39731173734079e-25	0.553754654659921	0.652	0.6	7.04378134665472e-21
HAND2-AS1	2.83882851166804e-25	0.274649332011731	0.41	0.297	8.34104593298304e-21
EPDR1	4.14194158890812e-25	0.395380566362127	0.286	0.183	1.21698527765299e-20
IGFBP6	9.26162890580757e-25	0.291161201773702	0.732	0.721	2.72125180510438e-20
CHCHD3	6.12807481085827e-24	0.54372252707934	0.207	0.14	1.80055094092638e-19
MT-ND6	5.76444012877672e-23	0.469028683121943	0.421	0.313	1.69370779863718e-18
MIB1	1.85966497511112e-22	0.454952246972476	0.172	0.099	5.4640676298715e-18
CITED2	4.68263322498085e-22	-0.263731379309064	0.22	0.319	1.37585129416387e-17
MAFB	4.7864793732159e-22	-0.294406439609077	0.235	0.333	1.4063633694383e-17
PER1	2.49414088669989e-21	0.258659260094703	0.393	0.289	7.32828475330161e-17
BASP1	2.03718553049868e-20	-0.26416030982181	0.073	0.124	5.98565852571123e-16
CEP95	1.54902130115988e-19	0.479354203789818	0.194	0.123	4.55133438706797e-15
SPRY1	1.76394860035344e-19	-0.255849455353145	0.317	0.369	5.18283377755849e-15
PABPC1	4.71755729259262e-19	0.462926391263403	0.849	0.843	1.38611268370956e-14
CMIP	3.00143710372743e-18	0.290648261639754	0.281	0.194	8.81882249817193e-14
NLGN1	3.80001636671313e-18	0.468367337594667	0.1	0.066	1.11652080886765e-13
MAP3K5	9.48840586496442e-18	0.40034911818958	0.18	0.11	2.78788341124385e-13
ARRDC3	1.01229157830261e-17	0.322843209727778	0.223	0.144	2.97431511536872e-13
HAND2	1.07118716429282e-17	0.303434094795677	0.462	0.36	3.14736212612515e-13
SRSF7	1.11976198231621e-17	0.306322709829156	0.645	0.558	3.2900846564415e-13
SIK2	1.38985639299313e-17	0.455065610674253	0.184	0.118	4.08367605389241e-13
ANTXR1	1.76834546502689e-17	0.293572173781769	0.331	0.241	5.19575264534202e-13
EHBP1	2.42178817197373e-17	0.568267102482493	0.284	0.232	7.11569800689320e-13
ZNF331	3.67865844886272e-17	0.316687949979654	0.831	0.815	1.08086342544484e-12
HGF	6.48110323287455e-17	0.281893575112133	0.189	0.118	1.9042777518832e-12
CFD	1.89340764010529e-16	-0.340205693906455	0.129	0.177	5.56321032815735e-12
HIST1H4C	4.86210237033428e-16	0.320910086512518	0.32	0.233	1.42858291845162e-11
LONRF1	5.3316324434796e-16	0.294811032737611	0.259	0.178	1.56654024454318e-11
ZNF385D	2.73593609978933e-15	0.444225996917841	0.148	0.102	8.03872744840101e-11
CWC15	3.97741908703879e-15	0.335739073608476	0.302	0.219	1.16864527615374e-10
PPIG	1.74218760308906e-14	0.484640910867883	0.56	0.481	5.11889561539629e-10
MPC1	1.8347659576013e-14	0.251047563804348	0.292	0.215	5.39090933662414e-10
RARRES1	2.05243121189988e-14	0.264323436606604	0.365	0.28	6.03045338680422e-10
PSME1	3.069575533243e-14	0.314975631964069	0.648	0.59	9.01902683177459e-10
PTPN13	3.16172365782199e-14	0.507911646001126	0.351	0.292	9.28977645141258e-10
GULP1	8.77977514579162e-14	0.260946854813426	0.301	0.223	2.57967353333649e-09
SELENOK	1.42770335777806e-13	-0.252482115682514	0.692	0.73	4.19487800582349e-09
ISCU	2.37493070047043e-13	0.274514297917796	0.51	0.421	6.97802138412221e-09
RASA1	2.54100820423369e-13	0.335959104999642	0.115	0.069	7.46599030567943e-09
KLF2	8.34835667247812e-13	0.276275037361412	0.626	0.572	2.45291415750752e-08
PHF20	9.4117401202253e-13	0.279389975544697	0.257	0.185	2.7653574821246e-08
SNED1	2.79253996254268e-12	0.525930185986403	0.282	0.226	8.20504091794291e-08
SBF2	2.94730243830315e-12	0.391035011053867	0.217	0.153	8.65976402422232e-08
STK3	3.32804283251147e-12	0.440345289424881	0.352	0.281	9.77845545048519e-08
NPPC	3.46640008403972e-12	0.404573011488608	0.261	0.196	1.01849767269255e-07
EIF4B	4.65915347028852e-12	0.314139846114097	0.679	0.635	1.36895247264017e-07
SPIDR	5.32479209584291e-12	0.341754670093472	0.113	0.077	1.56453041360056e-07
PRKG1	7.86755800945191e-12	0.413184741865507	0.149	0.118	2.31164589433716e-07
AXL	1.02106965431877e-11	0.571646070628239	0.385	0.33	3.0001068583194e-07
ZC3H13	1.73826890674103e-11	0.504540716834547	0.382	0.322	5.1073817017865e-07
PNISR	1.83925277371183e-11	0.414901357068802	0.684	0.628	5.40409249972011e-07
H1F0	1.94766063776043e-11	0.317291786619809	0.336	0.261	5.72261648586769e-07
LPCAT2	1.94965148894591e-11	0.292603005711372	0.157	0.103	5.72846600482088e-07
HOOK2	2.88072988437971e-11	0.407923123897008	0.149	0.113	8.46416054628447e-07
PDIA3	5.47515711158649e-11	0.376916104749276	0.74	0.708	1.60871066252634e-06
RGS2	6.04346839966179e-11	0.550349703392856	0.433	0.366	1.77569188518863e-06
LUC7L3	1.62819436660177e-10	0.46842157547539	0.542	0.508	4.78396068794932e-06
TNRC6A	3.06618724234211e-10	0.265086646683195	0.274	0.217	9.0090713554496e-06
TERF2IP	3.26472406439000e-10	0.334436709143272	0.454	0.379	9.59241224599068e-06
POSTN	4.84274325982768e-10	0.264282055591925	0.805	0.807	1.42289482460257e-05
ESYT2	5.70156552309245e-10	0.529745692617859	0.247	0.209	1.67523398199502e-05
SMOC2	1.0031311170101e-09	0.316293462288715	0.583	0.516	2.94739984799907e-05
TSPYL2	1.48698341485207e-09	0.454918017240771	0.571	0.508	4.36905466951836e-05
TBL1X	1.64369955873129e-09	0.255801416798017	0.176	0.123	4.82951804346428e-05
PARD3	3.12954654434728e-09	0.359728846615226	0.194	0.158	9.19523365660119e-05
XAF1	6.75675975825679e-09	0.391828374790206	0.231	0.181	0.000198527115217101
SLC39A6	1.96781022243678e-08	0.258312618318014	0.586	0.522	0.000578181999556375
NOP58	2.29686423365287e-08	0.496990710127608	0.382	0.356	0.000674864649131887
ANKRD36C	3.30172887402739e-08	0.258024456150215	0.116	0.078	0.000970113977766727
PDE8A	4.98262401391665e-08	0.267582063442535	0.203	0.152	0.00146399458776899
MIR99AHG	6.70450392180139e-08	0.267933301519224	0.422	0.358	0.00196991734230368
RGS5	7.50078818847463e-08	0.256000447745203	0.128	0.088	0.00220388158553762
MORF4L2	8.81616977273517e-08	0.473875450352904	0.618	0.594	0.00259036700262505
TUBB6	1.34693261378353e-07	0.406243728731315	0.358	0.308	0.00395755740581878
XPC	1.36507745012822e-07	0.305524994913572	0.237	0.189	0.00401087056396672
CDC42BPA	2.72658024022893e-07	0.294170007919683	0.183	0.141	0.00801123806184064
IL15RA	2.93147163833241e-07	0.423170076733125	0.172	0.132	0.0086132499677483
TCF12	3.41071189308277e-07	0.412481586388875	0.436	0.392	0.0100213536842558
RBM6	4.26394576233476e-07	0.362545809373771	0.31	0.258	0.012528325438892
ITFG1	5.06387410340428e-07	0.261601664122721	0.189	0.143	0.0148786748906225
SUCLG1	5.32164281925087e-07	0.319203188236674	0.247	0.197	0.0156360509315229
APOE	5.75201454368387e-07	-0.260657209858753	0.257	0.291	0.016900569132252
SENP6	5.89462566575637e-07	0.392810339326414	0.388	0.335	0.0173195891311254
CMSS1	1.01335968404781e-06	0.271522112830699	0.185	0.14	0.0297745342366928
NBEA	1.13873749199823e-06	0.276163370184734	0.163	0.125	0.0334583849898921
PLEKHA5	1.50880955956534e-06	0.339395576455755	0.663	0.627	0.0443318424791489
IMMP2L	3.64345069834287e-06	0.274253931008336	0.123	0.091	0.10705186841871
CANX	4.41338273097858e-06	0.307821277987218	0.635	0.596	0.129674011401613
ELL2	7.63165559617994e-06	0.41804607079657	0.328	0.34	0.224233304726959
DMD	7.67290305395581e-06	0.401835345579124	0.281	0.258	0.22544523753133
MBD5	7.75437645553635e-06	0.321413115754274	0.134	0.105	0.227839089016569
UTRN	7.90401548082735e-06	0.340971403322824	0.396	0.343	0.232235782857669
ECHDC2	1.52959132653789e-05	0.258926497576243	0.295	0.246	0.449424523563363
NEMF	4.80708998224067e-05	0.261830663352342	0.234	0.192	1
PGR	5.77544937334439e-05	0.283530828456793	0.542	0.503	1
PLEKHH2	6.77772991999404e-05	0.343232843383112	0.418	0.425	1
FBXL7	7.08064049593024e-05	0.258150919843471	0.115	0.091	1
PNN	0.00017043490013742	0.390921458207115	0.588	0.595	1
DENND2A	0.000255302244078134	0.253167399314058	0.113	0.098	1
KIAA0232	0.00029129161403689	0.276716821361199	0.183	0.15	1
STK38	0.000312252766815311	0.252259565159699	0.129	0.106	1
CHD4	0.000314829986615685	0.276959237110272	0.385	0.341	1
MAPK8	0.00032586222174076	0.273701264727486	0.108	0.093	1
UBR1	0.000390980475015715	0.32667822679167	0.225	0.22	1
REV3L	0.000490322811128119	0.35665250214314	0.463	0.483	1
TAOK3	0.000671122848560558	0.252486359844573	0.126	0.118	1
USP47	0.00071548742976977	0.276057382903251	0.236	0.244	1
TTC17	0.00071556257294097	0.276913368245021	0.22	0.185	1
PCGF5	0.00130139264413653	0.271842114950373	0.214	0.183	1
GIGYF2	0.00167922882130186	0.250655299919362	0.227	0.193	1
YTHDC1	0.00189693140964879	0.262118676620585	0.448	0.483	1
SRSF4	0.00207277488247146	0.262429989425216	0.359	0.321	1
PITPNC1	0.00288718652576708	0.27578949031511	0.146	0.127	1
GFPT2	0.00328890030211642	0.350539132411751	0.183	0.168	1
CAVIN2	0.00356315656680898	0.286019740308706	0.329	0.293	1
UVRAG	0.00376653754983133	0.270200206228476	0.174	0.163	1
SMC3	0.00533608372918168	0.269501558929453	0.31	0.279	1
PLEKHA4	0.0093595872429451	0.258690742134973	0.18	0.166	1
FBXO11	0.0140380274973173	0.286705720018274	0.21	0.185	1
BAZ2B	0.022854166236676	0.321591996299169	0.356	0.34	1
ZNF638	0.0260856732670788	0.289347904184431	0.329	0.303	1
AKAP9	0.026374519721514	0.331114744083916	0.559	0.539	1
SREK1	0.0288318627575048	0.333524944423064	0.316	0.294	1
USP53	0.0405005010758716	0.265321967895078	0.231	0.208	1
FNBP4	0.0407200820451533	0.270459418390684	0.291	0.273	1
TRA2A	0.0581490159253905	0.273160675158767	0.492	0.468	1
LRRFIP2	0.0684872957188235	0.291933257004556	0.247	0.251	1
BAZ1B	0.0706926698298475	0.252005384939697	0.276	0.253	1
TACC1	0.18752381375485	0.329273018603776	0.612	0.595	1
POLR2A	0.200690431753726	0.266543329334103	0.374	0.355	1
HSPD1	0.305799600306798	0.38387030863163	0.717	0.725	1
SRSF11	0.310791016445156	0.281799661996061	0.52	0.52	1
NOP56	0.495660347809958	0.253266506284503	0.381	0.368	1
SCAF11	0.990291938721338	0.264298459038112	0.492	0.49	1
