	p_val	avg_log2FC	pct.1	pct.2	p_val_adj
RPL17	8.64482860114961e-44	-2.12211821497555	0.604	0.88	2.54002353958978e-39
EEF1G	1.11947623814474e-37	-1.83513687296721	0.184	0.692	3.28924508291686e-33
HLA-DRB5	1.21450087753345e-27	1.8695214789665	0.584	0.176	3.56844647836878e-23
GAS5	8.20690283789216e-25	-1.52695951741662	0.155	0.518	2.41135219182947e-20
SEPTIN7	2.59768258403609e-20	-1.42021286775271	0.127	0.429	7.63251096841485e-16
RPL36A	1.23687504560973e-19	-0.907440799521146	0.743	0.891	3.63418625901051e-15
SNHG6	1.80339981384724e-19	-1.25349403155345	0.127	0.451	5.29874933304595e-15
SNHG29	1.54173295919416e-18	-1.31867079415679	0.147	0.454	4.52991978070428e-14
IGHM	2.85077830325091e-18	-1.37170168262082	0.743	0.387	8.37615681061182e-14
MIF	4.08189433985471e-18	-1.22266438461549	0.208	0.521	1.19934219493611e-13
RPLP1	2.48977115373272e-17	-0.673786411221099	0.971	0.992	7.31544560389746e-13
SEPT7	1.66663675142387e-16	1.19260656516085	0.461	0.146	4.89691210303362e-12
CRIP1	1.85184693697232e-16	-1.38018052278799	0.253	0.546	5.44109667021206e-12
ARID5B	2.39378619540426e-15	-1.24027068302383	0.212	0.499	7.0334225993368e-11
RESF1	8.65528153812316e-15	-1.06960846121664	0.049	0.272	2.54309482153135e-10
KIAA1551	1.77356759564177e-14	1.16285898811939	0.396	0.12	5.21109630951466e-10
SEPT6	6.7463707144928e-14	0.987307266836023	0.367	0.104	1.98221864333227e-09
NME2	1.18634918861369e-13	-0.816792280950352	0.147	0.434	3.48573118598473e-09
EIF4A1	3.41218006872408e-13	-1.09573114607967	0.294	0.563	1.00256674779251e-08
HLA-DPB1	1.21158945668453e-12	0.929719367416469	0.8	0.779	3.55989214163049e-08
LINC01578	1.289968768695e-12	-0.933868096828877	0.106	0.317	3.79018623617965e-08
LINC01781	3.52803235432382e-12	-0.920939379195125	0.037	0.238	1.03660646634742e-07
SNHG32	4.0292296477431e-12	-0.822397465147378	0.098	0.272	1.18386825509988e-07
RPL39	7.85611021821676e-12	-0.619488189999254	0.939	0.975	2.30828230431645e-07
PIM1	2.12102639820038e-11	0.90700116175086	0.363	0.123	6.23199976319235e-07
PTGDS	2.21612839941683e-11	-1.39291606763361	0.024	0.199	6.51142846316652e-07
RPS12	2.27559435573299e-11	-0.750137347703185	0.976	0.983	6.68615133601466e-07
MARCH1	2.7020590789194e-11	1.23153476099678	0.465	0.21	7.93918998568099e-07
CAMK2D	6.13282630785153e-11	1.05121599540037	0.322	0.106	1.80194702577294e-06
PRXL2C	9.83447169487933e-11	-0.668813631784901	0.057	0.168	2.88956447338944e-06
RPS4X	1.90622225664237e-10	-0.553593699322911	0.959	0.98	5.60086223446661e-06
RPL28	2.35039114115787e-10	-0.59291059124517	0.914	0.972	6.90591925095005e-06
AES	4.62441712935634e-10	0.853470634240002	0.343	0.126	1.35874624094748e-05
HLA-C	4.7047833898024e-10	0.485133629988488	0.886	0.888	1.38235945559174e-05
RPS20	5.41548724900227e-10	-0.572874773797532	0.935	0.95	1.59117846350185e-05
SEPTIN2	6.01187494734685e-10	-0.719006427109994	0.086	0.213	1.76640909702945e-05
TPT1	6.4005764022532e-10	-0.433266590208985	0.984	0.997	1.88061735851003e-05
PDE4B	6.78918566997902e-10	0.809218581437413	0.596	0.336	1.99479853355323e-05
PTPRC	8.87749353494249e-10	0.771179185936862	0.71	0.51	2.6083851504368e-05
PLEKHO1	1.13372799322025e-09	0.788099708529974	0.445	0.202	3.33111958967975e-05
ATP6V0C	1.46827699108241e-09	-0.835244503156064	0.131	0.289	4.31409145519833e-05
HLA-DRB1	1.67536700529422e-09	0.83171663028558	0.784	0.77	4.92256333495548e-05
CD79B	2.67662806530261e-09	0.897538529911236	0.531	0.286	7.86446858147213e-05
SEPT2	3.67122729417336e-09	0.683395014408125	0.233	0.059	0.000107868000357402
RBM27	4.5813356583662e-09	-0.691519523958022	0.078	0.199	0.000134608804314116
RPS25	4.68931832985716e-09	-0.568677064794509	0.963	0.992	0.000137781551167863
SYNE2	5.22785705106521e-09	0.874440231577497	0.441	0.213	0.000153604895874398
RPL18	5.49776765543885e-09	-0.48482822715606	0.914	0.975	0.000161535409252104
VOPP1	8.66271201699085e-09	0.981831678273501	0.457	0.255	0.000254527804483225
EGR3	1.24445166031627e-08	-1.04937901743798	0.09	0.246	0.000365644786834126
RPS18	1.3418177896512e-08	-0.537467535862043	0.976	0.992	0.000394252902955315
HLA-DMB	1.37831524334595e-08	0.783063279984135	0.535	0.3	0.000404976584799907
RPS15A	1.37838409674036e-08	-0.512887606006603	0.939	0.98	0.000404996815304254
TOMM6	2.19739771314127e-08	-0.722804525594538	0.131	0.3	0.000645639396075169
DOCK8	2.41408954747792e-08	0.941141260405076	0.404	0.202	0.000709307790839963
EEF1A1	2.91573406271533e-08	-0.424060126122304	0.963	1	0.000856700982307018
RPLP2	3.37057599197203e-08	-0.525487309734082	0.984	0.969	0.000990342637961222
SEPT9	3.4279251163763e-08	0.577992570881054	0.224	0.062	0.00100719295769369
IFI16	3.43295540197396e-08	0.77368005037993	0.531	0.3	0.00100867095620799
PTPRJ	4.574396437331e-08	0.761146574194739	0.188	0.042	0.00134404916121659
WNK1	4.65514343363886e-08	0.769784446933188	0.367	0.165	0.00136777424367177
MICOS10	4.71487377788074e-08	-0.689778613507172	0.106	0.252	0.00138532421341692
RPS28	6.93628319556533e-08	-0.439971094723638	0.967	0.989	0.002038018728521
POU2F2	8.04052777366674e-08	0.685113169207076	0.551	0.319	0.00236246787045876
RPS17	9.24764920910015e-08	-0.404468650874624	0.547	0.742	0.00271714429061781
RPL26	9.42177686608247e-08	-0.500833253812433	0.861	0.964	0.00276830647879235
GRB2	1.41905170634238e-07	0.646287052629518	0.686	0.465	0.00416945772357518
RPL21	1.78269372791212e-07	-0.549813214929686	0.976	0.994	0.00523791071135139
AKAP13	1.86857417863686e-07	0.822801427087616	0.608	0.392	0.00549024465167083
HLA-DQA2	1.92008513640532e-07	-0.639076998613924	0.127	0.308	0.00564159414778611
MT-RNR2	2.03292896673116e-07	3.09225921845796	0.131	0.025	0.00597315189004948
RPS11	2.04773612740614e-07	-0.492139370550236	0.959	0.958	0.00601665828954473
RIPOR2	2.22736809498057e-07	0.772588838748052	0.433	0.227	0.00654445293667192
TSC22D3	2.3561796253772e-07	0.700080087689513	0.78	0.616	0.00692292697528328
MID1IP1	2.45892432426791e-07	0.48895496021446	0.155	0.031	0.00722481144956398
RARRES3	2.55513456774571e-07	0.36665424844027	0.11	0.011	0.00750749638695045
APBB1IP	3.35431531161608e-07	0.742399580785256	0.473	0.261	0.00985564924859038
IGLC1	3.4160790644692e-07	-3.81629399653625	0.037	0.154	0.0100371235072234
STX7	3.5146851330693e-07	0.455811956634204	0.306	0.132	0.0103268478579842
CYP51A1	3.52213666603883e-07	-0.735073521834754	0.073	0.218	0.0103487419521553
FAM129C	3.69279877776372e-07	0.628802022771935	0.2	0.056	0.0108501813688254
TOMM5	3.80519738869794e-07	-0.589244204059226	0.151	0.241	0.0111804309674723
TROVE2	4.01648130789544e-07	0.486856229674765	0.159	0.036	0.0118012253788584
FAM96B	4.83902224433245e-07	0.454189849551397	0.216	0.067	0.0142180151582976
RPS14	4.98371356588496e-07	-0.489685527403866	0.971	0.989	0.0146431471992832
NCF1	5.32157946338295e-07	0.520180285158214	0.486	0.272	0.0156358647793118
CPVL	5.46597663995095e-07	1.38223833110347	0.143	0.031	0.0160601325635039
RNASEK	5.57206739209804e-07	-0.665967806230901	0.233	0.431	0.0163718484114625
RPL8	5.65146182345609e-07	-0.493280133110421	0.939	0.964	0.0166051251296787
DOCK10	6.640899305868e-07	0.886355089033844	0.302	0.129	0.0195122903405014
CCR7	7.34466993913318e-07	-0.817769601597093	0.18	0.375	0.0215801092151611
CD46	8.2445000193331e-07	0.693491466107358	0.38	0.19	0.0242239899568045
HLA-DQA1	8.65459167214912e-07	0.768182820895917	0.682	0.616	0.0254289212511085
RPS21	1.00949632171219e-06	-0.461172690810797	0.951	0.961	0.0296610209245476
SNHG16	1.0697544054103e-06	-0.502913599850198	0.049	0.162	0.0314315239397654
MYC	1.09983584430979e-06	-0.775747018058067	0.127	0.294	0.0323153767775104
HDAC9	1.10471281468205e-06	0.871975265792923	0.269	0.106	0.0324586719209879
MBD4	1.24055258952204e-06	0.591014803092168	0.38	0.188	0.0364499161853366
CST3	1.2627759880299e-06	2.33979371537822	0.273	0.185	0.0371028840802945
IGHA2	1.41613813258024e-06	2.38841997808458	0.037	0.112	0.0416089706114725
SNX9	1.49556589086074e-06	-0.572632332002856	0.078	0.218	0.0439427170052703
SEPTIN6	1.62113566685408e-06	-0.612484899057046	0.106	0.235	0.0476322081635065
GABARAP	1.95833534343524e-06	-0.547352469664816	0.224	0.423	0.0575398090608143
EEF1B2	1.95852491688663e-06	-0.498306338383328	0.918	0.927	0.057545379107963
FLT3	1.97430563471844e-06	0.389991453631112	0.11	0.017	0.0580090481592973
TPM4	2.04246513647446e-06	0.669134930738082	0.584	0.381	0.0600117106398927
JMJD1C	2.10068973398374e-06	0.615106104049849	0.559	0.364	0.0617224657639102
UCP2	2.33272081718685e-06	0.5481010531326	0.367	0.182	0.068540003050584
CD1C	2.40474946570795e-06	0.653908770711969	0.302	0.132	0.070656348801431
SLC26A3	2.68724770727337e-06	0.685244087982803	0.114	0.028	0.0789567121351061
NUB1	2.86343579269696e-06	0.507126223578052	0.269	0.109	0.0841334704610221
WDFY4	3.0657884620303e-06	0.750592295356995	0.229	0.084	0.0900789965913744
GABPB1-IT1	3.27379123054345e-06	-0.480394927587646	0.057	0.134	0.0961905339358276
IQSEC1	3.47455067382338e-06	0.54518632116069	0.196	0.062	0.102089247898279
SLC2A3	3.86139850579262e-06	0.902770698309025	0.441	0.291	0.113455610897199
MT-RNR1	4.24357453137848e-06	1.64154845088674	0.122	0.022	0.124684706880963
PCED1B-AS1	4.45576720534842e-06	-0.490606912720702	0.037	0.151	0.130919352027547
CRYBG1	4.6255669185778e-06	0.460828609005525	0.233	0.087	0.135908407201653
UQCRB	4.79851957340066e-06	-0.518955711297792	0.629	0.759	0.140990102105658
NBN	4.9489175581717e-06	0.422859277601819	0.224	0.081	0.145409095694201
HMGB2	5.01624400952197e-06	0.534297216033404	0.322	0.151	0.147387281487775
VPREB3	5.57833785814363e-06	-0.486768055082567	0.061	0.193	0.163902722947976
PRKAR1A	5.82295013006296e-06	0.364694550513576	0.4	0.218	0.17108992072151
TENT5C	5.91899864312153e-06	0.604247367341987	0.335	0.199	0.173912018132197
XPO1	6.04919967647238e-06	0.396659792802375	0.257	0.106	0.177737584894112
AFF3	6.23802172022277e-06	0.794643649729022	0.335	0.196	0.183285554183585
RPS13	6.4232523236266e-06	-0.545391125832841	0.943	0.966	0.188727999772797
MINOS1	7.5632574474465e-06	0.426014807556319	0.204	0.07	0.222223630320873
LGALS2	7.66504656791724e-06	0.947282384244483	0.102	0.02	0.225214398258544
TMEM131	7.7135185519362e-06	0.6545618735738	0.253	0.104	0.226638602092989
MYADM	7.79014015456696e-06	0.551558056540178	0.502	0.317	0.228889898021487
GSTP1	7.82273063668557e-06	0.659018584808186	0.592	0.42	0.229847471567095
PLEKHA2	7.84718758587119e-06	0.675102907629099	0.282	0.126	0.230566065648067
RPL18A	7.94299145424706e-06	-0.430246786552163	0.914	0.975	0.233380974908687
FBXW7	8.00230917662333e-06	0.807444461125752	0.408	0.227	0.235123848227547
SP110	8.02889928767469e-06	0.663109475696504	0.404	0.221	0.235905118870458
NR4A1	8.99966837760001e-06	-0.632902697978543	0.367	0.524	0.264428256270643
CXCR4	9.05844851064526e-06	0.628069616139523	0.788	0.77	0.266155334139779
AAED1	1.14258105999711e-05	0.444841141824991	0.131	0.034	0.335713167048352
RPL37	1.31944540714436e-05	-0.345370180620469	0.959	0.975	0.387679449527155
RPL27A	1.38687475082865e-05	-0.401231406543981	0.947	0.958	0.407491539288475
SYK	1.40290273730877e-05	0.52899561066715	0.269	0.118	0.412200882276062
TXNIP	1.41022196496776e-05	0.679405964124577	0.62	0.437	0.414351417746828
GEN1	1.54587143860106e-05	0.517825607430333	0.171	0.053	0.454207946089764
RPL37A	1.68566984788134e-05	-0.327689835036861	0.943	0.972	0.495283514704496
GMFG	1.7739845181744e-05	0.521001159037617	0.441	0.261	0.521232131130003
RRBP1	1.98959555076083e-05	0.51363839494743	0.4	0.224	0.584582964724546
LUC7L3	2.08108167178637e-05	0.480179721993106	0.42	0.241	0.611463416804272
MRPS24	2.20070070901546e-05	-0.383432012291493	0.069	0.165	0.646609882322923
COX16	2.21051368878932e-05	-0.48651260000477	0.131	0.188	0.649493132040078
RPS16	2.21752795633853e-05	-0.436128737596406	0.947	0.961	0.651554064131387
RPL34	2.25839450370975e-05	-0.417709507671592	0.971	0.978	0.663561473079999
PLEK	2.27764568904361e-05	0.383515885075252	0.396	0.224	0.669217856354793
RPL41	2.49630379214677e-05	-0.265132308274257	0.935	0.992	0.733463980208565
NCOA3	2.59519171798978e-05	0.636100566560261	0.535	0.359	0.762519230579758
PTPRE	2.70872405108403e-05	0.6448265540092	0.216	0.084	0.795877300689509
CTSZ	2.85867614347805e-05	0.421164206220146	0.502	0.317	0.839936224476721
TBL1XR1	2.9817285532977e-05	0.307962924100326	0.294	0.146	0.876091483529929
ZNF804A	3.15811419257927e-05	0.574862572581791	0.106	0.022	0.92791711206364
RPL9	3.46463987059854e-05	-0.392080869178117	0.967	0.978	1
TNS3	3.46830721798768e-05	0.544653825591535	0.143	0.045	1
RPL13A	3.70342833775186e-05	-0.450656836831878	0.976	0.975	1
HCK	3.71627606858612e-05	0.464935147126539	0.147	0.042	1
YBX3	3.72931305438802e-05	0.495760281149213	0.408	0.235	1
ARHGAP24	3.79382248436671e-05	0.630786722998772	0.514	0.378	1
IKZF1	3.90348638925438e-05	0.392093474273169	0.363	0.199	1
HLA-B	3.94391827611729e-05	0.386434854029182	0.971	0.941	1
C6orf106	4.10166734222144e-05	0.490002466157678	0.143	0.042	1
KDM6B	4.17367287782956e-05	-0.515551797951424	0.347	0.398	1
COL4A3BP	4.33897690041464e-05	0.325894411367497	0.102	0.02	1
RHOC	4.33991120317962e-05	0.251695630271854	0.151	0.048	1
SNX3	4.40910572923759e-05	0.693822432842664	0.522	0.392	1
ARL6IP5	4.52087977797254e-05	0.446134741768909	0.486	0.311	1
MT-ATP8	4.6617757333987e-05	0.37572160353678	0.392	0.227	1
PIM2	4.66191706315225e-05	0.409132596527114	0.38	0.213	1
LRRK2	4.97630388315314e-05	0.389269250597855	0.159	0.05	1
INSIG2	5.14090712957433e-05	0.342954741845018	0.159	0.05	1
RPL30	5.15257051153408e-05	-0.454691330796172	0.955	0.969	1
RPL32	5.49519766541678e-05	-0.443655821468431	0.976	0.975	1
FCHSD2	6.87475888796702e-05	0.644927192808422	0.384	0.235	1
ATP6V1D	7.41266533020942e-05	0.25089482570628	0.196	0.078	1
CMTM6	7.42455246747869e-05	-0.472749317185436	0.363	0.44	1
RPS2	7.43440480759448e-05	-0.414542307696093	0.918	0.975	1
LRBA	7.4453427612062e-05	0.480784969576371	0.147	0.045	1
GM2A	7.6470274531738e-05	0.257416743491541	0.147	0.045	1
SAMHD1	7.90720082088583e-05	0.826365384611518	0.159	0.053	1
TCF4	8.14264352755121e-05	0.533477985535308	0.531	0.359	1
MS4A1	8.61209207582539e-05	0.614452898830386	0.6	0.504	1
ACBD6	8.79500666437456e-05	0.273505004327426	0.188	0.076	1
CTSS	9.05807831941139e-05	0.576967217135195	0.682	0.521	1
TTC17	9.17063557928648e-05	0.625372036546618	0.184	0.07	1
RPLP0	9.72263076954134e-05	-0.433635950682023	0.878	0.927	1
TOP1	0.000102453896249254	0.495608580670465	0.527	0.353	1
AC253572.2	0.000104859929168163	-0.457654209057611	0.029	0.106	1
PMAIP1	0.000105509412377397	-0.640598227977914	0.192	0.308	1
IRF2	0.000108798669089242	0.460029021631008	0.224	0.098	1
UPF2	0.000108988911997623	0.58202195884056	0.461	0.294	1
C6orf48	0.000109158015062565	0.340724492965303	0.212	0.092	1
RBIS	0.000109309562264402	-0.468735637417449	0.122	0.21	1
SULF2	0.000110261007284794	0.47089888931176	0.245	0.112	1
GGA2	0.000111317155830822	0.487815258094477	0.335	0.182	1
TACC1	0.000121366317270277	0.357490789730022	0.331	0.179	1
DCUN1D1	0.000123816725286097	0.403300883877962	0.184	0.07	1
RAC2	0.000131013042016449	0.467224625077465	0.469	0.3	1
GLRX2	0.000132147656768902	0.290111132508673	0.118	0.031	1
LYZ	0.00013542026046913	0.985732570650604	0.11	0.042	1
RHOH	0.00013560148128181	0.604197852554478	0.42	0.275	1
PABPC1	0.000139586117259062	0.737544343227309	0.82	0.742	1
AC073111.5	0.000141546910671655	0.327940237719861	0.102	0.022	1
DNAJA1	0.000150166259078887	0.45967587536035	0.743	0.585	1
KLF2	0.000155728100176171	0.532279596978266	0.629	0.457	1
RPS8	0.000160611039131136	-0.418209718161869	0.984	0.992	1
C8orf59	0.000161860461685662	0.402688226802716	0.163	0.059	1
PECAM1	0.000168830839827652	0.278010360146312	0.204	0.087	1
HLA-DPA1	0.00016917224610163	0.727587021145789	0.808	0.796	1
AIF1	0.000169305971427972	1.10062596502395	0.135	0.042	1
GSN	0.000171549726636968	0.437024444205179	0.245	0.115	1
CCDC50	0.000179094992199509	0.481888227459405	0.547	0.384	1
SH3BP5	0.000183882149213217	0.340798817390767	0.457	0.294	1
TIAL1	0.000187808096461905	0.57659811676581	0.298	0.16	1
FCRL2	0.000190168596116909	0.519331176992102	0.302	0.16	1
ASH1L	0.000191371633209734	0.523777496538604	0.367	0.221	1
USP6NL	0.000192449477186057	0.459270956583749	0.18	0.07	1
C19orf70	0.000197684406634117	0.398968438112261	0.167	0.062	1
KIF16B	0.000199704254350022	0.545880628018532	0.114	0.031	1
RPS23	0.000203319357423174	-0.44370307449963	0.967	0.975	1
ZFR	0.00021015770671055	0.433240288267281	0.208	0.09	1
SMARCA2	0.000217169906300608	0.587298085633027	0.265	0.151	1
GRK3	0.000218555713492022	0.604364036689669	0.204	0.087	1
RAMMET	0.000221710353727556	0.401426832204795	0.143	0.048	1
MPEG1	0.000223005462440305	0.610342204438439	0.257	0.129	1
RTN4	0.000234975285449137	0.483698598386815	0.367	0.218	1
BPTF	0.000235595818780657	0.517879237249902	0.441	0.289	1
RALGPS2	0.00024220546537804	0.570368779965985	0.567	0.49	1
U2SURP	0.000242753727379317	0.439195309785011	0.384	0.23	1
TTC7A	0.000244734829536626	0.360547048576583	0.114	0.031	1
SCAF11	0.000247017027817434	0.426095761916372	0.543	0.375	1
MT-CO2	0.000247333667635233	-0.35596973018724	0.943	0.978	1
SNRPF	0.000251951545878158	-0.321197374678269	0.282	0.303	1
FAM208A	0.000252041640480579	0.359604311740329	0.139	0.045	1
BOD1L1	0.000256684718010289	0.572040551884679	0.486	0.322	1
DNAJC15	0.000258082093431712	0.353953767477524	0.396	0.241	1
USP3	0.000269716295577369	0.382340494753706	0.241	0.115	1
INO80D	0.000277879846343093	1.08857224166785	0.261	0.168	1
RASSF2	0.00028054333851024	0.491095908997385	0.237	0.115	1
STK17B	0.000284389735023936	0.492485196685513	0.592	0.437	1
KDM5A	0.000288213773564677	0.294820961317381	0.31	0.179	1
EPM2AIP1	0.000291858442133252	0.460188837822199	0.229	0.112	1
GNAS	0.000295204151625576	0.382543883249638	0.641	0.476	1
PACSIN2	0.000295884015609967	0.37539188754782	0.118	0.034	1
MESD	0.00030960095324288	0.286904034601303	0.286	0.151	1
OSBPL10	0.000310240614678826	0.499029185954522	0.261	0.132	1
RRM2B	0.000317552364321112	0.387696524012662	0.159	0.059	1
GRN	0.000326650982527729	0.452363449389942	0.286	0.151	1
PTP4A1	0.00033572189856328	0.315303694196523	0.122	0.036	1
SEPHS2	0.000338169091292801	0.345416585461923	0.167	0.064	1
ATP5PO	0.000338429123702737	-0.38379564838003	0.331	0.373	1
RPL31	0.000347391136513687	-0.34914911612747	0.829	0.896	1
SLC25A6	0.000348017501043145	-0.45763964287296	0.502	0.639	1
IL10RA	0.000350365813548898	0.361968120585636	0.351	0.204	1
SIPA1L3	0.00036035816326015	0.577580840202315	0.135	0.045	1
RNASE6	0.000375096943480733	0.61732018664933	0.163	0.076	1
RUBCNL	0.000379002474416587	0.380341322319317	0.233	0.115	1
EZR	0.000399409898452661	-0.348881340057477	0.767	0.821	1
GPRIN3	0.000415558800920402	0.50887613052231	0.18	0.076	1
SDCCAG8	0.000427857255477697	0.511447338977111	0.176	0.073	1
PARP1	0.000434861404576653	0.479698958705036	0.388	0.238	1
MAP3K1	0.000439860060947997	0.446761252643232	0.31	0.174	1
SSBP4	0.000443488788392708	0.279269598110139	0.204	0.092	1
CDK14	0.000445407582295407	0.698947450056449	0.249	0.146	1
PLP2	0.000453879047220303	-0.487724787896842	0.29	0.387	1
TTC3	0.000455744283920559	0.451356273477383	0.461	0.305	1
CD84	0.000465620775774847	0.530215447036798	0.118	0.036	1
RPL29	0.00047764557519267	-0.30338011148704	0.886	0.952	1
ORAI2	0.000479051181670522	0.482086967838988	0.335	0.193	1
COQ10B	0.000481829575721074	0.303145907829585	0.261	0.134	1
UBE2V1	0.000482678232564459	-0.464116266941016	0.155	0.238	1
TLE5	0.000498266463161072	-0.431265165339069	0.11	0.196	1
SCO2	0.000506232193904332	-0.327631597558467	0.045	0.106	1
MICOS13	0.000507981981934118	-0.33773061997029	0.106	0.132	1
YPEL3	0.000515138128402137	0.487791912030389	0.314	0.188	1
CCDC28A	0.000518314322111709	0.291053651618311	0.118	0.036	1
NAAA	0.000526678873440323	0.453628199565054	0.147	0.053	1
AIM2	0.00052762084091988	0.430795276848325	0.2	0.09	1
OS9	0.000527877494928828	0.391596583174244	0.273	0.154	1
FKBP2	0.000532417650053736	0.648915349103168	0.216	0.112	1
FABP5	0.000549288943292216	-0.540051972315302	0.082	0.146	1
ZDHHC21	0.000551333538764062	0.366750930509928	0.196	0.087	1
SNX10	0.000565289127408398	0.44500761852637	0.204	0.092	1
RRP36	0.000584917424266748	0.366065263597325	0.118	0.036	1
BROX	0.000589620605851369	0.392502108135682	0.18	0.076	1
RPL7	0.000592632771351625	-0.37636750675173	0.898	0.927	1
DST	0.000601665418354753	0.256317703132168	0.184	0.078	1
PTTG1IP	0.000606036279160568	0.299583152978843	0.184	0.078	1
KLF3	0.000661915949743693	0.281685976931679	0.257	0.134	1
RPL35A	0.000665639936955479	-0.35898361757568	0.955	0.978	1
MARF1	0.000668269027364714	0.428793921077727	0.163	0.067	1
ARHGAP15	0.000672917927566631	0.62596561464814	0.237	0.146	1
VAMP8	0.000673195102387942	0.435622935269865	0.314	0.185	1
TBC1D22A	0.000695429065272561	0.740589206596137	0.208	0.101	1
VMP1	0.000716351277748321	0.339277742919534	0.31	0.176	1
PPM1K	0.000741565361492259	0.50358177825731	0.31	0.185	1
RPL3	0.000743272208397698	-0.324527191942235	0.963	0.975	1
C16orf74	0.000744761007030807	0.38007662785658	0.216	0.104	1
RPL12	0.000748234645917047	-0.300839855943511	0.951	0.978	1
MNDA	0.000761466476440162	0.459394335961867	0.208	0.098	1
DSE	0.000767106317113117	0.362026475931594	0.131	0.045	1
TMSB10	0.000771410007008406	0.738470496872778	0.869	0.874	1
RAB11FIP1	0.000796583584907279	0.464504684543408	0.596	0.445	1
ANKHD1	0.000810909732795466	-0.433373313601594	0.114	0.193	1
PPT1	0.000826232520872065	0.407766614974044	0.151	0.059	1
DDX42	0.000842162092528039	0.375361250420143	0.245	0.126	1
YPEL5	0.000843825478806544	0.492008060024363	0.673	0.549	1
GGNBP2	0.000858234207423651	0.384665038488237	0.371	0.23	1
PFKFB3	0.000859411992328258	0.422552459700302	0.114	0.036	1
MT2A	0.000860579445486997	-0.634341986104194	0.204	0.277	1
KCTD20	0.000860951813828656	0.355764845609546	0.163	0.067	1
TCL1A	0.000862712782085239	0.438679483199014	0.106	0.031	1
NUMB	0.000867110850635151	0.297268408158921	0.22	0.109	1
SLC8A1	0.000867450859389607	0.348501207428687	0.106	0.031	1
PDLIM3	0.000905205656692505	0.256208032539195	0.11	0.034	1
FGL2	0.000914744931317484	0.869933310883782	0.188	0.112	1
C17orf49	0.000922551623598323	-0.297426677635518	0.11	0.132	1
HLA-E	0.000934755859135113	0.423648654361898	0.873	0.804	1
PSMB4	0.000973016784433433	-0.35672009136934	0.184	0.221	1
TAGLN2	0.000973537383015559	0.389238790722057	0.673	0.569	1
KDM2A	0.00101792587522825	0.267491796813765	0.343	0.21	1
HMGN3	0.00103372476368187	0.366524390622409	0.327	0.193	1
RNASET2	0.00107198579424685	0.347710100909386	0.604	0.454	1
UGCG	0.00107990685348153	0.372923105354176	0.286	0.16	1
MCM5	0.00108395496911596	0.258351484626793	0.135	0.05	1
OSBPL8	0.00109225212870994	0.491458303398028	0.331	0.199	1
ST3GAL5	0.00109952938995219	0.478867732583868	0.188	0.087	1
TAF15	0.0011355990742841	0.622051120583888	0.269	0.154	1
GTF3A	0.0011683274298035	0.511664347571066	0.441	0.303	1
HCLS1	0.00117515351340228	0.363396385254356	0.404	0.272	1
TRANK1	0.00119362085805307	0.271093010438202	0.163	0.07	1
CPQ	0.00120141870680939	0.502603211475029	0.151	0.064	1
GPR183	0.00120279822529433	0.524224726353815	0.637	0.585	1
PRKX	0.00122970467946838	-0.449981765184576	0.041	0.12	1
FGD2	0.00123461183006015	0.352828584490277	0.196	0.092	1
LGALS9	0.00125589409301331	0.29057665957466	0.122	0.042	1
CMIP	0.00129339973091267	0.275843980292608	0.188	0.087	1
GON4L	0.00130214950019499	0.28932467336076	0.233	0.12	1
FAU	0.00131901245805402	-0.267792937602583	0.935	0.966	1
CTSH	0.00136263219576135	0.359670647196517	0.51	0.361	1
NUFIP2	0.00137967889709613	0.266434669870133	0.408	0.269	1
MACROD2	0.0014007807667492	0.413232868067714	0.11	0.036	1
ROCK1	0.00140574836168323	0.477590998201015	0.441	0.297	1
AC004687.1	0.00140734394915395	0.322560642057394	0.196	0.092	1
HLA-DRA	0.00142503144105042	0.455432468960152	0.824	0.829	1
NSRP1	0.00142690531296409	0.353012365181114	0.224	0.115	1
RPL11	0.00145992492920698	-0.295515636909382	0.98	0.978	1
ZFP91	0.00147593348323091	-0.388941676740277	0.09	0.168	1
TRBC2	0.00147813251143235	0.515178997213242	0.204	0.109	1
RSBN1L	0.00148436597399036	0.320299678265113	0.302	0.176	1
FCRL1	0.00148510356098438	0.474778612311249	0.143	0.062	1
AKAP9	0.00152861274729349	0.521064199643766	0.469	0.333	1
RPL13	0.00153076493502728	-0.271246225169268	0.988	0.989	1
LBH	0.00154949782037849	0.491705660910533	0.245	0.154	1
MEF2A	0.00156781903143477	0.496508564196861	0.335	0.207	1
ANP32E	0.00159706715700923	0.427122832366963	0.437	0.294	1
BLNK	0.00170130883772057	0.41863574573406	0.204	0.101	1
ID3	0.00173888098497039	0.65142842245632	0.327	0.244	1
PALM2-AKAP2	0.00175363218234791	-0.329768730183508	0.041	0.104	1
SLC25A36	0.00175464143155421	0.402126220082027	0.196	0.095	1
LPP	0.00184789326895646	0.639989225470604	0.241	0.137	1
CBX4	0.00186056338596879	0.394559552621895	0.151	0.073	1
COTL1	0.00187001305241124	0.569506681012403	0.4	0.286	1
RPL38	0.00187461078132437	-0.278150577130922	0.931	0.958	1
STMN1	0.00187785432773087	0.3574984457199	0.212	0.106	1
SPOP	0.00187865760499629	0.433739655604314	0.253	0.14	1
QRSL1	0.00188176572539129	0.306540970606801	0.135	0.053	1
INTS11	0.00201303571098041	0.31886271500462	0.122	0.045	1
METTL14	0.00202829465710546	0.306990072695894	0.114	0.039	1
KRTCAP2	0.00204594682767399	-0.465651326048456	0.269	0.342	1
RPSA	0.0020564608416345	-0.39460814359126	0.91	0.924	1
PTPN12	0.00212218538961747	0.542308235602335	0.159	0.07	1
CASP1	0.00213334680208606	0.31220457551784	0.106	0.036	1
RPL10	0.00216663704744678	-0.294669824388285	0.98	0.983	1
RNF168	0.00219795702358038	0.427952755842054	0.233	0.123	1
SFRP4	0.00222629242232825	-0.597046189226545	0.057	0.132	1
TMSB4X	0.0022301879650226	0.623814489762418	0.918	0.908	1
CCDC88A	0.00227088460477788	0.726634384524781	0.278	0.165	1
ATRX	0.00228019132411177	0.434691383819	0.567	0.423	1
EGR1	0.00228493227505141	-0.635920141099888	0.257	0.37	1
RPL36	0.00232634472302271	-0.264995974871725	0.906	0.961	1
ATP5F1A	0.00233639579950244	-0.358824614425294	0.229	0.252	1
SNX2	0.00234095322847489	0.607283567411826	0.473	0.353	1
SLA	0.00234467912420533	0.585636366557058	0.147	0.067	1
DDX46	0.00237917729244952	0.355072573341175	0.388	0.255	1
MLX	0.00238472921429308	0.263553066125425	0.131	0.05	1
GIT2	0.00239133486154301	0.340204901384179	0.167	0.076	1
FRG1	0.00239578146290912	0.46156222863695	0.237	0.129	1
PEX2	0.00240870931844373	0.303051693282369	0.11	0.039	1
PSMA3	0.00245586935280262	0.337193095442968	0.294	0.174	1
PLAAT4	0.00246452842086821	-0.340408790210626	0.049	0.101	1
CD47	0.00246931861819614	0.439417800663776	0.412	0.28	1
ACAP2	0.00248300908580998	0.563283018794847	0.322	0.204	1
PACS1	0.0024863567051988	0.359417271987604	0.143	0.059	1
PHF23	0.00248761917060964	0.361242937030801	0.143	0.059	1
ANKRD44	0.00251252744020607	0.539873015644531	0.404	0.272	1
CDKN1B	0.00256342941463217	0.418791911237745	0.31	0.188	1
AGO3	0.00258880882374558	0.358744336055569	0.147	0.062	1
MXD1	0.00259695594923418	0.286332274299303	0.147	0.062	1
LIMD2	0.00260046905290815	0.330679839288145	0.437	0.3	1
SOX5	0.00264095214837631	0.392852604857236	0.131	0.062	1
SEC61G	0.00266122578768743	-0.255817298901414	0.363	0.356	1
STAMBPL1	0.0027120176946173	0.347934741271993	0.106	0.036	1
RPL27	0.00274025112903845	-0.289534764319628	0.943	0.95	1
ASAP1	0.00276174414481194	0.308713293030524	0.188	0.095	1
UXT	0.00280187925643374	-0.401085414975851	0.416	0.471	1
ZFAND2A	0.00281073568468175	0.529667705153228	0.233	0.126	1
CD74	0.00285195663686026	0.490469090643134	0.967	0.944	1
WIPF1	0.00288340760199626	0.329546075808083	0.327	0.21	1
C1orf162	0.00294170728937561	0.488865826766722	0.176	0.084	1
ICAM3	0.00305091669295167	0.267887780612149	0.384	0.255	1
PTEN	0.00308084547472936	0.466493049932005	0.253	0.143	1
PTPN1	0.00310161864375341	0.529156376831292	0.588	0.462	1
UQCRH	0.00314742478750516	-0.395487589614989	0.559	0.625	1
SH3GLB1	0.00317746868032595	0.385164921970387	0.363	0.235	1
CRLF3	0.00321092053229515	0.252842865405205	0.155	0.07	1
VPS13C	0.0032648532707032	0.459404794581812	0.424	0.319	1
HIST1H1D	0.00326735358423425	0.488193740910799	0.216	0.115	1
CPNE3	0.00327251151520576	0.570583311729147	0.224	0.157	1
DANCR	0.00328206570222424	-0.341893199182438	0.078	0.146	1
MEAF6	0.0032958549876613	0.357804337151613	0.212	0.112	1
RAB30-AS1	0.00329791051902624	0.408180209527503	0.102	0.045	1
CKLF	0.00330296967337193	0.398712099367264	0.265	0.154	1
MDK	0.00335475763708199	-0.369045667446323	0.11	0.129	1
NGRN	0.00337150996044505	-0.286799521070454	0.082	0.12	1
LYN	0.00340688932239014	0.421248819277206	0.535	0.398	1
COX7B	0.00341787702255093	-0.399197395488709	0.343	0.395	1
IGHG2	0.00351552489589896	-3.72433871594738	0.11	0.087	1
LSG1	0.00358957534542839	0.340210549787351	0.118	0.048	1
NACA	0.00364271082215097	-0.281388426951078	0.902	0.944	1
CD44	0.00364754469111874	0.495238957048956	0.604	0.521	1
PRPF38B	0.00366558591744196	0.301865167479863	0.473	0.345	1
MAN1A1	0.00367471995131719	0.569016894985537	0.269	0.157	1
ZNF107	0.00372186917255703	0.399351410118788	0.176	0.084	1
AHNAK	0.00372869642955436	0.544134474027899	0.702	0.591	1
SRGAP2	0.00373471195636869	0.412643212170818	0.122	0.048	1
TAOK3	0.00373770174173645	0.29797976147775	0.302	0.19	1
NDUFA13	0.00374372196373382	-0.427815017907859	0.392	0.462	1
HSP90AB1	0.00376811616958702	-0.34129351828998	0.878	0.888	1
FXYD5	0.00377279152679753	0.433450392465257	0.51	0.387	1
MTF2	0.00378513929508029	0.312220851945032	0.204	0.106	1
S1PR4	0.00379792240808933	0.251088381438074	0.139	0.062	1
ITGB2	0.00383921892759896	0.306511971370161	0.151	0.067	1
CELF2	0.00391385955525937	0.525006159394719	0.388	0.266	1
DDX5	0.00392822706970462	0.251542463562938	0.898	0.902	1
TNFRSF13B	0.00400211883451775	0.507752906417015	0.363	0.255	1
VDAC2	0.00400786010916316	0.358347222200716	0.416	0.286	1
TMA16	0.00404067305255218	0.301327712457313	0.147	0.064	1
RALB	0.00408238196446946	0.259092896077047	0.131	0.053	1
SPCS3	0.0040872344592123	0.29962741048562	0.404	0.275	1
TRAPPC5	0.00414599562200186	-0.346789073512467	0.094	0.148	1
CAPZB	0.00417093822297145	0.260468860964933	0.363	0.244	1
RPS5	0.00417626233159256	-0.307715118751952	0.939	0.955	1
TRAPPC2	0.00428269146137402	0.346946032529063	0.11	0.048	1
FAM214A	0.00437941520581015	0.513477163698415	0.269	0.168	1
MBD2	0.00443668070366093	0.320689656014351	0.31	0.193	1
C16orf72	0.00445417691608809	0.311944621741057	0.196	0.101	1
RHOG	0.00445991972399709	-0.282012365731234	0.208	0.218	1
RGS19	0.00448325403658152	-0.397681353382349	0.127	0.204	1
DUT	0.00457946509276642	0.36188196730386	0.286	0.174	1
NFKBIA	0.00459783131144387	-0.453929535941959	0.604	0.703	1
IGFBP5	0.00463149687034013	-0.94286679153178	0.086	0.14	1
MORC3	0.00464668946092932	0.369485149023731	0.192	0.098	1
RPS9	0.0046530403215658	-0.251599593000866	0.922	0.964	1
CIAO2B	0.00467158335807722	-0.321503543404938	0.102	0.143	1
RPS26	0.0047638008461744	-0.260824665580219	0.906	0.924	1
LINC00513	0.00478793192222129	0.371013458333108	0.208	0.115	1
DDRGK1	0.00479826473430833	0.333657335466791	0.159	0.076	1
RRP15	0.00482251628727657	-0.33436373622003	0.086	0.132	1
EIF1AX	0.00483055640590407	-0.312036778567329	0.412	0.44	1
ARL8B	0.00486983280882361	-0.312247684270525	0.139	0.151	1
ETV6	0.00491421746770953	0.401664452006082	0.229	0.134	1
TMX4	0.00497211315096298	0.366196551728541	0.208	0.12	1
GATAD1	0.00500118047043338	0.289056791842281	0.159	0.076	1
SMIM7	0.00501453649724915	0.290586273480266	0.188	0.095	1
PRRC2B	0.00501722444080011	0.256197808901037	0.22	0.12	1
TOB1	0.00502491329736051	0.316834678681189	0.188	0.095	1
IDH3G	0.00506132933334033	0.263262462300524	0.171	0.084	1
PICALM	0.00507535692737209	0.627494680789588	0.176	0.087	1
PAFAH1B1	0.00509101444957565	0.324229551555549	0.38	0.255	1
CARD8	0.00511939328405993	0.411427643620663	0.159	0.076	1
RAB30	0.00512304022384371	0.458365381062923	0.335	0.221	1
METTL21A	0.00512453276952776	0.368309998880773	0.139	0.064	1
HIST1H1E	0.00514338716958371	0.325744365700092	0.184	0.092	1
HSPE1	0.0052284331201121	-0.451806405033192	0.453	0.541	1
UBE2J1	0.00535000696099922	0.352325016628998	0.38	0.269	1
IL2RA	0.00551570670105149	0.332778955557693	0.139	0.062	1
AC025164.1	0.00551764061806388	0.552802490104619	0.176	0.087	1
RPP21	0.0055948537855403	-0.34029919419279	0.073	0.106	1
TMEM154	0.00561204960581837	0.349453639592098	0.261	0.154	1
VAV3	0.00566180866433043	0.352814854769999	0.122	0.05	1
JDP2	0.0057032411275392	0.273242393587271	0.139	0.062	1
NFX1	0.00578350365129617	0.627399425264269	0.139	0.062	1
CCND1	0.00580470495631836	0.330004106798608	0.106	0.039	1
MTPN	0.00599387875168654	0.343106128417389	0.412	0.289	1
PLEKHG1	0.00611290708687872	0.546931945610462	0.143	0.081	1
DYNC1H1	0.00611393772172445	0.346307488898452	0.294	0.182	1
SCPEP1	0.00614217187242432	-0.320870666649759	0.045	0.101	1
RUNX1	0.00614754326131206	0.28302566301305	0.135	0.059	1
CYTIP	0.00614933545424625	0.472526130756255	0.518	0.401	1
FAM13B	0.00616812003994927	0.377151530869316	0.143	0.064	1
IFT57	0.00617112599461649	0.508690229658281	0.412	0.294	1
POLR1D	0.00622365919033039	0.297119867374307	0.412	0.291	1
CD70	0.00628710858234194	-0.418423704322962	0.094	0.185	1
SEPTIN9	0.00637008516412772	-0.28895635524406	0.069	0.109	1
CDC27	0.00640107180561521	0.264633784236108	0.131	0.056	1
PARK7	0.00643941044470729	-0.264263076383088	0.355	0.347	1
TBK1	0.00649343280166954	0.465483228712965	0.139	0.062	1
MYO9A	0.00649895645890487	0.439577707496218	0.135	0.059	1
ARID4A	0.00651414732693881	0.390119577093777	0.29	0.179	1
EIF3F	0.00654198309127716	-0.318413890184142	0.449	0.496	1
BICD1	0.00655383347330281	0.479091654775038	0.176	0.09	1
SMDT1	0.00665105170779259	-0.33447985689728	0.437	0.49	1
RPL22	0.00667430428605849	-0.282560750654279	0.931	0.95	1
PRDX2	0.00667511913383982	-0.313384075649862	0.192	0.218	1
SERTAD1	0.00672978666724419	0.464934871869683	0.265	0.16	1
ERBIN	0.00677807475216629	0.370312218058769	0.224	0.129	1
TNRC6B	0.00680710620762991	0.46364693220051	0.49	0.392	1
IRF4	0.00683409492300192	-0.354403029910563	0.147	0.238	1
COBLL1	0.00684185716568826	0.401988751901813	0.429	0.311	1
RPS6KA3	0.00684343747004623	0.311303734024486	0.171	0.087	1
SAT1	0.00686488150859222	0.296263894325851	0.755	0.762	1
TUT7	0.00702911087068382	0.283996749033075	0.22	0.123	1
FCGR2B	0.00708629881151739	0.341908807214491	0.245	0.143	1
DUSP5	0.00714545853921915	0.524254043012485	0.269	0.176	1
ZFAS1	0.00716373713942649	-0.299421406497694	0.706	0.737	1
C12orf45	0.00725104875560448	0.671738751084417	0.212	0.129	1
CNTRL	0.00746423467246507	0.511814451295855	0.273	0.168	1
ZFP36L1	0.00747493732142923	-0.483705925278711	0.535	0.622	1
BIRC3	0.00753786434889562	0.409791206454548	0.702	0.583	1
ELMO1	0.00757071812356837	0.499155169260591	0.229	0.132	1
NIPBL	0.00762686816764731	0.538909378228922	0.306	0.204	1
CKAP2	0.00774680917224316	0.484312755188659	0.159	0.078	1
TOMM7	0.00799534169369875	-0.308700414010094	0.78	0.849	1
EIF3K	0.00803251437472018	-0.333213084007722	0.535	0.627	1
FAM117A	0.00806561294925111	0.30835285204049	0.151	0.073	1
RBFOX2	0.00813681879305911	0.696957465579639	0.118	0.05	1
CXorf21	0.00816869148924981	0.416470373428674	0.163	0.081	1
CASP8	0.00819112295921556	0.301159355976365	0.208	0.115	1
CCDC6	0.00819737438915205	0.609028652449642	0.249	0.148	1
COX17	0.00819741855075254	-0.376851199537563	0.327	0.398	1
MUC20-OT1	0.00830240355903658	0.346124562725717	0.102	0.039	1
BTG1	0.00832003960659979	0.496168309953682	0.898	0.849	1
PARP4	0.00844236341332892	0.294270416610407	0.122	0.053	1
CYB5R4	0.00847545863178485	0.284632106907334	0.184	0.098	1
LSP1	0.00850266886260793	0.36917553082114	0.396	0.289	1
CARMIL1	0.00852932566467184	0.486780264125928	0.241	0.143	1
RC3H2	0.0087105073424501	0.296826534080627	0.114	0.048	1
RBM4	0.00871220758878963	-0.364060371544004	0.159	0.224	1
RPL10A	0.00875569166991612	-0.2723624681664	0.947	0.952	1
KLF6	0.00881668045379909	0.387834553038898	0.812	0.784	1
CD86	0.00889059902169341	0.304874889074675	0.118	0.053	1
DPP7	0.00893324817747249	0.322420435678556	0.302	0.207	1
CBX3	0.00900717542450577	0.303322951896076	0.371	0.255	1
SLTM	0.00904867723740882	0.383892358120909	0.4	0.28	1
SKI	0.00906627553261833	-0.299502505076616	0.057	0.118	1
ZNF395	0.0091015718960592	0.27234679848768	0.102	0.048	1
KIAA0040	0.00915453550927052	0.266492339781756	0.159	0.078	1
FAM96A	0.00919062885206355	0.406590716626491	0.127	0.059	1
DENND1B	0.0092110593492177	0.308085459624675	0.127	0.056	1
KAT7	0.00930034410338904	0.385302995019671	0.118	0.05	1
XRN1	0.00933083511571502	0.464149174494225	0.22	0.132	1
AGPAT5	0.00936887402567933	0.349771806033407	0.155	0.076	1
LUC7L2	0.00937507300502822	-0.309060201061376	0.143	0.232	1
INO80	0.00939421719923525	0.343172612023301	0.155	0.076	1
GAB1	0.009418109955285	0.563029516400628	0.131	0.07	1
CCS	0.00942169730720022	0.30942096517608	0.143	0.067	1
ARHGAP30	0.00956523073321071	0.420724218440412	0.22	0.126	1
ZNF24	0.00959440853023489	0.43564018835515	0.273	0.174	1
LMBR1L	0.00962083222574215	0.322535027809085	0.11	0.045	1
MTSS1	0.00978607032165751	0.416761733411387	0.367	0.255	1
ATP1B1	0.00980567151193859	0.365933738641955	0.192	0.106	1
ACTB	0.00983673904682592	0.421497232695769	0.853	0.821	1
MCL1	0.00983784079195063	0.311256671500269	0.555	0.454	1
FAM208B	0.00990727303539668	0.297337058791517	0.114	0.048	1
BTLA	0.0099810546403288	0.384261180167715	0.106	0.042	1
UTP3	0.0100968492873533	0.304245622298876	0.139	0.064	1
EIF5A	0.0101721520077004	-0.348111353713701	0.343	0.398	1
PIK3R1	0.0101883405044164	-0.388536935569465	0.131	0.176	1
RPS15	0.0102168460883807	-0.25086627421978	0.955	0.972	1
VPS36	0.0102802965143527	0.277935289061431	0.212	0.12	1
CPEB4	0.0102929811566416	0.435380654229656	0.269	0.168	1
CLIC4	0.0103729954692617	0.357178788708584	0.167	0.106	1
HSH2D	0.0104191138967674	0.379849768311312	0.224	0.132	1
EML4	0.0104196466474563	0.378364740950326	0.371	0.261	1
AP1S2	0.0104478915057115	0.276699469447025	0.208	0.118	1
CLTC	0.0107199497085248	0.363441117996512	0.192	0.106	1
SCAPER	0.0107285889314558	0.436942105032816	0.163	0.098	1
EMC10	0.0107468596030835	0.304521738430168	0.18	0.095	1
CYCS	0.0109347078461477	-0.299094966338625	0.465	0.496	1
WBP2	0.0109415067298051	-0.352562967317639	0.086	0.129	1
USP8	0.0110313759897336	0.573289486774275	0.38	0.266	1
CEP350	0.0112674506715415	0.380812179985264	0.286	0.182	1
ITPR2	0.0113068821442825	0.274316457943622	0.245	0.148	1
BEX2	0.0113162703213117	-0.345787781926841	0.065	0.101	1
RPS3A	0.0113984741157984	-0.293384444864247	0.98	0.969	1
JUNB	0.0115235139866256	0.424421939078154	0.678	0.63	1
METTL8	0.0115764594684624	-0.352885336948434	0.069	0.118	1
UTP6	0.0116031302803514	0.3840278266379	0.118	0.059	1
SSU72	0.0116851427931197	-0.269991662192085	0.294	0.297	1
VIM	0.0118427598110263	0.397753745189964	0.735	0.695	1
ORMDL2	0.0118750195031183	0.273221525475988	0.147	0.073	1
NFIC	0.0118828681734335	0.274572919189893	0.139	0.067	1
TARSL2	0.0118972965713173	0.337829065317389	0.122	0.064	1
SMARCC2	0.0119296247808457	0.258721491494418	0.2	0.112	1
CHCHD10	0.0120805918748196	-0.268224402665617	0.376	0.44	1
PLK3	0.0122324207726315	-0.277227995394931	0.078	0.129	1
SETX	0.0122870829980469	0.358368600427701	0.282	0.179	1
RPAP3	0.0123218682583854	0.390745462623144	0.167	0.087	1
RPL22L1	0.0123342681046282	-0.338793249020297	0.363	0.443	1
ELOC	0.0123931011171865	-0.346536675728326	0.212	0.258	1
PSMA6	0.0124611707855859	-0.356073966511496	0.094	0.146	1
PSMC6	0.0125562410550469	-0.320238233308313	0.18	0.207	1
CYB561A3	0.0125740427282333	0.273392945366611	0.159	0.081	1
SP140	0.0125906511099676	0.357261150928662	0.327	0.218	1
TPR	0.0127841485062727	0.418981514963457	0.429	0.311	1
UBXN4	0.0128465925326029	0.330563862358111	0.437	0.319	1
CD83	0.0129015281297615	-0.292912392053994	0.522	0.594	1
RAB5A	0.0129243425524111	0.38319453569919	0.2	0.115	1
SNRPE	0.0129336985169114	-0.308392431957337	0.22	0.252	1
MT-ND4L	0.013159734094983	0.376263865661807	0.645	0.557	1
TFG	0.0131825729980146	-0.360341547791364	0.131	0.146	1
USF2	0.013208611329269	0.327458133259406	0.261	0.162	1
ST8SIA4	0.0132224799916168	0.375420107618634	0.29	0.188	1
ERC1	0.0134440150348761	0.423161717657377	0.171	0.101	1
TXNDC17	0.0134559354319903	0.27068083509485	0.212	0.123	1
CD37	0.0134616406948509	0.467654573100164	0.722	0.661	1
TMF1	0.0134648134473443	0.392203289039805	0.347	0.238	1
EDF1	0.0136935986875071	0.339939217210437	0.608	0.504	1
SELENOF	0.0137949817999747	0.292466648245534	0.335	0.227	1
ZFC3H1	0.0138353172212356	0.396776312820761	0.241	0.148	1
LSM6	0.0139129281270465	0.304053086558006	0.237	0.143	1
MBD5	0.0139719020608116	0.33399323410972	0.122	0.056	1
MIDN	0.0139945538258987	0.363932214751461	0.306	0.202	1
ATP5PD	0.0141231490696444	-0.339910247703422	0.265	0.303	1
NR1D2	0.0141239070135234	0.300439323454513	0.151	0.076	1
SSR1	0.0142057676887423	0.278794934195087	0.273	0.174	1
TATDN1	0.0142222501720576	0.29140471930991	0.127	0.059	1
FDPS	0.0142726951186255	0.26481207545655	0.212	0.123	1
HLA-DOA	0.0143161896127241	0.291954135508996	0.184	0.101	1
LY9	0.014375912219035	-0.354788504767549	0.286	0.373	1
SLC39A10	0.014390049717885	0.376278367686999	0.176	0.095	1
PXK	0.0145279142472315	0.45673559893113	0.196	0.123	1
SESN1	0.0146971584069464	0.376530280622758	0.118	0.053	1
PLCG2	0.0148252112589875	0.378447726035433	0.245	0.154	1
UBA6	0.0150764282692421	0.344559402953972	0.176	0.095	1
NBEAL1	0.0151990771964846	-0.268908992094149	0.122	0.154	1
DBI	0.0152057248565272	-0.312801102052068	0.412	0.423	1
ING1	0.0153111720422514	0.291867138304705	0.151	0.078	1
PYHIN1	0.0153307407674957	0.315947730840072	0.114	0.05	1
SELENOM	0.0153712293085458	0.367951367611811	0.31	0.241	1
EP300	0.01540711998949	0.366315173531359	0.273	0.176	1
FAM172A	0.016046828718572	0.360638272197255	0.127	0.059	1
FCGRT	0.0161130779196821	0.27513142386326	0.273	0.179	1
FCER2	0.0161497169422691	0.304508706298454	0.171	0.092	1
RNF216	0.0166299155038926	0.251789763629646	0.167	0.09	1
HVCN1	0.0167574044375538	-0.332206116006561	0.09	0.165	1
TXNDC5	0.0168605974740619	-0.387620509453708	0.09	0.157	1
HNRNPA2B1	0.0169445824521067	0.266109068331069	0.861	0.812	1
RBPJ	0.0170968769364764	0.46088204493087	0.249	0.162	1
HSPB11	0.0171044741460669	0.290721894291282	0.196	0.112	1
PSMD9	0.0171178324353548	-0.271359615672701	0.106	0.143	1
MSMO1	0.0172743972735686	-0.339391794030148	0.057	0.12	1
CYB5A	0.0174832752097571	0.26567708098329	0.22	0.132	1
MBNL1	0.0175206460959178	0.404293402683147	0.531	0.415	1
TMEM131L	0.0181266039391366	0.409880584387114	0.139	0.07	1
TNFAIP8	0.0183668725054673	0.377251293953987	0.347	0.241	1
COX7A2	0.0183805377169961	-0.272966316562806	0.445	0.532	1
TMEM167B	0.0185788521880812	0.325883298214522	0.147	0.076	1
IER3	0.0187828415966136	-0.410453657126366	0.094	0.106	1
SYS1	0.0190379912792074	-0.271609845800544	0.078	0.109	1
TMED8	0.0190583790438881	0.286271274614071	0.106	0.053	1
ITSN2	0.0191577941935905	0.372051914442832	0.347	0.244	1
SLK	0.0192724303226663	0.325854041070171	0.18	0.101	1
HLA-DMA	0.0195911787383912	0.330653539855813	0.518	0.42	1
IL2RG	0.0195966169161938	-0.369441667782909	0.233	0.305	1
SNX1	0.0196117409862723	0.258071413910904	0.155	0.081	1
ATP5MG	0.0200289215502282	-0.287319586982176	0.571	0.605	1
NUP210	0.0203181443504072	0.296239958342215	0.102	0.045	1
SARAF	0.0204018850636036	0.328817541495048	0.6	0.507	1
TLE1	0.0206096354830002	-0.259912479757845	0.11	0.185	1
ATP5MC3	0.0207314171756877	-0.274073869564536	0.314	0.311	1
RPL23A	0.0207407608000977	-0.256296103486415	0.955	0.983	1
CLASP2	0.0207800349934927	0.472171934007721	0.139	0.07	1
SSPN	0.0208707682854036	-0.293570531699412	0.094	0.162	1
CCDC174	0.0209744296282132	0.472564592076596	0.163	0.092	1
PPP1R12A	0.0210339235033967	0.36341102713036	0.347	0.244	1
CIITA	0.0211033277510495	0.320774905263525	0.18	0.106	1
PSIP1	0.0212008588100607	0.333628960567134	0.318	0.218	1
PRKAA1	0.0216293974268919	0.386813608092802	0.139	0.076	1
RGS2	0.0217060825015321	0.653783483359735	0.392	0.311	1
PPP1R10	0.0217542964245192	0.350509246205266	0.486	0.387	1
SLU7	0.0217546692367409	0.295920795121333	0.278	0.182	1
HLA-A	0.0218257817032174	0.273348124612358	0.882	0.866	1
HSPA4	0.0219846645828941	0.365934482009924	0.224	0.137	1
SAMSN1	0.0221592206482804	-0.36656456547404	0.237	0.283	1
USP1	0.0225350912874905	0.26622980395104	0.241	0.151	1
RNF144B	0.0227896997071671	0.254187160812237	0.106	0.048	1
DEK	0.0229344278247962	-0.273141287555343	0.359	0.403	1
DUSP4	0.0230211016882943	0.539105977598726	0.11	0.05	1
SERTAD2	0.0231006884612605	0.328140240325415	0.167	0.092	1
TUBGCP2	0.023285626172152	0.314007197401961	0.171	0.095	1
PHF3	0.0234843395983515	0.357394294709778	0.424	0.317	1
CCND2	0.0234982662143763	0.358248164219678	0.192	0.151	1
PDLIM5	0.0235662723191339	0.30865036481559	0.118	0.062	1
RPS27	0.0236712840805362	-0.298604577275592	0.976	0.983	1
TAX1BP1	0.0243331077824882	0.335422731245023	0.445	0.336	1
MAPK1	0.0244022664476173	0.437468947584072	0.155	0.084	1
CCDC12	0.0244972191831975	0.350479798729258	0.269	0.179	1
SPIDR	0.024576115953059	0.317935599918552	0.11	0.05	1
ATM	0.0249798093647387	0.314800604848571	0.367	0.263	1
ZBTB11	0.0250161890941699	0.499909397429749	0.192	0.112	1
TBC1D9	0.0252764754804312	0.41019901947275	0.233	0.148	1
OSBPL3	0.0252900230471687	0.373253915880919	0.139	0.073	1
RFTN1	0.0254172747993492	0.258893700033882	0.102	0.045	1
PCNP	0.0255674814174489	0.283442392586174	0.282	0.19	1
IFNGR1	0.025703538613111	0.337007951261226	0.188	0.109	1
CAPNS1	0.0259044090301094	0.256535542597485	0.233	0.146	1
SMCHD1	0.025943516373319	0.515326868715074	0.6	0.569	1
PNRC1	0.0260044465240295	0.312751082091547	0.873	0.812	1
TRIO	0.0266839136134437	0.317104294239365	0.171	0.098	1
FIS1	0.0266957915300005	0.254843758068912	0.265	0.174	1
CCNH	0.0268208732622377	0.356255798158627	0.322	0.224	1
BASP1	0.027397896613953	0.464545702718481	0.437	0.347	1
FGFR1OP2	0.0279780899476073	0.29387732151266	0.331	0.232	1
CMC2	0.0282785826693498	0.256141112610356	0.18	0.104	1
SOD2	0.0285414414284497	-0.26135478881242	0.257	0.283	1
AP3B1	0.0287797652540286	0.385636219422185	0.196	0.123	1
PJA2	0.0288457098287773	0.278941963878579	0.412	0.308	1
G2E3	0.0288840401829987	0.303366247292644	0.106	0.056	1
CHD6	0.0289559457051305	0.292705732400253	0.224	0.14	1
PHYKPL	0.0296108336748549	0.26650132519619	0.147	0.078	1
CHCHD2	0.0302012699599402	-0.280299393280405	0.604	0.667	1
BRD2	0.0306758978777616	0.281647819356191	0.498	0.389	1
SIPA1L1	0.0307024376190838	0.439868965225333	0.229	0.146	1
ANXA1	0.0317321503148554	0.592036853257485	0.143	0.084	1
DMXL1	0.0325399785870163	0.360118588287905	0.196	0.123	1
CXCR5	0.0327281005245064	0.335871596497762	0.122	0.067	1
CXXC5	0.0327621049068953	0.384562082685287	0.257	0.174	1
ZBTB18	0.0327694526065479	0.601876211718878	0.102	0.053	1
CSNK1G3	0.0327921840316766	-0.290433988416768	0.176	0.232	1
TNFAIP3	0.0328680106314287	-0.351528192049231	0.204	0.244	1
ACIN1	0.0330822872496595	0.449430794968341	0.233	0.157	1
OSTF1	0.0334253944665175	0.295390886511836	0.245	0.16	1
KCNQ1OT1	0.0334815461409326	0.397004667520202	0.282	0.19	1
COX6A1	0.0339385571552794	-0.316322667044881	0.457	0.532	1
TGIF1	0.0341154667807546	0.345621658824661	0.245	0.16	1
WAS	0.0344167643224841	0.406940513008608	0.147	0.081	1
SH3BGRL	0.034597915347101	0.414926013364202	0.506	0.403	1
NCKAP1L	0.0346752790335004	0.264933930887744	0.208	0.129	1
ARHGAP25	0.0347741387646565	0.389872538299148	0.192	0.129	1
XIAP	0.034944133308305	0.313088134769186	0.188	0.112	1
BMS1	0.0352493039323301	0.286715338702955	0.114	0.056	1
DDAH2	0.0353088734196082	-0.264523291909031	0.171	0.204	1
RGS1	0.0356008285920605	0.682028927887385	0.245	0.16	1
PRDX6	0.0358012178700831	-0.289632096004401	0.265	0.308	1
ATF5	0.0362648163948581	-0.270290758088336	0.078	0.106	1
CD82	0.0364120096299253	0.344202134441246	0.298	0.21	1
PPP2R5A	0.0365153319782812	0.305626103236086	0.106	0.05	1
RNF213	0.0366401934512274	0.508640505614141	0.229	0.193	1
NFKBIE	0.0369557191204368	-0.267065702914511	0.094	0.137	1
PFN1	0.0373654006406104	0.274652827199357	0.637	0.597	1
RPS6KA5	0.0375741519500331	0.266793622007249	0.155	0.087	1
IGLC2	0.0379199566905792	-0.316012165773996	0.188	0.255	1
PPP2R5C	0.0383977377689726	0.294495868624961	0.351	0.255	1
CELF1	0.0397296131881712	0.340181256767158	0.196	0.123	1
NEU1	0.0401489956236484	-0.293102160654048	0.184	0.269	1
DUSP2	0.0405422299875848	-0.329327708773856	0.22	0.258	1
AGO2	0.0406543780328892	-0.325450010311567	0.155	0.207	1
VHL	0.0407812819298278	0.259953419963684	0.176	0.104	1
BRWD1	0.0412529318697491	0.361340011235922	0.143	0.081	1
GINM1	0.041787503867993	0.301929643282923	0.18	0.112	1
MAPKAP1	0.0419909635323126	0.316065343405105	0.151	0.09	1
VTI1A	0.0420248911640675	0.397343846513177	0.106	0.064	1
TLK1	0.0421585395799582	0.365218915975598	0.286	0.199	1
SCLT1	0.0424045360485003	0.29443192207394	0.102	0.056	1
RAN	0.0425813111455178	-0.29527338597833	0.453	0.501	1
FKBP11	0.0425991396267813	-0.435716923013606	0.143	0.207	1
GYPC	0.0428422654422721	0.397063043218595	0.298	0.216	1
GCC2	0.0429966451275834	0.284307764371292	0.4	0.303	1
TP53INP1	0.0434812667123535	-0.269830649918389	0.094	0.146	1
MCUR1	0.0437780049190745	0.250677224461163	0.163	0.095	1
ZBTB10	0.0439558424687812	-0.261311899914676	0.143	0.193	1
ELOA	0.0440746880666252	0.292109020128998	0.163	0.101	1
REST	0.044708822030236	0.253401819595387	0.224	0.146	1
N4BP2	0.044739368603585	0.273039006734106	0.155	0.106	1
CYFIP2	0.0452702593327961	0.318196550023363	0.2	0.126	1
ADD1	0.0452987663233933	0.31589907763367	0.241	0.199	1
PGRMC2	0.045503619325306	0.286444872681817	0.151	0.087	1
SQSTM1	0.0465737493030639	-0.272745231510047	0.404	0.479	1
LRMP	0.0469117861747609	0.266687766747585	0.159	0.092	1
MIR155HG	0.0474381476968802	-0.418153868080396	0.151	0.168	1
ADD3	0.0479515149565443	0.259715560611801	0.257	0.174	1
BCL2	0.0481017401618884	0.281769612360038	0.584	0.482	1
DRAM2	0.048113665977862	0.321870113339102	0.233	0.157	1
SRPRA	0.0484528267856848	0.275428259445799	0.347	0.255	1
EXOSC9	0.0485277061331083	0.253955839175751	0.127	0.067	1
CBL	0.0488635485538132	0.284411078299175	0.135	0.078	1
MARCH3	0.0489001881506873	0.382216755200944	0.11	0.059	1
TXNRD1	0.0500889951649907	0.320078295624266	0.18	0.109	1
ZCCHC7	0.05014726333973	0.338167185079792	0.2	0.126	1
MGAT1	0.0505550326038492	0.276840237735095	0.18	0.109	1
SPPL3	0.0506024970053435	0.314797236264223	0.122	0.064	1
SCAND1	0.0509150766792966	0.346436587651886	0.306	0.227	1
FCRLA	0.0511726250907802	0.310494983364636	0.171	0.104	1
LTB	0.0515361354264334	0.253394373167566	0.576	0.591	1
FAM107B	0.0525486155306854	0.428421553572004	0.576	0.521	1
PIAS1	0.0527145667516905	0.420998673159941	0.2	0.134	1
MTDH	0.0534048861559038	0.382050942441547	0.441	0.353	1
FUNDC2	0.0538164799588388	-0.27691042906892	0.143	0.196	1
IQGAP1	0.0540566131771804	0.415632515552822	0.494	0.395	1
IGHGP	0.0542741295386446	0.363952113078282	0.106	0.053	1
BANK1	0.0544509446132899	0.255253317712043	0.576	0.535	1
DNAJB9	0.0550295304695558	0.344126943746897	0.273	0.202	1
ARPC5	0.0554794081251237	0.356450951556241	0.416	0.322	1
NSMCE2	0.0560023975010898	0.311411008936767	0.106	0.067	1
TPM1	0.0563340350859033	-0.448358125445427	0.127	0.162	1
GHITM	0.0564981692568424	-0.289462188733873	0.216	0.272	1
MRPL52	0.0565483572876109	0.300534132991077	0.273	0.19	1
LIMS1	0.0568928261432581	0.262043535137152	0.229	0.151	1
PHC3	0.0573297848629985	0.375057959884797	0.167	0.104	1
PSMB9	0.0575607859814189	0.326027653855255	0.376	0.283	1
LAT2	0.0577987780587365	0.405174113910027	0.143	0.081	1
SMARCA5	0.0580747076208498	0.299974511266709	0.42	0.331	1
FRYL	0.0589179359684053	0.335505350228759	0.176	0.112	1
VAPA	0.0599854708063908	0.263209565155009	0.437	0.342	1
FOXN3	0.0602624523959057	0.522352297232291	0.196	0.129	1
PPP3CA	0.0611615368603286	0.295456777890943	0.294	0.21	1
CRNKL1	0.0612680094012358	0.250857465570004	0.127	0.07	1
ITFG1	0.0614967471488051	0.258441605642339	0.106	0.056	1
C6orf62	0.061688727357709	0.322695538305584	0.269	0.188	1
ARL6IP1	0.0619715203991732	-0.296605143021233	0.253	0.319	1
EFCAB14	0.0620471625986522	0.261318226275435	0.204	0.132	1
HSPA1A	0.0625520153629954	0.516653932513977	0.424	0.342	1
SDCBP	0.0632411561416601	-0.327475919775103	0.327	0.37	1
RGS10	0.0632487641949865	0.488284299625075	0.188	0.137	1
UBR5	0.0635886266700867	0.293210028115529	0.237	0.16	1
NFAT5	0.0638374226817233	0.461449508329001	0.224	0.151	1
KDM3B	0.0639409016101102	0.261202115897418	0.114	0.064	1
MX2	0.0640588329673315	0.2849817128788	0.118	0.064	1
BZW1	0.0642227879039858	-0.276170539861909	0.4	0.445	1
RIC1	0.0642305912045682	0.252224720495248	0.118	0.076	1
MTRNR2L12	0.0642803605191493	0.555992049487563	0.118	0.064	1
DIAPH1	0.0648830798249511	0.288075525434047	0.188	0.123	1
PBXIP1	0.0652292406194458	-0.282016333074462	0.151	0.179	1
COX6C	0.0657341245703302	-0.275019078788874	0.506	0.546	1
ZBTB24	0.0658490444800061	0.333705543344467	0.135	0.098	1
INPP5D	0.0668424764242705	0.545371426549617	0.233	0.162	1
AMD1	0.0670911943291732	0.29283058375911	0.482	0.387	1
SYNGR2	0.0671401128793005	-0.301192633122378	0.376	0.403	1
RCSD1	0.0672451626004678	0.286513613279279	0.286	0.204	1
TRAF5	0.0687181376672301	0.383338735353841	0.196	0.126	1
GNB1	0.0691871132388959	0.33522785806654	0.261	0.182	1
VIRMA	0.0692875518126063	0.292376077062316	0.122	0.067	1
TOB2	0.0704761505369155	0.250756866985289	0.245	0.168	1
NSD1	0.0705374950812364	0.28721565790156	0.241	0.165	1
GTF2I	0.0708796413523887	0.26953874837223	0.318	0.249	1
MAML2	0.0723756068546875	0.422560808991532	0.2	0.134	1
PSAP	0.0726872131768829	0.365988532631892	0.429	0.35	1
UBE2G1	0.0729908846680925	0.385859115226007	0.171	0.106	1
MDM4	0.0730190666241396	0.28962867734487	0.359	0.272	1
PYCARD	0.0730460406808222	0.291076526680691	0.208	0.137	1
MORF4L1	0.0731801335054759	0.316176494645657	0.637	0.543	1
ABCE1	0.0735643504114677	-0.300036565795393	0.127	0.171	1
TBCC	0.0743907097316792	0.299827568675704	0.122	0.07	1
UTRN	0.0759003325671188	0.298703325565092	0.273	0.196	1
ICE2	0.076525196021377	0.251070772138563	0.106	0.059	1
RBM6	0.0766644183406705	0.274426020041993	0.306	0.224	1
RNF126	0.077139579218312	0.261657452989051	0.127	0.073	1
C4orf3	0.0775455954330191	0.343762996001392	0.4	0.314	1
IGLC3	0.0776875683285521	-0.371463441843263	0.078	0.134	1
OFD1	0.0784005938033241	0.323145122930655	0.257	0.182	1
SEC14L1	0.0786046914675229	0.353065635703391	0.265	0.188	1
RUFY3	0.0788163874523461	0.327934923748221	0.114	0.064	1
NFKB1	0.0790955561562038	-0.268030617828325	0.204	0.246	1
CLEC2D	0.079635254572026	0.400092204406095	0.212	0.143	1
PKIG	0.0798728764959188	0.346866463616474	0.249	0.196	1
CENPC	0.0813290277728354	0.283241365301779	0.278	0.199	1
PTBP3	0.0817911185223525	0.409689706265303	0.278	0.207	1
SWAP70	0.082324296515363	0.30127553273818	0.465	0.378	1
ZFP36L2	0.082625039519017	0.30393723609791	0.624	0.538	1
SEL1L3	0.0831471168397952	0.261940548870082	0.273	0.196	1
RHOB	0.0835519699883926	0.313238115387479	0.224	0.16	1
GOLGB1	0.0844570939454791	0.329395921543014	0.457	0.387	1
BRD4	0.0846416104862279	0.251286240280863	0.306	0.227	1
ATF7IP2	0.0854752721895473	0.337761573524627	0.224	0.154	1
LRCH3	0.086550295419559	0.267735695477216	0.118	0.067	1
CCSER2	0.0866181459702564	0.280186635551348	0.147	0.092	1
TMOD3	0.0872505373559171	0.316541863803713	0.2	0.154	1
CTR9	0.0874053862060779	0.423655427432115	0.151	0.092	1
GABPB1-AS1	0.0892289615761371	0.333751641518604	0.245	0.179	1
CACYBP	0.0894366848611086	0.312704901327936	0.278	0.202	1
CAMLG	0.0904234438210229	0.357267326378581	0.29	0.213	1
ERP29	0.0906573147144701	0.256126658780196	0.531	0.443	1
HES1	0.0913324004137198	0.32171340936705	0.114	0.09	1
APEX1	0.0920764144131616	0.256230700343648	0.282	0.204	1
CWC27	0.0925715838643166	0.283575027608693	0.11	0.09	1
CAST	0.0929095621602339	0.298609206353857	0.567	0.482	1
KMT5B	0.093393352365365	0.265642830165999	0.147	0.09	1
RALY	0.0946644733734279	0.309700843903092	0.237	0.165	1
PTPN6	0.0975645259058499	0.320915080442567	0.2	0.134	1
TERF2IP	0.101210756898235	0.349440038149594	0.424	0.339	1
HOOK3	0.10151723954513	0.250469505162107	0.224	0.157	1
UFSP2	0.101643410801966	0.306555484880334	0.127	0.081	1
PTPRA	0.101755786726281	0.315742280221235	0.212	0.162	1
ARPC2	0.101798887530502	0.277998916793003	0.629	0.599	1
RASA2	0.102134647298886	0.319300669861419	0.147	0.095	1
NDUFB9	0.102157856393753	0.301409722566588	0.273	0.202	1
BCL11A	0.102567463506419	0.315280234844807	0.327	0.249	1
CCAR1	0.107885868713996	0.376291039137077	0.245	0.176	1
FKBP5	0.108849295313517	0.503623126677396	0.176	0.115	1
MAPK8	0.109582648848176	0.251343812269237	0.102	0.056	1
ACAP1	0.110429944326778	0.381548667938126	0.253	0.216	1
AC058791.1	0.112803829228089	0.301821276332463	0.392	0.319	1
IBTK	0.112826494265291	0.286595768574624	0.11	0.064	1
SBNO1	0.115911783157053	0.320384855489002	0.22	0.157	1
CNN2	0.117240192002696	0.270873775566639	0.22	0.16	1
IFNGR2	0.117268766181169	0.264562430944915	0.22	0.154	1
DOCK2	0.119404533599819	0.333550091604098	0.233	0.165	1
NFKBIZ	0.119796161651914	0.319012535347149	0.294	0.221	1
TMEM156	0.119887560285365	0.255142235756497	0.249	0.179	1
JMY	0.120361705827244	0.382215755594745	0.184	0.132	1
PSMC5	0.127323154459938	0.272734539031858	0.208	0.146	1
ARAP2	0.128582975028842	0.350837788990896	0.139	0.092	1
HMGN2	0.129469461760575	0.285939778192602	0.527	0.445	1
FCRL5	0.131432081669454	0.304512718252086	0.188	0.14	1
MPHOSPH8	0.131569333138263	0.302286590911035	0.412	0.339	1
FOSB	0.131633599778594	0.356727335332365	0.624	0.577	1
RBM5	0.131883404662751	0.264049990410678	0.29	0.218	1
IQCB1	0.132984878214659	0.274496843037744	0.131	0.09	1
ETS1	0.133891192969976	0.261653872639888	0.253	0.188	1
HMGXB4	0.134022251849345	0.297931649733443	0.11	0.078	1
NEMF	0.136347364971205	0.432205343757029	0.265	0.196	1
ERN1	0.137490081490573	0.331275881155751	0.155	0.112	1
TUBA4A	0.138368237888695	0.307864427267824	0.286	0.221	1
ZNF83	0.138571354490378	0.270360846963558	0.11	0.064	1
KAT6B	0.138635962911329	0.337303341112575	0.253	0.19	1
TRIP12	0.138962492297603	0.259622409522736	0.22	0.157	1
DIS3	0.139988279086135	0.268810396723281	0.163	0.115	1
SERPINB1	0.140535448741977	0.38419652010111	0.22	0.157	1
ARHGAP17	0.140845954548121	0.256549500104579	0.11	0.064	1
RNF113A	0.141301245913973	0.294108478724326	0.11	0.067	1
TPM3	0.141334301502061	0.293751058665472	0.637	0.577	1
S100A10	0.142962348148171	0.295006224299413	0.518	0.445	1
PNPLA8	0.142974343257627	0.322824259146166	0.273	0.207	1
DCN	0.143151731665486	-0.439434784344933	0.18	0.23	1
BTAF1	0.144983733141609	0.284378265465839	0.135	0.092	1
FNBP1	0.148004080881026	0.330708577700781	0.531	0.454	1
JAK1	0.148277250502202	0.296659586228436	0.559	0.482	1
HNRNPU	0.149345163933841	0.268319629557908	0.743	0.678	1
CYBB	0.149983991163498	0.301766161603755	0.327	0.258	1
ARHGEF1	0.15078061823203	0.260865181513922	0.159	0.109	1
CHD7	0.151707872730151	0.2582550863751	0.2	0.146	1
ST6GAL1	0.15394392025242	0.399647483961483	0.278	0.241	1
HIVEP1	0.154580581363994	0.260130030055356	0.306	0.244	1
RBM8A	0.155045367765244	0.338074629301873	0.429	0.375	1
TMED5	0.156065644913956	0.314608295945276	0.241	0.182	1
ZNF644	0.157210942621564	0.316162423684524	0.335	0.263	1
ID2	0.157658674923166	0.412695828023681	0.171	0.118	1
USO1	0.158453494295315	0.346353624647069	0.122	0.081	1
NOL8	0.158477804974372	0.343529962450359	0.11	0.084	1
TGOLN2	0.158878776354599	0.367736151349905	0.31	0.255	1
ZBTB20	0.16031988436188	0.323142355111342	0.339	0.266	1
SOS1	0.161286513486431	0.35066786013974	0.143	0.092	1
H2AFY	0.163275478862011	0.317344443254183	0.22	0.16	1
LBR	0.163471125481549	0.268269788155355	0.224	0.162	1
SEC31A	0.163672098034202	0.275967819716816	0.269	0.204	1
ISG20	0.163898984475375	0.273431592548901	0.539	0.479	1
PIBF1	0.16442671988112	0.27441123913496	0.118	0.078	1
SPTBN1	0.165167047119838	0.283501841446595	0.224	0.176	1
MARCH7	0.166907343094526	0.26707946858844	0.253	0.193	1
HP1BP3	0.167112755063512	0.326444885896653	0.465	0.406	1
BHLHE41	0.168328910607125	0.284948631602577	0.155	0.109	1
ZC3H7A	0.170953350035771	0.264710637114582	0.22	0.16	1
HNRNPH2	0.173262803803682	0.28956367066686	0.143	0.095	1
N4BP2L1	0.174678251400458	0.251783119059907	0.131	0.084	1
SNAPC1	0.175938047026137	0.291960801951537	0.106	0.073	1
RASGEF1B	0.17632536474898	0.479137862088106	0.437	0.395	1
PSMD12	0.176471255362354	0.306706841947404	0.22	0.176	1
UHRF2	0.177661894929159	0.288182371407041	0.122	0.084	1
SKAP2	0.178730523013097	0.271830310584882	0.318	0.249	1
BTK	0.179166772151537	0.345571416363966	0.143	0.098	1
ACTG1	0.179242840582652	0.250888782128906	0.743	0.72	1
IGHA1	0.180111899753778	-0.689951989086195	0.384	0.359	1
CCDC93	0.180707347707308	0.343678736487458	0.114	0.098	1
DYNC1I2	0.182660944273362	0.286061580006512	0.184	0.137	1
BDP1	0.187083406076101	0.277657933472262	0.359	0.294	1
DDX18	0.188600171013385	0.258696440991722	0.433	0.364	1
PRDM2	0.189047296418224	0.361103447172297	0.624	0.622	1
ZNF518A	0.189205673684262	0.315227682522427	0.102	0.064	1
SELENOP	0.18991725646837	-0.263461332453681	0.098	0.109	1
NSMCE4A	0.191160960839355	0.259558177355156	0.127	0.081	1
SRSF11	0.192014856711562	0.391647483099557	0.4	0.333	1
FNDC3A	0.192129866891209	0.28139011302894	0.212	0.162	1
ARRDC3	0.192158674402759	0.429450821905105	0.159	0.115	1
MAN1A2	0.194146916408827	0.301636460022477	0.163	0.112	1
ZNF331	0.197395732642898	0.299908032151497	0.351	0.283	1
CLK1	0.197456287499919	0.280142773680938	0.416	0.359	1
ZDHHC20	0.201766354765802	0.282595839674908	0.118	0.084	1
ERAP2	0.20362773087243	0.265070111038902	0.184	0.134	1
GLRX	0.204315797078752	0.264269352950297	0.167	0.118	1
BAZ2A	0.210275947532933	0.291381879040161	0.171	0.12	1
LINC00926	0.218304304117658	0.310892811056712	0.261	0.202	1
ITM2A	0.219450082777426	0.251422625448802	0.122	0.092	1
CDKN1A	0.224171416118864	0.272297561183708	0.347	0.297	1
RIPK2	0.226002769162564	0.342575299305306	0.127	0.087	1
UBE2E2	0.22650320371254	0.391993510977819	0.122	0.084	1
LAPTM5	0.229842699589026	0.2675140974376	0.706	0.678	1
UVRAG	0.232618420125904	0.297586036037542	0.253	0.196	1
SH2B3	0.235979143231828	0.26274394504388	0.147	0.101	1
RSF1	0.238592736160169	0.266606693439787	0.359	0.294	1
TANK	0.241087405386977	0.616342610201108	0.294	0.246	1
USP48	0.242119142887457	0.302715460497733	0.212	0.165	1
PRPF4B	0.245449248347345	0.298893673790793	0.416	0.35	1
NCOR1	0.245725986636318	0.292441439489409	0.351	0.289	1
NUP88	0.247378040332383	0.289820291109781	0.122	0.081	1
WEE1	0.248137079770165	0.251131374335638	0.237	0.204	1
URI1	0.248491201117055	0.253860138394794	0.188	0.14	1
SSH2	0.249153911727782	0.37811986751499	0.2	0.16	1
LYST	0.251910374601598	0.322562909268735	0.188	0.137	1
SLAMF7	0.254215745072455	0.308717393779647	0.265	0.221	1
MRFAP1L1	0.25525829762737	0.251772044217928	0.139	0.098	1
C1GALT1	0.255796209719101	0.26628283718875	0.122	0.084	1
MAP2K1	0.26751399744216	0.287255216318516	0.131	0.092	1
SUPT5H	0.268953764143233	0.260762382101058	0.229	0.176	1
MRPL33	0.269283575349615	0.303957136797326	0.282	0.23	1
TCEAL4	0.274774871631275	0.279376623903228	0.22	0.171	1
CDC42EP3	0.279754102954432	0.325294677785822	0.29	0.244	1
IGHG3	0.292826062525657	0.74945512309108	0.155	0.14	1
ATG12	0.295998717048097	0.251451504165583	0.273	0.218	1
IGHG4	0.299820100230591	-0.680814455237376	0.11	0.092	1
ANKRD28	0.300434236701937	0.669620761681434	0.22	0.188	1
S100A4	0.302404282951945	0.306695884569176	0.522	0.468	1
SPCS2	0.304826017127209	0.282550444515527	0.478	0.423	1
DNAJB4	0.317378801194783	-0.254842549615277	0.086	0.101	1
PDIA3	0.320490421969788	0.27709921616036	0.437	0.384	1
USP47	0.325996706766761	0.282783437594906	0.135	0.098	1
HSPA1B	0.343700327878617	0.512971237759278	0.384	0.347	1
TRAF3	0.369821337585113	0.285348880710799	0.163	0.123	1
FARP2	0.369970378310009	0.287594824051175	0.118	0.084	1
MDFIC	0.375561901492725	0.270772286313454	0.188	0.146	1
NUP160	0.377719963546724	0.284421603371068	0.11	0.078	1
ELL2	0.387739381909612	0.534376161786962	0.265	0.218	1
KRR1	0.409118176930764	0.256793716436184	0.253	0.207	1
EPC1	0.419606697064693	0.308423260529226	0.449	0.398	1
DCAF7	0.430916689699335	0.291323090080652	0.122	0.09	1
PRDM1	0.461564093687947	0.305689770889012	0.135	0.118	1
ADNP	0.475230143636599	0.512847929194241	0.171	0.157	1
ACTA2	0.488764722621156	-0.307711913858038	0.118	0.143	1
XRN2	0.491877736640088	0.262992829421226	0.245	0.204	1
ARID1A	0.492281915132455	0.30338830021156	0.176	0.14	1
RAB29	0.517162080649664	0.258015841843817	0.122	0.095	1
IGHG1	0.518546721591436	0.456848260653119	0.204	0.174	1
HSPD1	0.532945744820981	0.373131004243095	0.51	0.473	1
ADIRF	0.533019134339689	0.277117073086842	0.171	0.193	1
PELI1	0.542857189866194	1.10291461567892	0.302	0.275	1
AREG	0.566658972878339	-0.263709991724522	0.204	0.232	1
EBAG9	0.572514712971353	0.256733092593243	0.167	0.137	1
ATAD2B	0.585277978562024	0.292320911959665	0.106	0.081	1
RAD21	0.601690442603164	0.296513854431653	0.298	0.261	1
RELB	0.603314572630713	0.283263080837161	0.171	0.171	1
GLUL	0.660063460186782	-0.362801929382795	0.122	0.132	1
JCHAIN	0.702999920649986	0.602347286778663	0.322	0.311	1
ATP1B3	0.703175180326226	0.278485295645831	0.314	0.342	1
IK	0.720821339684925	0.250732301845982	0.335	0.305	1
EIF3A	0.743872955255643	0.259761239353169	0.449	0.417	1
SAP30BP	0.812911761967132	0.301438702960516	0.163	0.165	1
