	p_val	avg_log2FC	pct.1	pct.2	p_val_adj
IGKC	1.41406732309833e-16	1.44783620727858	0.337	0.018	4.15481260872751e-12
RPS26	6.3472278467908e-16	-1.09517794316347	0.684	0.882	1.86494248594407e-11
NR4A2	2.16174850564422e-11	1.1169641981742	0.829	0.586	6.35164945928384e-07
CD69	5.93476582128669e-11	1.14145688132731	0.813	0.639	1.74375289361046e-06
MT-ND1	1.92829413915236e-10	0.729299256069446	0.93	0.941	5.66571383965745e-06
NFKBID	2.6798230116737e-10	1.29225402170985	0.604	0.284	7.87385597289966e-06
NR4A1	1.04036843404794e-09	0.986601927043998	0.775	0.562	3.05681053291965e-05
RPS15A	4.54443375109519e-09	-0.539518508543019	0.85	0.976	0.000133524552474679
IGLC2	6.80363925170057e-09	0.804296874673812	0.193	0.012	0.000199904528493466
NR4A3	1.10430153721424e-08	1.14452058022411	0.711	0.485	0.000324465877664289
JCHAIN	2.2830115403848e-08	0.565454161279364	0.128	0	0.000670794450795861
VMP1	8.94797714021432e-08	0.904599630408357	0.717	0.444	0.00262909464333777
IGHA1	9.99717341118936e-08	0.663639805401471	0.155	0.006	0.00293736949167566
NFKBIA	1.07114520090633e-07	0.536197077848245	0.957	0.905	0.00314723882930298
VIM	1.80395420708773e-07	-0.541715909331649	0.984	0.988	0.00530037825126516
FOXP1	1.83380520535828e-07	0.985025922239756	0.658	0.391	0.0053880864543837
EMP3	3.65174060332607e-07	-0.738020026989694	0.647	0.793	0.0107295442406927
EGR1	7.22360252122649e-07	0.995124132551289	0.706	0.497	0.0212243889278677
RPL18	1.19024709752085e-06	-0.49794014127966	0.845	0.959	0.0349718402193576
PRG2	1.19637013848415e-06	-1.28341890709841	0.021	0.154	0.0351517474089412
GADD45B	1.34086001536921e-06	0.687563948338576	0.807	0.58	0.0393971489715781
KIT	1.45266324623252e-06	0.671245256690823	0.877	0.734	0.0426821515008039
RPL41	1.76444056572538e-06	-0.370658379587744	0.904	0.994	0.0518427927021431
SQSTM1	1.99517736274758e-06	-0.729027503207349	0.663	0.799	0.0586223012722494
S100A6	3.30803383389809e-06	-0.502589118727678	0.888	0.947	0.0971966501075938
DUSP14	3.44382792361209e-06	-1.00314414715233	0.198	0.408	0.10118655205157
RPL32	4.05771749682345e-06	-0.368078319688447	0.952	0.988	0.119223855491666
SH3BGRL3	4.731863716061e-06	-0.734937296382827	0.631	0.775	0.139031619705304
CDC42EP3	6.34631114172728e-06	-0.784896995728244	0.251	0.491	0.186467313966231
HES4	9.85941004817569e-06	-0.994871191501011	0.091	0.26	0.289689186035498
SOCS1	1.05650055780634e-05	1.05097814159586	0.38	0.172	0.310420993894659
NFKBIZ	1.20241214395856e-05	0.564385510163907	0.845	0.669	0.353292736137903
RPS16	1.48536180952618e-05	-0.427545534939056	0.882	0.893	0.436429006874984
DDX24	1.49294646015497e-05	-0.660026733948441	0.561	0.734	0.438657528922733
MT-ND3	1.58427286648319e-05	0.443415460193998	0.941	0.964	0.465491053630091
RPL28	1.69910523175952e-05	-0.486205348596075	0.861	0.947	0.499231099195584
RPS7	2.04328796945297e-05	-0.419691927854512	0.882	0.947	0.600358871184671
LGALS3	2.10638375404976e-05	-0.629066694735917	0.487	0.692	0.618897674614902
BZW1	2.2274267962826e-05	-0.735114628469553	0.524	0.651	0.654462541283755
MT-ND4L	2.2355065476702e-05	0.570180287475124	0.845	0.663	0.656836533836459
FTL	2.28568969944653e-05	-0.587043662993642	0.925	0.947	0.67158134749138
MT-RNR2	3.7385896206724e-05	2.34256251667966	0.155	0.065	1
MIF	3.94454406326604e-05	-0.567177763088757	0.428	0.527	1
RPL6	4.34779016071899e-05	-0.46707847572677	0.834	0.929	1
RPS14	4.51084269567906e-05	-0.294455408049414	0.963	0.994	1
RPS4X	4.76142960029321e-05	-0.359833244955578	0.914	0.982	1
EGR3	4.87529137720323e-05	0.597933911268089	0.465	0.243	1
S100A4	5.5311679774501e-05	-0.63117797063523	0.765	0.87	1
TAGLN	6.43672135617807e-05	-1.77338866309236	0.096	0.201	1
SLC3A2	6.7643553122463e-05	-0.695385456872295	0.278	0.444	1
RPL12	7.55195774010481e-05	-0.362815281682825	0.893	0.982	1
NDUFA4	0.000109555410255829	-0.534758529880266	0.652	0.781	1
RPL8	0.000109962497943789	-0.446482080948742	0.856	0.923	1
RPS12	0.00011245212000999	-0.338680194802373	0.952	0.97	1
LIF	0.000120206593018092	0.597122691235886	0.668	0.45	1
PER1	0.000122456923565618	0.699489599728311	0.449	0.237	1
RPL29	0.000123640228278688	-0.390461224162287	0.802	0.923	1
LGALS1	0.00012769842054009	-0.922389152974681	0.401	0.503	1
GAPDH	0.0001702786081491	-0.554634594852854	0.674	0.746	1
RNASEK	0.000173270514331004	-0.654268278613527	0.396	0.527	1
H3F3B	0.000180524702106215	-0.343964189190333	0.941	0.988	1
RPL26	0.000186241225818454	-0.38378506832507	0.818	0.917	1
FAM107B	0.000188101288478515	-0.514766499808261	0.583	0.757	1
HNRNPDL	0.000193342143337452	-0.490590035193573	0.604	0.686	1
RPL23	0.000199551563300539	-0.334655715110758	0.925	0.988	1
RPS13	0.00020695980583625	-0.387890603845643	0.882	0.935	1
SLC2A3	0.000218274388704337	0.666583187496095	0.674	0.509	1
RPS8	0.000228625512166374	-0.332275402799361	0.957	0.964	1
RPL7A	0.000252984577108992	-0.383270312814012	0.893	0.964	1
SLC45A3	0.000258008633375852	0.532568230351627	0.23	0.077	1
GPS2	0.000272391645321495	-0.57258069270442	0.08	0.207	1
SLA	0.000305652141028867	0.868820129506159	0.246	0.095	1
FOSB	0.000312115483047317	0.594272137457565	0.861	0.757	1
ALDH1A1	0.000317486220934234	-0.651200254487837	0.278	0.432	1
ARL6IP1	0.000319233068619851	-0.644158823034666	0.401	0.515	1
FAU	0.000327550433404935	-0.359099518639934	0.941	0.976	1
CDV3	0.000336464092582747	-0.589495986160062	0.278	0.355	1
COTL1	0.000348987959610408	-0.59715401002205	0.171	0.26	1
RPS23	0.000357334020312551	-0.330744840880538	0.936	0.982	1
COX7A2	0.000382340480147445	-0.652699099942882	0.417	0.503	1
SEC61B	0.000412019964782321	-0.544735406166177	0.492	0.574	1
RGS2	0.000414811666212233	0.919920817963342	0.695	0.527	1
TXN	0.000420400380984856	-0.656122813722053	0.471	0.609	1
SARAF	0.000430358066696753	-0.510275814309249	0.551	0.728	1
CERS2	0.000444605119854223	0.308552304198462	0.182	0.053	1
JUNB	0.000445656770965163	0.6192208454887	0.791	0.704	1
EEF1A1	0.000450439044635027	-0.268845096434678	0.979	0.982	1
RPL19	0.000450972976615897	-0.344740718194486	0.947	0.976	1
NDUFA11	0.000540263217395286	-0.486229287297072	0.321	0.361	1
ACP1	0.000550756489235742	-0.491257000647628	0.075	0.201	1
LAT	0.00060361567658267	-0.691177800508137	0.198	0.355	1
RPL17	0.000615460940256445	-0.417718390522801	0.754	0.882	1
MT2A	0.000615727828130228	-1.26627110749915	0.267	0.391	1
NDUFAB1	0.000649298532105186	-0.661193148355745	0.182	0.272	1
DYNLT1	0.000654708817426312	0.655359475748435	0.401	0.219	1
NAP1L1	0.000658524089227393	-0.553071330638047	0.594	0.757	1
SEPTIN7	0.000688800777410027	-0.660720953558738	0.342	0.497	1
CXXC5	0.000722757735536772	-0.522303355843473	0.021	0.101	1
ARL6IP5	0.000792596884113195	-0.634171496084211	0.364	0.55	1
RPL10	0.000821317702178338	-0.325373205687369	0.952	0.976	1
PPP2CB	0.000866423365744675	-0.533822608850814	0.053	0.148	1
PSAP	0.000923887523059135	0.530539228893737	0.658	0.473	1
RPL30	0.00097240597835763	-0.263839392814074	0.947	0.982	1
SKP1	0.000999363538855618	-0.439383821421423	0.556	0.657	1
SYTL3	0.00100008176703793	0.62931518945079	0.535	0.355	1
RPL5	0.00100693827005017	-0.320669861744609	0.909	0.964	1
SEPT7	0.00102470259669822	1.08987802980947	0.112	0.024	1
ADIRF	0.00104689145667452	-1.33831047476621	0.08	0.154	1
DBI	0.00112614608272119	-0.482124463371307	0.503	0.692	1
COX5B	0.00116851105658223	-0.581727341836956	0.412	0.527	1
LDLR	0.00125445653244642	-0.275070320987018	0.048	0.154	1
SLC24A3	0.00132020900549499	1.32138293651697	0.171	0.059	1
MAT2A	0.00145368768000576	0.699033781145243	0.455	0.385	1
ZFAND5	0.00148768153184108	0.569143126557948	0.583	0.408	1
TCTEX1D1	0.0015773834918517	0.475270658387758	0.187	0.065	1
IER5	0.00159453593328592	0.511354820629967	0.449	0.296	1
SLC26A2	0.00159520432281966	0.704292364157491	0.46	0.278	1
RPL18A	0.00163799209137918	-0.340237660659421	0.845	0.947	1
RPS6	0.00168116287788936	0.366959998210323	0.989	0.953	1
SLC25A5	0.00168324181321926	-0.614428335735842	0.257	0.391	1
ARHGAP18	0.00168794511276545	0.518425113263638	0.781	0.746	1
RPL15	0.00173397485594953	-0.330348380292545	0.872	0.947	1
SUB1	0.00175350472984764	-0.479446995630379	0.503	0.645	1
ID2	0.00188049680161383	0.792625454734201	0.802	0.734	1
TESC	0.00188053997126882	-0.441878135337747	0.235	0.29	1
CYP51A1	0.0018987552278425	-0.537237263191111	0.102	0.219	1
MRPL14	0.00191788351007691	-0.611682108449181	0.107	0.213	1
DYNLL1	0.00192083226199608	-0.48453109143663	0.497	0.657	1
AC114760.2	0.00192534473495101	0.572536641289364	0.187	0.065	1
MT1X	0.00193495817865887	-0.756117464034689	0.053	0.136	1
FTH1	0.00196570778289945	-0.425592237260362	1	1	1
CD81	0.00214257988572635	-0.328310139776491	0.529	0.503	1
COX4I1	0.00221407518672255	-0.42053473860939	0.636	0.775	1
UBC	0.00235946321770226	-0.413759887469412	0.818	0.858	1
FLNB	0.00240413602449476	0.39633683623571	0.102	0.018	1
TNFRSF9	0.0025498748541491	-0.633284064056938	0.118	0.254	1
ATP5MG	0.00275169974075936	-0.428975575196802	0.567	0.633	1
ARL5B	0.00282220349237014	0.488600995865971	0.251	0.112	1
NFKB1	0.00287422199860344	-0.271918271144624	0.529	0.704	1
B2M	0.00298926328016092	-0.312026704735243	0.963	0.97	1
NCL	0.00304599375197786	-0.289277519407662	0.529	0.704	1
CALD1	0.00314764481034151	-0.926968386618153	0.053	0.142	1
SSB	0.00319061136565782	-0.653944169096758	0.262	0.391	1
PALM2-AKAP2	0.00330493125226353	-0.592549484664617	0.289	0.432	1
SAMSN1	0.00334557762218516	0.4039309555142	0.84	0.728	1
PNISR	0.00348075275255899	0.653280000689432	0.481	0.343	1
REL	0.00354780749156636	-0.259276107585047	0.711	0.822	1
VDAC2	0.00366158283075314	-0.503523263151339	0.257	0.284	1
GPALPP1	0.00371927343712933	-0.427711574599703	0.027	0.112	1
RASSF5	0.00378865224214189	-0.271582125417644	0.353	0.331	1
PPP3CA	0.0038155143641377	0.554635838702814	0.332	0.183	1
PSMB6	0.00385614211314396	-0.526616151774191	0.219	0.355	1
SLC16A3	0.00387570005453238	0.432552589824405	0.214	0.089	1
NACA	0.003934839775781	-0.264342428850783	0.856	0.947	1
C9orf16	0.00406555264679745	-0.519230203328472	0.144	0.26	1
PRDX1	0.00411439215195972	-0.463415911305378	0.61	0.734	1
IGFBP5	0.00415290320721555	-1.32342705694719	0.102	0.178	1
RPL11	0.00421470381505918	-0.258818874975463	0.957	0.988	1
RPL24	0.00426252493194356	-0.292878494300925	0.936	0.976	1
BID	0.00430066406470527	-0.425619885229265	0.07	0.16	1
LACTB	0.00432082567743604	-0.542300841546698	0.123	0.249	1
RPL22L1	0.0043826683483159	-0.578236362015431	0.251	0.385	1
VEGFA	0.00442205879539224	0.56629447640882	0.535	0.367	1
TPSB2	0.004570176843914	0.261499722422783	0.973	0.959	1
ANXA1	0.00458231770352632	-0.305726833113378	0.936	0.935	1
DNAJC21	0.00480806233174102	-0.438483192376269	0.155	0.225	1
SLC25A3	0.00486700298577946	-0.375143154103438	0.674	0.71	1
AHNAK	0.00490338316756555	0.468035688933494	0.711	0.651	1
SF3B6	0.00496539765826771	-0.540627251440086	0.251	0.343	1
SPAG9	0.00500113603635939	-0.277373972350959	0.187	0.331	1
RBBP7	0.00508370926239578	-0.489172966852597	0.118	0.231	1
PARP4	0.00516147265875245	0.474034622890456	0.289	0.148	1
VPS29	0.0052572288054347	-0.536878514643381	0.198	0.308	1
S100A11	0.00535064652036957	-0.45456906832375	0.551	0.633	1
BRIX1	0.00540500018963794	-0.446762376642067	0.053	0.112	1
LDHA	0.00548456940113955	-0.40722619856345	0.214	0.243	1
SSR4	0.00549335674730634	-0.375843707654177	0.465	0.627	1
RBMX	0.00573780199823429	0.476759539268035	0.572	0.402	1
CD44	0.00576216035070531	-0.368706165688155	0.722	0.787	1
RAC1	0.0058418169777698	-0.419558999828025	0.332	0.438	1
GSN	0.00597575194071939	-0.505515850530264	0.123	0.254	1
MXD4	0.00599398838628669	-0.415947496741435	0.075	0.154	1
MT-ATP6	0.00610012623589294	0.351047907627688	0.963	0.988	1
C11orf96	0.00610510420530846	-1.18732809831681	0.086	0.16	1
ST3GAL3	0.00615701746321736	0.499545574247255	0.112	0.03	1
SRRM1	0.00621296660170092	-0.486269486189433	0.476	0.609	1
APH1A	0.00624774437761611	-0.484593487602586	0.07	0.16	1
FYN	0.00629503351027909	-0.457969417779331	0.128	0.195	1
STX8	0.00632067898109629	0.411032753299022	0.15	0.053	1
EFHD2	0.00640573403066017	-0.494761724396455	0.241	0.385	1
SIGLEC10	0.00646818952320368	0.270513113313868	0.123	0.041	1
REPS1	0.0065547983935937	0.432887033617634	0.144	0.047	1
TRIM63	0.00686636895324799	-0.778880140310957	0.112	0.225	1
YBX1	0.00690508524601334	-0.461702037996804	0.658	0.751	1
SNHG29	0.00692067334639267	-0.468117938982532	0.444	0.592	1
TMOD1	0.00692348864853475	0.49396072174781	0.15	0.053	1
DSTN	0.00694467364626459	-0.590701607650796	0.321	0.337	1
DNAJB14	0.00698304297067429	-0.472267468896676	0.102	0.201	1
EIF4A3	0.00705130835902968	-0.360857544488727	0.257	0.379	1
RAP1B	0.0070556797853547	-0.445784564797472	0.326	0.367	1
CDK2AP2	0.00708888648051277	-0.345285269034306	0.032	0.112	1
RIOK3	0.0071235537614573	-0.45335315551491	0.091	0.201	1
ATF1	0.0071387219536105	0.370420017644431	0.112	0.03	1
GATA2	0.00728147822501861	-0.476913523609657	0.599	0.615	1
ANKRD44	0.00731961013563516	0.458355673204824	0.214	0.095	1
CALB2	0.00740889938338854	-0.532810809654746	0.283	0.402	1
TPM2	0.00742545786879807	-0.798728444978891	0.048	0.112	1
SNX5	0.00748988402449252	0.401529295490305	0.267	0.136	1
ARPC3	0.00774401472377901	-0.298843487711878	0.551	0.71	1
RBIS	0.00777693238999623	-0.4940068747661	0.193	0.308	1
TNFSF10	0.00778551079424621	-0.59819210925895	0.102	0.207	1
RPS11	0.00823709591236146	-0.289183323003932	0.941	0.947	1
RBM17	0.00875016864966609	-0.327863045446311	0.267	0.361	1
RGS1	0.008769537055631	0.328917158094704	0.497	0.337	1
TMSB4X	0.00924223854725041	0.332349334445793	0.957	0.953	1
CEBPD	0.00930232320712417	-0.831312295110918	0.107	0.201	1
PLEKHB2	0.0094390276800608	-0.374954344539601	0.102	0.207	1
LXN	0.00966373488061928	-0.616559979183168	0.107	0.207	1
NFE2L3	0.00977912869420645	0.566547520503648	0.193	0.083	1
IST1	0.00979132788250401	0.632221712503908	0.219	0.107	1
PSMA6	0.00992561051008962	-0.54170007200293	0.246	0.355	1
AURKAIP1	0.0100306547098864	-0.511683720513952	0.171	0.249	1
MICOS10	0.0100343082709282	-0.485939891157329	0.305	0.432	1
CHST11	0.0101483803882839	0.496003253197	0.16	0.065	1
AMD1	0.0103363914967431	-0.509530234800155	0.332	0.396	1
CMIP	0.0103371580814425	0.474786551445673	0.171	0.071	1
SNRPD1	0.010433406807622	-0.542867288456766	0.171	0.284	1
KPNA2	0.0106384210814803	-0.441959360665594	0.107	0.183	1
PSMA1	0.0107093395640116	-0.439579741984725	0.241	0.314	1
KIF13B	0.0107185318482655	0.651286331772917	0.31	0.178	1
EIF3E	0.0107346398164829	-0.408469415982855	0.519	0.627	1
C19orf53	0.0108806796638827	-0.462689885720108	0.31	0.391	1
CCNL1	0.0110972104338568	0.361727882867984	0.54	0.462	1
RASA2	0.0112239111877434	0.281129662295346	0.128	0.047	1
SSU72	0.0115701991321814	-0.398002352298477	0.187	0.266	1
TPST2	0.0118222526356962	0.402369514836559	0.246	0.124	1
CPM	0.0120544209057381	0.578387857709958	0.626	0.515	1
EIF5	0.0122729242097671	-0.438309041548867	0.481	0.586	1
BCAS2	0.0123969633168039	-0.420149337858069	0.251	0.355	1
PSMD2	0.0126166519081518	-0.374092684378416	0.086	0.189	1
IL1RL1	0.0126982018224142	0.405253132295354	0.807	0.746	1
MGST3	0.0127583217103423	-0.363046494012177	0.23	0.29	1
FAM204A	0.0129126849091721	-0.57370555220919	0.15	0.231	1
ITGAX	0.0129695638686169	-0.536544081710733	0.198	0.231	1
TP53TG1	0.0129746664952741	-0.370374981835572	0.043	0.112	1
TOPORS	0.0133274466592431	-0.403226726852478	0.075	0.166	1
MIR22HG	0.0133439797942573	-0.453197221012757	0.091	0.166	1
MYL9	0.0133702283076148	-0.914138529682264	0.053	0.107	1
MT-RNR1	0.0134507853050456	1.66819626181282	0.123	0.053	1
PGLS	0.0134539651733833	-0.438075692033862	0.086	0.172	1
SMAP2	0.0139656263175815	-0.379302374838783	0.128	0.249	1
MACF1	0.014133488410049	0.527748622033216	0.31	0.183	1
CCL2	0.0141352078877504	0.965554064746436	0.102	0.095	1
BST2	0.0142244329476874	-0.37901364847772	0.417	0.533	1
ACTA2	0.0143468971097763	-0.8952584150316	0.053	0.13	1
RTRAF	0.0143915105942035	-0.368996451613055	0.267	0.296	1
SH3GLB1	0.0144448788162124	-0.506736037305618	0.23	0.284	1
CMPK1	0.0144480782716171	-0.455348605707519	0.155	0.219	1
TIMP1	0.0148290323091577	-0.408774405705476	0.439	0.574	1
NGRN	0.0148756034286191	-0.423839941680412	0.08	0.16	1
CHMP2B	0.0154437936514503	-0.585039675052891	0.155	0.243	1
UBA52	0.0154606967792516	-0.266408059330178	0.85	0.929	1
CDC26	0.0154897363749817	-0.342615539867697	0.086	0.118	1
CAPZA1	0.0156269273034528	0.569273437463237	0.364	0.225	1
SPARCL1	0.0157130622141976	-0.699495921104639	0.128	0.201	1
YWHAB	0.0158197684351895	-0.386451340307259	0.348	0.497	1
MT-ND4	0.0158999300178072	0.337164688250951	0.984	0.953	1
GABARAP	0.0164584316531095	-0.427596317973355	0.487	0.604	1
NSD3	0.0166407747308457	-0.285268098967175	0.198	0.213	1
SMAD3	0.0166630020243643	-0.393793339395276	0.123	0.172	1
CNST	0.0169934611212802	0.566636435584038	0.198	0.095	1
DDX18	0.0170158934921366	-0.36269613191615	0.433	0.479	1
MT-ND5	0.0171001131881725	0.266555236480629	0.973	0.929	1
MDK	0.017288523812965	-0.380862691382805	0.037	0.107	1
ATP1B3	0.0175010129569382	-0.304398809424247	0.701	0.633	1
CSGALNACT2	0.0181168598089066	-0.453117049358483	0.075	0.142	1
MYL6	0.0183597678604435	-0.407898714867835	0.775	0.817	1
ATP5MC3	0.0186058059664678	-0.466127634494569	0.289	0.396	1
TMEM14A	0.0187537083806718	-0.321767466348258	0.037	0.112	1
STAU1	0.0188320472978119	-0.429902366275969	0.128	0.213	1
SPN	0.0188333552297922	0.496667638021633	0.144	0.065	1
TSIX	0.0188542455653596	0.425791301096205	0.102	0.03	1
MOB4	0.0190942460650611	-0.32270659031577	0.075	0.172	1
INTS6	0.0195382343657517	0.415511963707989	0.433	0.296	1
SEC62	0.0196306041682898	-0.318459363156145	0.561	0.604	1
MRPS6	0.019772140190155	-0.445280039306755	0.225	0.331	1
RAN	0.0204969644440773	-0.315567593328645	0.364	0.491	1
FRMD4B	0.0204985739730278	0.469472009461122	0.123	0.047	1
NEAT1	0.0205226517897377	-0.407326511723427	0.786	0.805	1
SRRM2	0.0207502557049204	-0.384517227934165	0.503	0.592	1
RPL7L1	0.0207836636822746	0.33892748988967	0.198	0.095	1
SLC1A5	0.0209377525162224	0.355167776768572	0.278	0.16	1
GLUL	0.021662913322682	-0.431168638620062	0.781	0.852	1
P2RX1	0.021846628139367	0.424703268744207	0.273	0.154	1
TRMT10C	0.0228873150720676	-0.368423894571654	0.112	0.166	1
COX7B	0.0228982390106531	-0.420399624525075	0.422	0.538	1
HCFC1R1	0.0231218351732582	-0.369688064908868	0.075	0.13	1
ZFHX3	0.0233496089683712	-0.316206230369066	0.086	0.183	1
CEBPB	0.0233502443328347	-0.303249356416044	0.246	0.272	1
CKLF	0.0233864193857734	0.451093024979012	0.636	0.574	1
TMEM33	0.0238588249017253	-0.52908498708579	0.043	0.118	1
ENPP3	0.0239338633189422	0.86972371127844	0.273	0.207	1
LDHB	0.0240749837855565	-0.427235329760517	0.529	0.627	1
AL627171.2	0.0243169030054695	0.475723373062843	0.187	0.089	1
RPL10A	0.0243956280975009	-0.290332774112527	0.77	0.87	1
LINC01140	0.0247422313831118	-0.434698830886071	0.059	0.101	1
OAZ2	0.024961516370694	0.327421099103879	0.203	0.101	1
CKS2	0.0251176922744192	0.618131855415219	0.176	0.083	1
HMGN3	0.0254033714101882	-0.36891856116457	0.267	0.325	1
MTLN	0.0255400846696726	0.308062480227039	0.118	0.041	1
SERF2	0.0256347005640047	-0.327318852081647	0.717	0.805	1
SGK1	0.0260706072597176	0.519465118498931	0.706	0.621	1
BTG1	0.0261816394013492	-0.394805433463127	0.647	0.751	1
LRMP	0.0262769437724672	-0.345307349321139	0.059	0.142	1
IRF1	0.0265498535013511	-0.410812494911177	0.283	0.296	1
SNRPE	0.0269274106950912	-0.417719885546613	0.193	0.272	1
TFG	0.0271431978633577	-0.43231392837675	0.144	0.189	1
COBLL1	0.0276558740254216	0.56065524477373	0.23	0.142	1
SDF2L1	0.027842702410594	-0.441029759547086	0.096	0.148	1
PAK2	0.0281478869685389	-0.455988693085016	0.246	0.337	1
SLC25A6	0.0285469183228444	-0.377282227125123	0.353	0.462	1
KLHDC2	0.0286456916458598	-0.381419116940358	0.059	0.13	1
PRPF8	0.0291213809142725	0.531740239647034	0.246	0.136	1
NDUFB11	0.0291444776063999	-0.48306138510943	0.273	0.331	1
CBX5	0.0291826842494948	-0.385825844170708	0.107	0.178	1
DANCR	0.0295787120487571	-0.253463606164163	0.059	0.142	1
SNRPD2	0.0296050584347973	-0.384383700107088	0.401	0.515	1
KLF6	0.0299900706878004	-0.345451447634445	0.658	0.734	1
EMC7	0.0299919391367318	-0.466128186442525	0.118	0.201	1
CD52	0.0302831195754641	-0.345253140584179	0.107	0.207	1
CACYBP	0.0304283734145092	-0.410507451949472	0.15	0.219	1
GUK1	0.0305905764911423	-0.409924193676162	0.283	0.349	1
IL18R1	0.0306357826977136	0.665264810992229	0.422	0.337	1
TSTD1	0.0306576720760497	-0.468077587355135	0.203	0.302	1
FLNA	0.0307059403017374	-0.389820135187168	0.075	0.16	1
MAP1LC3B	0.0309567676191642	-0.405456405018193	0.262	0.361	1
LYRM1	0.030990116915413	-0.422250835958066	0.037	0.107	1
CCT3	0.0310328868251813	-0.29170782735561	0.251	0.231	1
GOLGA4	0.0313687577706825	-0.277316972636503	0.209	0.331	1
BCL11A	0.031440189589636	0.343795355196213	0.139	0.059	1
TYROBP	0.0314421978017174	-0.385386122231651	0.668	0.751	1
CSF1	0.0314863045211721	0.549293692567759	0.439	0.32	1
ATG3	0.031521287186404	-0.439477871047873	0.053	0.112	1
H3F3A	0.0317188122048898	-0.326176340529616	0.733	0.834	1
SERBP1	0.0318077625798824	-0.36353445811079	0.374	0.462	1
AIG1	0.0319377692005583	-0.283367934889413	0.07	0.154	1
USE1	0.0319556871394328	-0.471994601980293	0.043	0.112	1
HNRNPC	0.0320304809899554	0.402550596927466	0.706	0.574	1
KRR1	0.0321067848846479	-0.61864193846273	0.16	0.231	1
TCEAL3	0.0321348597041791	-0.510663554980396	0.086	0.16	1
SNRPA1	0.0323320413801607	-0.510790585727	0.128	0.183	1
DDX1	0.0324944117597022	-0.333996669754472	0.112	0.112	1
HSPA5	0.0325273799181017	-0.271985041892532	0.492	0.609	1
KIF5B	0.0328649225307662	-0.451371120261709	0.209	0.29	1
NENF	0.0330142952033891	-0.474252386903503	0.219	0.296	1
ZMYM2	0.0332674965492504	0.412489695715261	0.278	0.166	1
THOC7	0.0333959777965294	-0.476390763348715	0.123	0.195	1
AC103591.3	0.0339568004002725	0.430022344192151	0.182	0.089	1
ATP5PF	0.034115855321643	-0.343336149273594	0.337	0.438	1
PFDN5	0.0342133408234399	-0.321947264037432	0.775	0.834	1
SRP19	0.0342660139917317	-0.363333262051134	0.166	0.201	1
ATP5MPL	0.0345766900497994	-0.385261933168766	0.262	0.367	1
RHOQ	0.0346454948134058	0.429325254907228	0.16	0.148	1
PAIP2	0.0349021249690204	-0.372366689553692	0.166	0.225	1
EIF3K	0.0349154899499213	-0.355900962578883	0.567	0.68	1
CLSTN1	0.0350589131914388	0.299498008559804	0.107	0.041	1
COX7C	0.0358637165800214	-0.325894131332644	0.711	0.811	1
TMEM205	0.0359345684680714	-0.277275373474262	0.053	0.13	1
TIA1	0.0359444659093046	-0.269413009695374	0.037	0.107	1
VBP1	0.036231715557082	-0.320590576560526	0.086	0.172	1
ILF2	0.0363240208530519	-0.377198628043316	0.235	0.296	1
KRTCAP2	0.036398112003159	-0.430648990925356	0.321	0.438	1
CLK1	0.0365173967002892	0.50016153109632	0.455	0.331	1
TNPO1	0.0368154756850193	-0.42980455825164	0.053	0.124	1
ERLEC1	0.0370295514995341	-0.393598481416933	0.064	0.142	1
PSMC1	0.0375518562266312	-0.4231818261304	0.15	0.254	1
TARS	0.037587954561256	-0.439539861485743	0.134	0.16	1
DCTN2	0.0376594377308363	-0.415606968868212	0.07	0.136	1
COX6C	0.0378530850016194	-0.301186864559964	0.497	0.556	1
NAA50	0.0379647206736133	0.323797327105362	0.112	0.041	1
RNF181	0.0379816813864266	-0.512049720538008	0.171	0.254	1
CTDSP1	0.038054155884309	0.313577913198295	0.102	0.053	1
SELENOF	0.038804109880079	0.357491504630625	0.219	0.118	1
HLTF	0.0388160884878067	-0.381940513541896	0.086	0.166	1
TMEM259	0.0389210240526756	0.305647751360431	0.139	0.059	1
TMEM59	0.0391536278758131	-0.36210342949748	0.337	0.414	1
DNAJC2	0.0392125168617152	-0.566924688703809	0.128	0.207	1
BAX	0.0392817881049374	-0.30276075542342	0.107	0.13	1
CNN2	0.0394557235747601	0.377976381908753	0.203	0.107	1
ALOX5	0.0395871150076879	0.517624396159277	0.444	0.314	1
RAB11FIP1	0.0398343363128088	-0.291790771137884	0.07	0.13	1
TMBIM1	0.0398953004865511	0.381716041277859	0.182	0.095	1
RBM8A	0.0399209290860959	-0.427743314963879	0.444	0.562	1
BNIP2	0.0401799457348173	-0.332823809872827	0.193	0.237	1
NASP	0.0402933848727568	-0.362357600696708	0.278	0.396	1
SFPQ	0.040415215377023	-0.335615831517028	0.663	0.734	1
ACER3	0.0412688854350668	0.408322515683047	0.273	0.166	1
CCDC25	0.0412996474481122	-0.460322398651993	0.048	0.118	1
NDUFAF8	0.041836051089387	-0.466826507456172	0.123	0.166	1
SYNGR2	0.0419077724194458	0.33675800108013	0.187	0.095	1
SCAND1	0.0420119137851521	-0.443044792139604	0.176	0.254	1
MAFG	0.0420959858943695	-0.330074719250918	0.123	0.16	1
SELENOS	0.0421152730287156	-0.360450332221135	0.219	0.308	1
HIGD2A	0.0422656585346774	-0.377763815345643	0.246	0.337	1
LEO1	0.042777463880557	0.776559541678389	0.428	0.308	1
TMEM154	0.0428860311112865	0.511301610283421	0.219	0.195	1
PRMT9	0.0429380241075326	0.520011919183712	0.209	0.124	1
RAD21	0.0435522058337323	-0.266362969455572	0.209	0.325	1
KANSL2	0.04364759483492	0.251186521301153	0.102	0.036	1
JMJD1C	0.0438418760586359	-0.382209970097608	0.139	0.219	1
MALAT1	0.0441555682786541	0.29613636806385	0.989	0.982	1
MYL12B	0.044282749339606	-0.348409795255249	0.508	0.615	1
PTGDS	0.0449529302102206	-1.02325360523002	0.075	0.148	1
MAFF	0.0449916546389563	-0.383284365502817	0.112	0.201	1
CST7	0.0451641572534088	-0.498248192000855	0.219	0.32	1
GIGYF2	0.045240226122008	0.303398834374736	0.128	0.053	1
NUCB2	0.0458824947973792	-0.387889051196507	0.096	0.183	1
PLIN2	0.0460764388704839	-0.391558079455852	0.658	0.763	1
RNF145	0.0460960763225857	0.281421553557248	0.294	0.331	1
RSRC1	0.0464964795064086	-0.428479541789068	0.198	0.207	1
PPP1R3B	0.0465437917688239	0.469948642245711	0.176	0.095	1
TMEM126A	0.0468291239381419	-0.389161391072195	0.102	0.178	1
THYN1	0.0472327655695198	-0.277747470258839	0.091	0.13	1
SYAP1	0.0472498297031096	0.463632034823841	0.759	0.704	1
BTN3A2	0.04739383125274	-0.331770346657511	0.075	0.107	1
MYLIP	0.0476389047712162	0.266365378698603	0.118	0.047	1
EVI2B	0.0477142127349773	-0.319677518675606	0.166	0.172	1
UNC50	0.0477715135235108	-0.28897506142196	0.053	0.124	1
HNRNPAB	0.0481410238364006	-0.343140025882626	0.251	0.314	1
COPS2	0.0481752268097631	-0.400109349227956	0.107	0.154	1
SAP18	0.0482807808628187	-0.427850227432196	0.471	0.544	1
NDEL1	0.0484258017273386	0.593218905195621	0.449	0.325	1
CD82	0.0485289959062761	-0.351262711505412	0.519	0.544	1
NUDT4	0.0490035613532664	-0.416385789554847	0.08	0.148	1
BCAP29	0.0496884757628427	-0.306962136593687	0.07	0.142	1
PTP4A2	0.0500752677119782	-0.345223031309499	0.326	0.426	1
HSPB1	0.0503346204505484	-0.600445856996883	0.171	0.266	1
RAB20	0.0507863897773019	-0.415894849241218	0.053	0.118	1
TSEN54	0.0509239228691476	0.438351687854818	0.299	0.195	1
FCER1A	0.0516497385301714	0.307843375944627	0.439	0.314	1
GLRX	0.0518386102719802	-0.479563185278485	0.048	0.107	1
RBM4	0.0521135629949491	-0.357149793350134	0.262	0.331	1
VPS4B	0.0522026161516995	-0.415441984673217	0.086	0.148	1
LUC7L2	0.0525173894303491	-0.331512620152086	0.134	0.231	1
MED28	0.0527562648418157	-0.361294894157319	0.091	0.172	1
RHBDD2	0.0529554926008141	0.40545828455022	0.299	0.201	1
ALAS1	0.0530716725856169	0.638257770238793	0.332	0.26	1
GCSAML	0.053593426628246	-0.288614059700187	0.422	0.45	1
BRD7	0.053713153513148	-0.380968814109544	0.187	0.189	1
GID8	0.054204573578731	-0.37445341020033	0.043	0.101	1
MED10	0.0542089387148127	-0.285680057458557	0.118	0.183	1
DNAJC8	0.0542113709631324	-0.321500408628806	0.262	0.379	1
MPC2	0.0542167446971914	-0.431564398924116	0.118	0.172	1
ETF1	0.0542251028676574	-0.355743523574869	0.209	0.237	1
S100A13	0.0543406458590041	-0.366731071490742	0.048	0.101	1
ESYT1	0.0544294853209842	0.31515844897864	0.182	0.095	1
NINJ1	0.0545583634731228	-0.395558151018976	0.193	0.284	1
TMEM14B	0.0548792578327758	-0.282716828926313	0.171	0.213	1
GSTP1	0.0548994639384593	-0.355796902591393	0.497	0.615	1
NSFL1C	0.0549452991611373	-0.313472742145175	0.064	0.136	1
TCF7	0.0550956748741008	-0.259400204545901	0.08	0.101	1
NUTM2A-AS1	0.0552795258434544	-0.325079206321882	0.203	0.249	1
TGS1	0.0554504929896147	-0.482778746079496	0.107	0.195	1
PDE4A	0.0565487795975961	-0.410695879318833	0.123	0.207	1
CDK17	0.0571532941273793	0.343136925101907	0.182	0.095	1
RAB38	0.0574030631564645	-0.253719857147983	0.096	0.183	1
RAB8A	0.0574760642049254	-0.324311595683428	0.091	0.136	1
SEC61G	0.0576025785566259	-0.289399884585634	0.326	0.343	1
DST	0.0578540354655095	0.599694705961595	0.23	0.148	1
NDUFB3	0.058756945732303	-0.345894035932129	0.176	0.183	1
MRFAP1L1	0.0589093464677687	-0.26781856834573	0.053	0.118	1
KRT19	0.0591499723793993	-0.376317189940975	0.134	0.213	1
PIK3C2A	0.0597692431616631	0.251557360035773	0.107	0.047	1
PNP	0.0600960323817277	-0.350723292257461	0.107	0.195	1
RYBP	0.060318301239617	0.486641239826111	0.273	0.183	1
NIFK	0.060513602157784	-0.364959225326795	0.059	0.124	1
DAP	0.0606186122315041	-0.355756278002777	0.075	0.124	1
STX5	0.0607911748619352	0.527504691798014	0.128	0.059	1
NTM	0.0612301525675554	-0.287087583762335	0.15	0.249	1
TPP1	0.0613541716690553	0.345433855105703	0.176	0.095	1
LSM5	0.0616961361399258	-0.298405846729595	0.139	0.166	1
CTSD	0.0621442104169426	0.36715387276512	0.738	0.645	1
WASHC3	0.0622373274268527	-0.316511447948497	0.08	0.136	1
SUMO1	0.0626772928158965	-0.390577468609091	0.166	0.231	1
OSER1	0.0629498085228715	-0.352014829549209	0.048	0.101	1
CCDC47	0.063456580232681	0.274050447391502	0.294	0.189	1
HADHB	0.0645437079882948	0.306064412308998	0.176	0.095	1
CNIH4	0.0649662147317672	-0.273753588453574	0.064	0.136	1
RBM38	0.0658176237307972	0.287033209589445	0.112	0.047	1
HEY1	0.0660758583903588	0.255300333366712	0.123	0.059	1
SMARCE1	0.0661361121932115	-0.348533827930514	0.134	0.201	1
HMGN2	0.0662753671198474	0.256960157492028	0.524	0.402	1
COMMD7	0.0663772221253986	-0.413494644159709	0.086	0.107	1
ATP5F1D	0.0666053257881898	-0.349968827062871	0.289	0.331	1
ICAM1	0.0668020558598198	0.353406715559135	0.342	0.231	1
TMEM258	0.066916918047445	-0.369043929651946	0.332	0.373	1
TNFAIP3	0.0669521533417077	0.513276726275108	0.658	0.58	1
DUSP10	0.0672494662743207	0.330430745153666	0.209	0.118	1
SLC18A2	0.0672737891825989	0.285907444350283	0.626	0.521	1
TMEM91	0.0674454781436267	-0.293857769290497	0.059	0.112	1
NDUFB8	0.0676042964556231	-0.382321687725975	0.305	0.361	1
BAG5	0.0680011513506596	-0.293079171131265	0.064	0.13	1
RPS5	0.0680344424098554	-0.257130604002387	0.765	0.846	1
TRIO	0.0680496368937409	0.870580691811309	0.16	0.136	1
YBX3	0.0680726377502327	-0.420311057086906	0.358	0.414	1
GTF2A1	0.0681331540102686	0.370364829425968	0.107	0.065	1
ESD	0.068334347244136	-0.265070154415331	0.203	0.296	1
BIRC2	0.0683524515345441	0.321104785258012	0.209	0.118	1
CNOT1	0.0688192115685377	-0.301604484098136	0.182	0.183	1
ABHD2	0.0693927977651522	0.278658391132049	0.16	0.083	1
EZR	0.0698535799353388	-0.255372925288561	0.193	0.296	1
COX14	0.069864490327762	-0.331507697685857	0.123	0.195	1
UBE2V1	0.0705401202156936	-0.38014441720195	0.219	0.314	1
CHN2	0.0708504678649109	0.695829843619952	0.193	0.124	1
VAPA	0.0715414465524233	-0.281928869199821	0.561	0.627	1
STMN1	0.0715875392084981	0.250763713735091	0.551	0.432	1
HIF1A	0.0721637414387117	-0.297976906795844	0.481	0.574	1
SREK1IP1	0.0726995842989878	-0.264941466041201	0.07	0.136	1
ZNHIT1	0.0728412743150453	-0.419132039458752	0.139	0.189	1
TRMT112	0.0734278098092901	-0.277526341542581	0.439	0.485	1
M6PR	0.0737985612090204	0.4033530630437	0.332	0.237	1
TAB2	0.0745404764865283	0.418865312615786	0.15	0.077	1
AP2M1	0.07467612165578	-0.313820753509778	0.316	0.361	1
TWISTNB	0.0751631491595811	-0.480072017011456	0.187	0.272	1
SPECC1	0.0755316484566287	0.410795052567953	0.326	0.219	1
PWP1	0.0758356365306634	-0.30329699888031	0.08	0.101	1
SEC22C	0.0763921720457464	0.427387331478515	0.203	0.118	1
CUL5	0.0766325701543563	-0.344064627114478	0.043	0.101	1
PIM2	0.0772975392038782	0.42587202387473	0.225	0.136	1
PHLDA1	0.0774945778284235	-0.370497681738417	0.086	0.136	1
CD274	0.0775926613884862	0.418495760991395	0.128	0.059	1
PLPBP	0.0777777475311195	-0.283727149547557	0.053	0.112	1
CAVIN2	0.0780110763023039	0.484351132808115	0.62	0.521	1
PUM3	0.0781019570545406	-0.405491924397739	0.048	0.107	1
PPP1R14B	0.0786148818812356	-0.337971003424373	0.118	0.172	1
ANAPC16	0.0786278279089973	-0.350660411255086	0.294	0.379	1
CCDC88A	0.0787766517245405	0.575775198562335	0.326	0.272	1
CD84	0.0792435961592696	0.526673764564925	0.369	0.272	1
UBE2M	0.0794735900256018	-0.290969731981488	0.128	0.178	1
DDX21	0.0794800117730589	-0.3450764747587	0.428	0.521	1
NGDN	0.0799531025982068	-0.363966829848107	0.091	0.118	1
YWHAZ	0.0804436214344221	-0.283803705870637	0.711	0.746	1
DCAF13	0.0804581463400894	-0.298331342617966	0.053	0.112	1
PSME1	0.0805598463062951	-0.383155542020495	0.332	0.432	1
TALDO1	0.0807104647046103	-0.320317710707598	0.283	0.355	1
SNRPG	0.0807614258781473	-0.344659582424476	0.369	0.408	1
CBX1	0.0807784839206433	0.251199610028407	0.134	0.065	1
DLC1	0.0808969500740075	0.321136097866723	0.273	0.178	1
TAF7	0.0810494165279219	0.461148911325744	0.406	0.296	1
SDHB	0.0811710337655963	-0.304015502050233	0.134	0.172	1
LAPTM5	0.0819045590724137	0.322801023956551	0.674	0.562	1
KIAA1522	0.0834932194500013	0.275177006716719	0.102	0.041	1
SARNP	0.0835414250130816	-0.281471464899095	0.102	0.154	1
SSR3	0.0836660809659716	-0.356730712963418	0.225	0.325	1
VPS41	0.0845999517172379	-0.286315474220321	0.075	0.142	1
SPATA13	0.0849999089475362	-0.349085038722231	0.096	0.16	1
HIPK1	0.0851359976757168	-0.329549259533143	0.235	0.249	1
TPSD1	0.0857108202304428	-0.720285439132179	0.128	0.183	1
MYL12A	0.0858572307968843	-0.278678966506446	0.556	0.633	1
POGZ	0.0864026287584089	-0.369611868319291	0.102	0.154	1
RILPL2	0.0865500620007931	0.391074413626028	0.406	0.296	1
MSRB2	0.087657717337567	-0.281788012721482	0.08	0.136	1
PSMA3	0.0886160467665536	-0.354387755893528	0.225	0.308	1
GNL1	0.0892869595678609	0.324148138233535	0.139	0.083	1
GLS	0.0893256632923874	-0.291605307025378	0.257	0.302	1
RGS10	0.0898091245978039	-0.281444534579232	0.353	0.42	1
ATP6V1F	0.0900005247490085	-0.417668513524525	0.476	0.562	1
LMO4	0.0909163994691376	-0.391789071453321	0.54	0.592	1
CHMP3	0.0911888963213143	-0.311812038976441	0.23	0.314	1
LUC7L3	0.0914183360530915	0.397587484487173	0.39	0.302	1
TLN1	0.0922047311018117	-0.277303642710124	0.171	0.266	1
ETV3	0.0925961869079715	0.44897833443132	0.118	0.065	1
CST3	0.0926680404830981	-0.290497112236759	0.503	0.592	1
PTPN7	0.0926937982263216	0.301609726359843	0.294	0.195	1
PSMD14	0.093666774195691	-0.282342135757077	0.096	0.136	1
CIRBP	0.0939444165720288	-0.319494149029048	0.556	0.621	1
CD53	0.0940716036541112	0.353424143406594	0.321	0.219	1
EMC3	0.0947393960883849	0.255324088580926	0.134	0.071	1
SELENOH	0.0949835130965844	-0.279886065182306	0.337	0.373	1
TMEM14C	0.0949986195592657	-0.306409137025017	0.246	0.272	1
PRMT2	0.0950117435334887	-0.424247546186683	0.123	0.166	1
AC104695.4	0.0951829146660706	0.267412420300759	0.107	0.047	1
CYCS	0.0953808864899088	-0.476476815961383	0.497	0.562	1
ANXA7	0.0954870877337599	-0.293512272021307	0.299	0.29	1
PLCG2	0.0958965291473908	0.268346042900474	0.107	0.047	1
PIP4K2A	0.0958980680132731	-0.478441019582331	0.144	0.213	1
CCT6A	0.0966050542092289	0.56192724334272	0.182	0.112	1
SUMO2	0.0968819526850152	-0.345536626312698	0.519	0.58	1
IGFBP7	0.0969364116647325	-0.480563063684246	0.086	0.16	1
ELOB	0.0984125153636089	-0.301762688127803	0.358	0.432	1
CRIP1	0.0992241904130204	-0.451483960621272	0.176	0.201	1
C17orf49	0.0998093330878119	-0.26686433237572	0.102	0.136	1
RPL36AL	0.099826025449473	-0.288741076939204	0.856	0.911	1
MRPL42	0.100083574175185	-0.286462305653212	0.064	0.118	1
PDCL	0.100758533471338	0.253743807732827	0.123	0.059	1
CSNK1A1	0.100946630374293	-0.284519842956985	0.455	0.544	1
TXNL1	0.101405571215286	-0.281912780788313	0.134	0.219	1
CPA3	0.101517266558251	0.25432652322921	0.979	0.97	1
GTF2I	0.101859062133036	-0.406989077889928	0.171	0.237	1
FOSL2	0.102859083056279	0.453010229594013	0.572	0.491	1
KLF7	0.103111878099843	0.360980832975472	0.128	0.065	1
CD33	0.103562455775261	0.308613436608959	0.16	0.089	1
TUBB	0.103672557334698	0.380480317740209	0.321	0.225	1
C1orf43	0.10423332074698	-0.251160098200623	0.15	0.189	1
GINM1	0.105736382675585	-0.292156847618046	0.123	0.178	1
TUBB2A	0.106054315266532	-0.424951220168492	0.064	0.118	1
MRPS24	0.106291043589197	-0.270886946219882	0.08	0.142	1
MT-ATP8	0.106790850263227	0.513820624565962	0.294	0.201	1
BCCIP	0.10696264513065	-0.522213499969457	0.059	0.112	1
GAS7	0.107910552066815	0.287943103763277	0.123	0.059	1
AK6	0.107949745727016	-0.274916091728172	0.075	0.13	1
SEMA4D	0.108697196366217	0.400060807171374	0.139	0.071	1
RIT1	0.108837829976891	-0.356360824558223	0.107	0.124	1
DNAJB12	0.109173673748854	-0.329226649982158	0.075	0.118	1
DR1	0.109317171735959	0.442678525045294	0.123	0.059	1
SMARCA5	0.109819619309636	-0.414036188009535	0.251	0.331	1
GPANK1	0.109998490976907	-0.342286554953628	0.053	0.101	1
PFN1	0.110285445728925	-0.313519267133775	0.471	0.527	1
RABAC1	0.111597869429449	-0.298876119740675	0.299	0.32	1
MLPH	0.111628347012527	0.419262070629838	0.444	0.337	1
SIK3	0.111684533752374	0.289786792622408	0.112	0.124	1
SYF2	0.112021595351346	-0.312271651109777	0.305	0.391	1
RRAD	0.114146081647352	-0.372549213253975	0.086	0.154	1
CSNK2A1	0.114312101791089	0.339432697647299	0.182	0.107	1
ACSL3	0.114348972844775	0.347565400722035	0.118	0.059	1
LARS	0.114991910531351	-0.308123545918713	0.107	0.183	1
DNAJB9	0.115065960684618	-0.338417431096623	0.203	0.272	1
BPTF	0.115226595255598	0.334133584118062	0.316	0.337	1
XRCC6	0.115815478365152	-0.30867843297496	0.31	0.379	1
CFAP298	0.11589380581254	-0.379606805454024	0.118	0.189	1
ATP5MD	0.116282700203356	-0.281224894479669	0.38	0.45	1
SMIM13	0.116309308174827	-0.277996636694442	0.048	0.101	1
PEF1	0.117149836853801	0.25224210001617	0.112	0.053	1
CCT4	0.117192233815412	-0.301991294003018	0.182	0.243	1
ZNF394	0.11743418012339	-0.274413733345677	0.128	0.148	1
IDH3G	0.117691016024452	-0.297970101327512	0.193	0.207	1
GCA	0.117954996443319	-0.26658633069115	0.053	0.101	1
CEP170	0.118055814743898	0.28327089153583	0.112	0.053	1
NEDD8	0.119582626577885	-0.349926329565494	0.241	0.325	1
AL355881.1	0.119902662037877	0.538547474513862	0.289	0.195	1
PPP1R12A	0.121684199267608	-0.267029338338333	0.246	0.254	1
HIKESHI	0.12176698931086	-0.302914156740215	0.07	0.101	1
GRN	0.122483475799874	0.353861253426833	0.182	0.118	1
USP53	0.122555830948518	0.450536704378073	0.166	0.095	1
ARHGEF40	0.123512353341979	0.29715371928395	0.128	0.071	1
LAX1	0.124247491595047	0.53537503780052	0.374	0.296	1
ELL2	0.124936474170187	0.576168533013262	0.668	0.586	1
KLHL9	0.125001387967204	0.252648780847938	0.102	0.059	1
COBL	0.125194016708995	-0.258255046419102	0.064	0.107	1
SOCS3	0.125448417438842	-0.311565811799409	0.075	0.124	1
CNOT7	0.125901273701801	-0.251002830419226	0.075	0.107	1
STX4	0.126339872620799	-0.322259717574214	0.128	0.195	1
WNK1	0.127008333240225	-0.255737128844953	0.123	0.136	1
YPEL5	0.127172753860727	-0.335271258867426	0.139	0.172	1
LINC-PINT	0.127493028904711	0.547085203939484	0.326	0.278	1
POMP	0.12891031170064	-0.283487272299664	0.444	0.515	1
LCP2	0.128990474251148	0.305314382384632	0.225	0.142	1
FARP2	0.129232238203594	0.394382853142739	0.171	0.107	1
IK	0.129456592626331	-0.342298952164502	0.278	0.331	1
SAR1B	0.129619988146729	-0.291265947122235	0.118	0.148	1
RER1	0.130014503642681	-0.284685838195028	0.134	0.183	1
MRPL21	0.130806563638356	-0.348373881545069	0.112	0.154	1
CYSTM1	0.132965768832717	0.327568555530843	0.273	0.183	1
LPCAT2	0.132998131083178	0.325854969887617	0.332	0.237	1
CCPG1	0.133295971942426	0.293352536107543	0.193	0.118	1
LRMDA	0.133644857117083	0.507555550270892	0.144	0.083	1
AC092338.3	0.1343131304989	-0.353715947102176	0.112	0.142	1
ARL2BP	0.134677428491378	-0.30103791820965	0.059	0.107	1
NECAP1	0.136092968413229	0.379566870025218	0.176	0.112	1
MORF4L1	0.136800491816111	-0.424639897788361	0.556	0.586	1
ATP5PD	0.136892255235862	-0.303582851314107	0.257	0.337	1
NDUFC2	0.137098228167324	-0.287677763968587	0.299	0.367	1
PPP2CA	0.137128711592814	-0.347547276915147	0.214	0.278	1
EFCAB14	0.137761461644643	-0.33159312465642	0.193	0.272	1
MDM2	0.137819237224269	0.449712215645788	0.171	0.118	1
GLA	0.137835447373043	-0.311068566298472	0.075	0.124	1
TUBB4B	0.138044388349325	0.326864545367717	0.487	0.45	1
PRNP	0.139896383521653	-0.322867948913784	0.439	0.533	1
MPP1	0.140876178255547	-0.325612918011254	0.155	0.213	1
HYI	0.141338438752975	-0.306803387409398	0.15	0.219	1
SNU13	0.142148760233222	-0.279785251697556	0.578	0.627	1
CCT5	0.142970081337698	-0.306721249422857	0.15	0.201	1
SEPT2	0.143459928702295	0.419466065651005	0.102	0.047	1
DNAJA1	0.143972743615222	-0.280647549648653	0.636	0.71	1
CREB1	0.144117756875177	-0.399787087759306	0.091	0.136	1
SMC3	0.145246293470232	0.379964913908984	0.15	0.148	1
ANP32A	0.146507923241806	0.455432218207685	0.23	0.154	1
P4HA1	0.146775264942775	0.286254494833727	0.176	0.107	1
YIPF6	0.149051715408756	0.264213406872535	0.112	0.059	1
DUSP1	0.149144062088166	0.348884492449283	0.668	0.568	1
PLEKHA2	0.149198078846729	0.405300315295409	0.257	0.195	1
PPIL4	0.150086916125542	-0.280975737062079	0.214	0.302	1
STX11	0.151317634457549	-0.269954658076163	0.128	0.201	1
CCDC71L	0.151385085403489	-0.432856100278277	0.219	0.278	1
BLOC1S1	0.154912085198241	-0.268523714354218	0.139	0.16	1
THUMPD3	0.155182895110242	-0.342525791256352	0.048	0.101	1
CLTB	0.156360251469325	-0.274542683684369	0.134	0.207	1
SRSF2	0.156723094520373	-0.332939934927287	0.503	0.586	1
KPNB1	0.156853426944258	0.292756647426128	0.176	0.107	1
RLF	0.157961357543595	0.44860467695046	0.203	0.195	1
CWC22	0.158188794961139	-0.35884079636389	0.096	0.148	1
PHACTR1	0.158308030141814	-0.410853763497583	0.128	0.183	1
ELOC	0.161188845380916	-0.26640607693028	0.257	0.29	1
AAMP	0.161516898671621	0.281523587847195	0.107	0.053	1
CANX	0.162747363577409	0.473861245419769	0.465	0.385	1
PSMA7	0.164235213944797	-0.323631166999428	0.369	0.462	1
PFKL	0.164820389313841	0.267028615535974	0.107	0.053	1
MED19	0.165049956463438	-0.257699229377844	0.08	0.13	1
DNTTIP2	0.166149672704461	-0.335965608841953	0.321	0.396	1
PFDN2	0.166897673226945	-0.270583457227809	0.321	0.391	1
NME2	0.167187169273633	-0.314516586035287	0.476	0.527	1
CNTLN	0.167557909818692	0.251700238461643	0.123	0.065	1
KDELR2	0.167609812893483	-0.341459141431698	0.155	0.201	1
NDUFA3	0.167968305026449	-0.284156492721631	0.225	0.26	1
PA2G4	0.168237621677869	-0.314243405596892	0.251	0.314	1
FIS1	0.170431452250241	-0.250659771474858	0.241	0.302	1
TOMM5	0.171122070091836	-0.273428003075724	0.171	0.201	1
HINT1	0.171583419497667	-0.296121787110027	0.257	0.331	1
NDUFA12	0.171996807691678	-0.316421989264034	0.203	0.249	1
NAA15	0.173189084041446	-0.302949550235648	0.086	0.142	1
SERPINB9	0.173412557115587	0.522190727453451	0.235	0.172	1
SSR1	0.173904357826076	0.253030282993443	0.134	0.101	1
BMI1	0.174239864395281	0.355081299787085	0.225	0.178	1
TTC14	0.175054726818128	0.301754588390517	0.166	0.112	1
MCTP1	0.175335341685433	0.396845896481811	0.182	0.112	1
LINC01578	0.175958451637802	0.305200657594291	0.599	0.562	1
ADI1	0.176453140867554	-0.253170201440119	0.134	0.166	1
RWDD1	0.176526552744484	-0.25703175875858	0.203	0.254	1
ARID4A	0.177326719141849	0.345974928323373	0.198	0.13	1
SYNRG	0.177463638127	-0.279668677278477	0.107	0.13	1
SEPTIN2	0.177480859572836	-0.317183760245485	0.39	0.473	1
FBLN1	0.178250576735814	0.472300739651614	0.118	0.065	1
TOP2B	0.178292724553729	0.365240033582695	0.251	0.172	1
PTPN1	0.181171577047487	-0.326427757958463	0.273	0.331	1
CTR9	0.181475154955638	-0.305672543667007	0.155	0.231	1
FNDC3A	0.182072429922169	0.489476441525634	0.193	0.154	1
RNF168	0.182237707375659	0.481439515178814	0.139	0.089	1
AC058791.1	0.18232686407945	0.370797155425293	0.171	0.107	1
CYB5D1	0.182949858837461	-0.280983626907215	0.075	0.13	1
PHAX	0.184116646151608	-0.308958781993467	0.064	0.112	1
DUSP2	0.185534273749886	0.330819786919131	0.144	0.083	1
RAB14	0.185580919616552	-0.25859518428414	0.203	0.207	1
RIC1	0.185612285771076	0.460610028492152	0.107	0.065	1
PMPCB	0.1857519362195	-0.290287562054267	0.107	0.172	1
MAP2K3	0.185779348934838	-0.324370279213026	0.15	0.213	1
ATP5F1E	0.185886399622951	-0.277021661707529	0.701	0.757	1
ARL1	0.185909502793169	-0.270861709278821	0.086	0.13	1
TMBIM6	0.186161288941845	-0.251396576290996	0.545	0.586	1
BMP2K	0.18754023943037	0.285218607276509	0.519	0.426	1
B4GALT5	0.188865795141844	0.412466735253212	0.444	0.349	1
THRAP3	0.189007246350147	-0.284139760024069	0.289	0.325	1
DEGS1	0.190982007680902	-0.305463404732958	0.15	0.195	1
EIF4A2	0.191989795754634	0.333093269364532	0.519	0.432	1
SUGT1	0.19350420721376	-0.421627763037562	0.171	0.243	1
PEPD	0.194401744629717	-0.323791452625246	0.214	0.278	1
AC007952.4	0.195454430975418	0.310943396963239	0.102	0.053	1
PRKAR1A	0.19769876917977	-0.269388104820689	0.321	0.361	1
SNRPF	0.197873481441404	-0.261936134782486	0.262	0.278	1
FBXO7	0.198450550176932	-0.266318401458596	0.128	0.13	1
ZFP36L2	0.198631631848294	0.429143614609443	0.241	0.213	1
ARFGAP3	0.200386746657017	-0.29300268954148	0.171	0.231	1
SNRPB2	0.201070018962776	-0.334809586028769	0.257	0.32	1
AFG3L2	0.201424681691958	-0.284936368187162	0.102	0.142	1
RAP2B	0.201431786376527	-0.259309624047228	0.075	0.112	1
FXYD5	0.201563552849201	-0.259929919197606	0.604	0.686	1
PBDC1	0.203682543744783	-0.28603511547338	0.086	0.136	1
XBP1	0.206568993698152	0.355893824856338	0.358	0.272	1
LEPROTL1	0.208270256558042	-0.254716444082194	0.219	0.272	1
ACIN1	0.208576500935765	-0.26403001751473	0.096	0.13	1
PABPC1	0.208599719179745	0.285679358507136	0.84	0.781	1
SNRPD3	0.209617520892402	-0.274381602951819	0.139	0.178	1
DYNLRB1	0.209840635148859	0.255849093081466	0.305	0.231	1
IFIH1	0.210101349066719	0.307371024996007	0.102	0.118	1
CCL4	0.21015022721705	0.729630022433736	0.428	0.367	1
CMTM6	0.212104706067649	0.256350320757635	0.358	0.272	1
MAOB	0.213573390570716	-0.283863539943868	0.305	0.349	1
C4orf3	0.21448090452769	-0.284188505691741	0.267	0.343	1
UBE2V2	0.215543812165953	-0.264445267972728	0.059	0.107	1
TRAPPC5	0.216232038349185	-0.273110344812806	0.123	0.183	1
APRT	0.217003394443893	-0.282883335053271	0.209	0.254	1
TRAF5	0.217525799072515	0.330634989414345	0.107	0.077	1
NRP1	0.218929561282855	0.372545815559017	0.102	0.059	1
ARL4C	0.222079099898624	-0.298331952128291	0.118	0.142	1
NDUFS6	0.226352355586469	-0.265305921184191	0.214	0.272	1
TANK	0.22980729905112	0.529577742039396	0.187	0.183	1
PPP1R18	0.230282446680025	0.29317660930946	0.102	0.053	1
KAT6B	0.230317346420281	-0.328679384190634	0.118	0.166	1
IDH3B	0.230764197920706	-0.336388192152027	0.096	0.136	1
NCOR2	0.231761531124049	0.349463593276887	0.203	0.136	1
JPX	0.232462906597732	-0.354445087547736	0.155	0.207	1
STAP1	0.233800589870589	0.542712823350811	0.134	0.089	1
GNPTAB	0.234568451613083	-0.317265319233119	0.39	0.456	1
ATXN1	0.236389203818734	-0.275928729195237	0.171	0.183	1
TXN2	0.23702807536469	-0.323017786909808	0.107	0.13	1
SYNCRIP	0.23826923338502	-0.273599998925114	0.203	0.249	1
EIF2S2	0.238698443017603	-0.277982162497599	0.214	0.254	1
IFITM10	0.239789404263384	0.26216915365155	0.144	0.089	1
ZBTB38	0.240239461000173	0.461613749606904	0.182	0.142	1
IRS2	0.241311427788532	0.282681364328848	0.246	0.183	1
TMPO	0.24161681997983	0.289957655051395	0.128	0.089	1
SZRD1	0.241761150297072	0.357302492078296	0.139	0.089	1
HSPA8	0.242340587297859	0.304840974953658	0.615	0.568	1
HERC1	0.245359115648489	0.286224548549539	0.134	0.166	1
NCOR1	0.248133765090039	-0.317392516169959	0.16	0.225	1
TTC19	0.24854070412936	0.296452412088098	0.155	0.107	1
SNF8	0.252086636530917	-0.334487861433692	0.134	0.16	1
PCBP2	0.256560977893685	0.330910156264395	0.396	0.331	1
TMEM50A	0.257214863545756	-0.264523646184953	0.171	0.231	1
ACTR3	0.257429706853523	-0.267885262492877	0.278	0.343	1
ZNF331	0.257547130585929	0.320230772013033	0.561	0.562	1
HSPA1B	0.258497885287287	0.845987422255221	0.23	0.219	1
ECD	0.26050864258118	0.251775798246178	0.144	0.089	1
FGL2	0.260630611429818	0.335966609156887	0.107	0.059	1
ABI1	0.262455884029257	0.459296561221721	0.118	0.095	1
BNC2	0.265122499730047	0.284187292616054	0.102	0.077	1
MRPL54	0.266873628023545	-0.287751261447231	0.166	0.201	1
UBQLN1	0.268844609569261	0.252120717009611	0.123	0.083	1
NONO	0.269677567833919	0.343209189464521	0.219	0.166	1
COL13A1	0.270304560924172	0.252561984345977	0.155	0.101	1
HIPK2	0.274770211686733	0.437783162375231	0.144	0.095	1
PSTPIP2	0.276213860433935	0.308023434433246	0.128	0.077	1
LINC00486	0.278697525445409	0.473782079205041	0.102	0.059	1
SURF4	0.280377359935691	0.370479181844521	0.112	0.065	1
H2AFZ	0.281871283805476	-0.268141820474149	0.433	0.438	1
MAGT1	0.281883374385399	-0.344679850926598	0.166	0.16	1
RAB5A	0.282009096994471	0.350978666031228	0.187	0.13	1
RSRC2	0.282100178075045	-0.298000560971684	0.374	0.432	1
ATP2A2	0.283646175294006	0.365676715745602	0.262	0.207	1
RP2	0.28479140769037	0.403266618446749	0.123	0.077	1
ABCA1	0.285132755288119	0.350182240629544	0.187	0.13	1
TSPYL2	0.286533511786919	0.404813056965026	0.444	0.385	1
SLC11A2	0.288741578424354	0.331422905723478	0.171	0.142	1
GSTM3	0.289592896444103	-0.311180660415069	0.086	0.13	1
IL2RA	0.290465985098517	0.26970603361094	0.102	0.059	1
PSMA4	0.294422987869817	-0.288774527638934	0.214	0.243	1
EPAS1	0.29702132775532	0.363888319878157	0.139	0.089	1
CTNNB1	0.297526035194884	0.275956104134098	0.38	0.302	1
NAA38	0.300440719540338	0.410983968879108	0.305	0.243	1
TTC17	0.300544877923898	0.380810753523399	0.112	0.071	1
CERT1	0.300643966361884	-0.270543727498995	0.123	0.166	1
ROCK1	0.301302457071841	-0.351615987587189	0.187	0.231	1
SMARCA2	0.302932289784267	0.406788714913968	0.139	0.118	1
HSBP1	0.305254582924144	-0.330101930518043	0.176	0.166	1
ITPR2	0.306367651329075	0.331612571498903	0.118	0.112	1
OFD1	0.310590674023629	0.462662420738873	0.112	0.13	1
NFIA	0.310634022591525	0.308250047330699	0.144	0.101	1
VPS37B	0.312081158758734	0.259690424922679	0.364	0.29	1
CFAP36	0.313396249463285	0.318158695051596	0.182	0.124	1
ATP13A3	0.313969919022169	0.439115206229615	0.134	0.089	1
BATF	0.316086748966491	-0.279873472343007	0.289	0.302	1
VAMP8	0.316201277695905	0.277331276870546	0.412	0.361	1
CAPRIN1	0.316914330399732	-0.287950358894658	0.075	0.112	1
KLF4	0.321229477176542	-0.340378880557908	0.123	0.166	1
PCBD1	0.324425957929565	-0.398735797224273	0.07	0.101	1
ITM2C	0.327190603596386	0.279932644773746	0.39	0.32	1
ERCC1	0.332437329911861	0.272238004326672	0.171	0.13	1
DOCK10	0.33450262196431	0.312439672942823	0.112	0.136	1
ADAMTS1	0.336239874843744	-0.407891018309154	0.08	0.124	1
SFRP4	0.336270657926055	-0.415422211021266	0.15	0.136	1
COX19	0.336998906674937	0.389967549928141	0.107	0.065	1
PDS5A	0.341064039169243	0.34030594038886	0.107	0.065	1
NDFIP2	0.342559194519658	0.323895084131729	0.123	0.077	1
KLF3	0.342965571934202	0.386000792616037	0.128	0.101	1
RARRES1	0.345880539726206	-0.312952970395821	0.086	0.107	1
COX8A	0.346691771252173	-0.255780386640303	0.428	0.485	1
CCAR1	0.347459652007587	0.527813053619248	0.139	0.107	1
POM121	0.348134295305697	-0.263650336066167	0.075	0.112	1
RTCB	0.350057991524042	-0.314057308612613	0.08	0.101	1
CXCL16	0.353987187081089	0.309948254641923	0.219	0.16	1
GALC	0.355120869467763	0.336128164019215	0.476	0.414	1
APLP2	0.356110696296043	-0.264190121608345	0.257	0.296	1
ZNF704	0.356185943018839	0.450476256420039	0.219	0.183	1
RPL4	0.357996523069491	0.258885023972586	0.775	0.716	1
GARS	0.362342387973389	-0.288844109278049	0.064	0.101	1
MGP	0.363171750385406	-0.40275002860259	0.075	0.118	1
DPM1	0.364962931487903	0.45234344513808	0.107	0.083	1
TOB1	0.367293350577148	0.25779422390637	0.171	0.118	1
RBM12	0.37249145240962	0.253262891883118	0.112	0.083	1
CHD4	0.372577706068896	0.299090905596187	0.364	0.296	1
NFKB2	0.373276331373724	0.293029570785897	0.326	0.26	1
GALNT3	0.374281027815113	0.301936230101676	0.15	0.101	1
ANKRD10	0.375220559516749	0.331094802627186	0.107	0.077	1
PLAUR	0.375545566260415	0.30477536930643	0.433	0.391	1
CLDND1	0.384851534805923	0.277352883284007	0.176	0.148	1
ADCYAP1	0.387912583206473	-0.819685698398906	0.086	0.107	1
TUBB6	0.391685607298329	0.370950731150246	0.123	0.089	1
MIR222HG	0.394559289804248	-0.359523386921608	0.198	0.172	1
CBX3	0.40086265126022	0.334879135368655	0.38	0.314	1
NOP58	0.401670239016514	0.258909412335172	0.251	0.201	1
CNOT2	0.406114926260384	-0.267170522079875	0.134	0.166	1
JMJD6	0.407784876470718	-0.27422320600958	0.176	0.183	1
TAF9	0.411717232129479	-0.279416009814542	0.15	0.178	1
SAV1	0.419635795112255	0.468184041318651	0.155	0.118	1
GPBP1	0.42152978622689	-0.269136149172199	0.492	0.556	1
TBXAS1	0.421700262232195	0.284775910690408	0.198	0.148	1
CALM1	0.425522912524261	-0.365667760422721	0.674	0.722	1
KDM5A	0.42578262878303	0.253116413315349	0.176	0.13	1
ZC3H15	0.425866263939127	-0.256994612454174	0.283	0.343	1
HSPB11	0.427703859135744	0.287335227850425	0.225	0.178	1
RAPGEF2	0.429616125160027	0.398876425401264	0.225	0.172	1
NSUN6	0.433184796964004	0.307419355800063	0.166	0.118	1
NBAS	0.433336992785651	0.364448106333386	0.15	0.107	1
SKAP2	0.442767068924497	0.256042232835335	0.171	0.124	1
ZC3H14	0.446354186147036	0.381572855625971	0.112	0.089	1
ELMO1	0.446421078805205	0.501041322230832	0.182	0.136	1
STK17B	0.450906288646163	0.351833707286741	0.497	0.438	1
UBE2Q2	0.458724572828946	0.310403470623705	0.123	0.083	1
MAGI2-AS3	0.459453222233436	0.306466996886966	0.102	0.124	1
ADRB2	0.460958584315026	-0.344857534355904	0.144	0.172	1
PUM1	0.463189110595826	-0.251883935149988	0.139	0.154	1
STARD4	0.465637422145174	-0.350939465275196	0.23	0.243	1
DAP3	0.468461021723604	0.358076019339298	0.107	0.077	1
HSPA9	0.47155783848405	0.25744919848862	0.465	0.426	1
CDKN1A	0.481471620704055	0.299223869590413	0.299	0.278	1
POLR2A	0.485714575086333	0.296522242419214	0.209	0.16	1
DENND4A	0.486782939714731	0.363179711333921	0.219	0.195	1
SMIM19	0.490106346574831	0.305406235688869	0.118	0.083	1
TPM4	0.491932720028719	0.350866059757474	0.433	0.414	1
SNX2	0.49420707652359	0.305069832675083	0.134	0.154	1
REEP5	0.494480709714639	-0.252956120205788	0.214	0.254	1
ABRACL	0.49717879701567	0.289401534961901	0.358	0.314	1
RBFOX2	0.498333923892389	-0.327008008812292	0.075	0.101	1
AGO3	0.500037084087482	0.275540985494213	0.182	0.178	1
CDK11B	0.50251983756792	0.32009098309961	0.139	0.112	1
TGOLN2	0.511361929273087	0.370022724768118	0.38	0.349	1
PDE8A	0.514921986113195	0.486962866523854	0.128	0.107	1
PPIG	0.516957856902461	0.289692303598201	0.476	0.42	1
SOD2	0.517739627726416	-0.436909459305653	0.182	0.225	1
ARHGAP15	0.518102487383511	0.321563700466785	0.166	0.172	1
CYB5B	0.528253989357343	0.26119205693947	0.128	0.101	1
AGFG1	0.540149045025183	0.272099420081877	0.102	0.071	1
FER	0.541066119744821	0.54447116684365	0.433	0.396	1
TMEM173	0.541256805347837	-0.275699497097644	0.08	0.112	1
COX20	0.54317620363739	0.306762449254908	0.219	0.189	1
EIF5B	0.565280888825024	0.385969799949491	0.283	0.278	1
SAFB2	0.565284003793952	0.268813237351959	0.203	0.189	1
PRPF6	0.56842940415851	0.290234941338492	0.225	0.195	1
FDX1	0.576129839548338	-0.29208017108363	0.406	0.45	1
CHKA	0.577142251427288	0.318361916598381	0.182	0.142	1
DDOST	0.578457206275375	0.279314914856389	0.182	0.154	1
ITM2A	0.578793104813085	-0.259293381148326	0.246	0.272	1
DHRS9	0.586645984964385	0.453482640989271	0.235	0.225	1
VCP	0.589438615321608	0.281703709558036	0.257	0.219	1
CDC42SE2	0.593005716161079	0.285416042655498	0.166	0.148	1
SIGLEC6	0.603067100010737	0.273126957996883	0.374	0.325	1
NCKAP1L	0.628589642474558	0.258549909485372	0.112	0.089	1
NIPBL	0.638860321469278	0.250079476586192	0.267	0.225	1
HSPA1A	0.646758501009019	1.18553871194539	0.422	0.385	1
HBS1L	0.656228977332093	0.253292300869122	0.144	0.112	1
PQBP1	0.661280440223382	0.281905910622193	0.15	0.118	1
RSBN1	0.66246676803574	0.28026779604802	0.139	0.172	1
SAT1	0.66400401720015	0.323188751808834	0.818	0.793	1
MCTP2	0.665835213037888	-0.309070426292599	0.139	0.142	1
KMT2C	0.66590068403339	0.276562448939458	0.193	0.166	1
ST14	0.674019016517866	0.33444252899084	0.123	0.095	1
RBM6	0.674613404515153	0.375427748670336	0.214	0.178	1
PALLD	0.68116810413167	0.677162924596561	0.251	0.249	1
GSE1	0.681288277834875	0.269735897718773	0.107	0.107	1
ARHGAP25	0.688186228164497	0.666845517160759	0.278	0.249	1
INO80D	0.691040648721636	0.394897519452011	0.182	0.16	1
FOS	0.693199245591197	0.294854254417251	0.642	0.598	1
GPAT3	0.723560911354917	0.285976379072149	0.278	0.266	1
MAML2	0.723900873051821	0.295950000611778	0.123	0.112	1
MBOAT7	0.727120681617981	0.25021484104123	0.219	0.189	1
CCL4L2	0.728033156726369	-0.315538410806234	0.369	0.343	1
ADAM17	0.765759325760377	0.318097361321191	0.128	0.107	1
USP47	0.771613774955919	0.541494148021876	0.139	0.118	1
FBXO34	0.810553091498214	0.319956447484481	0.16	0.136	1
RANBP1	0.873104499503323	0.25984115829025	0.182	0.166	1
SIPA1L1	0.886977312471178	0.361251095440944	0.171	0.16	1
PNPLA8	0.906970978456345	0.354798729295996	0.374	0.355	1
FAM49B	0.933585493641372	0.301123339278964	0.15	0.136	1
ASH1L	0.95684026871226	0.279681119682361	0.251	0.26	1
HSPH1	0.987149313869803	0.4973051471323	0.316	0.308	1
