	p_val	avg_log2FC	pct.1	pct.2	p_val_adj
MFAP5	2.55542505933385e-82	2.33743634242965	0.934	0.33	7.50834990933471e-78
S100A10	6.94354892261543e-79	1.32303083032707	0.963	0.935	2.04015354444287e-74
MARCKS	2.77367997935568e-69	1.72099009289614	0.928	0.38	8.14962651534285e-65
GPX3	1.83033545470565e-66	1.54555253680026	0.851	0.234	5.37789163301613e-62
SCARA5	2.90012753213159e-61	1.42105619650386	0.886	0.324	8.52115471490905e-57
CFD	2.41067407639297e-59	1.27767841099792	0.96	0.66	7.08304257125782e-55
PCOLCE2	9.16350174777955e-57	1.62033047152699	0.771	0.202	2.69242008353259e-52
SFRP2	1.61367181029761e-56	1.33527780298147	0.856	0.277	4.74129051301645e-52
THSD4	5.70879852435806e-54	-1.72866517159113	0.109	0.617	1.67735918242689e-49
FBN1	1.46489225251768e-52	1.37391321127623	0.947	0.891	4.30414641634745e-48
SLPI	4.02812708905067e-52	1.80681141497713	0.894	0.421	1.18354430130487e-47
MFAP4	5.51309822536687e-52	1.4044410468998	0.926	0.648	1.61985852057729e-47
PLAC9	1.24731677569091e-51	1.12449147518557	0.957	0.879	3.66486615033505e-47
CST3	2.55770658465486e-50	0.804445851872858	0.963	0.947	7.5150534870329e-46
SFRP4	7.22881290480799e-50	-1.82981213188641	0.854	0.928	2.12396980769068e-45
POSTN	1.79965544743653e-49	-2.17869174311729	0.152	0.657	5.28774763565802e-45
RAMP1	4.10822940923617e-48	-1.58349802538069	0.141	0.62	1.20707996502177e-43
C17orf58	2.21192644324549e-45	1.48804981031525	0.761	0.249	6.4990822755439e-41
NEGR1	6.96988845263482e-43	0.880030436468976	0.777	0.262	2.04789262515316e-38
PROCR	1.57900913569593e-42	1.06055293222924	0.731	0.218	4.63944464250177e-38
RBP1	2.86187572952791e-41	-1.08403856275361	0.694	0.838	8.4087632684989e-37
HLA-DRB1	2.91482310169566e-41	1.06158047460688	0.707	0.202	8.56433323740219e-37
GSN	4.01557288361172e-39	0.769268436212771	0.976	0.975	1.17985562466279e-34
RPS26	1.73705800420376e-38	-0.994475613192449	0.891	0.907	5.1038238279515e-34
TPM2	2.23501078419758e-38	-1.19967010755029	0.372	0.717	6.56690868612932e-34
SERPING1	2.83905078237155e-38	0.70275268366659	0.96	0.891	8.3416990087641e-34
CFH	3.21831962918011e-38	0.859774255469582	0.723	0.237	9.45606673445701e-34
TGM2	4.95088861244417e-38	-1.42146067268529	0.106	0.526	1.45467009210835e-33
FBLN2	6.53094308041181e-38	0.89974121046864	0.824	0.364	1.9189216958866e-33
APOE	1.32322529936868e-37	-1.8511730957158	0.024	0.383	3.88790057460506e-33
NTM	2.08151103872243e-37	0.976617027563494	0.566	0.112	6.11589573397426e-33
C12orf75	3.40824981150491e-37	1.01358054090542	0.59	0.134	1.00141195961637e-32
SEMA3C	4.18464399029993e-37	1.17101140090903	0.949	0.819	1.22953209722993e-32
FN1	1.30868027346341e-36	0.930096779969084	0.771	0.296	3.84516437949018e-32
TNXB	1.24966510258546e-35	0.883625628385627	0.918	0.76	3.6717660044166e-31
NR2F2	6.5178873654263e-35	-0.890028730661622	0.63	0.804	1.91508566570956e-30
EBF2	3.15335624323976e-34	0.890106985954535	0.455	0.059	9.26519131388706e-30
C3	3.26937458376054e-34	0.866692332859564	0.899	0.511	9.60607640200522e-30
CLEC3B	4.27251247413193e-34	1.02071675244405	0.729	0.271	1.25534961514944e-29
CHRDL1	4.67159322552162e-34	0.889856062961915	0.904	0.57	1.37260752152276e-29
IGKC	8.1399959433281e-34	0.682222830679581	0.407	0.037	2.39169360806866e-29
VEGFD	5.37494975986515e-33	1.09769250076754	0.431	0.053	1.57926773844358e-28
S100A4	1.37622589011329e-32	0.79119509858341	0.965	0.91	4.04362691033088e-28
SFRP1	7.05282921583029e-32	-1.40386539463795	0.468	0.748	2.07226228019526e-27
MT2A	8.92122097749723e-32	2.01810621439547	0.761	0.38	2.62123314760823e-27
SH3BGRL3	1.07723651632931e-31	1.12859466826362	0.878	0.601	3.16513633227879e-27
IL18	1.3007297642967e-31	0.598541018917685	0.394	0.047	3.82180419345657e-27
PRSS23	1.29033021517228e-30	1.11995672344994	0.819	0.455	3.79124823821919e-26
KCNAB1	2.11667787000392e-30	0.756724972118201	0.348	0.025	6.21922291764553e-26
APOD	4.01796183190531e-30	0.881299929952335	0.88	0.526	1.18055754545042e-25
CD34	6.96729026010065e-30	0.763929526853466	0.928	0.732	2.04712922422277e-25
CACNA1D	2.04696214056633e-29	-0.914677261799153	0.069	0.414	6.014384161412e-25
COLEC12	2.89261956500613e-29	0.741277361995604	0.694	0.268	8.49909480590103e-25
GPX4	4.69021074458036e-29	0.791803480691436	0.92	0.695	1.3780777209726e-24
S100A11	4.79891843016978e-29	0.735889137571469	0.934	0.903	1.41001821315249e-24
FBLN5	6.87808537145719e-29	0.669796135527142	0.867	0.495	2.02091904384155e-24
PDGFD	8.9456934132536e-29	0.741673418417016	0.418	0.062	2.62842363868217e-24
LMNA	9.20231133545116e-29	-0.749702829521375	0.843	0.907	2.70382311658226e-24
ITGA11	3.41751358252972e-28	0.475709568710123	0.553	0.162	1.00413384081888e-23
CD248	4.49105515012544e-28	0.87010104522348	0.878	0.748	1.31956182420986e-23
RAMP2	9.03341166628692e-28	0.964093213523867	0.737	0.349	2.65419701578842e-23
C1QTNF3	2.73294926057302e-27	0.469634549617925	0.527	0.153	8.02995151741564e-23
CRABP2	3.19222107266963e-27	-1.08004393195954	0.176	0.505	9.37938395571789e-23
CREB5	4.73149259958322e-27	0.965611255548425	0.681	0.274	1.39020715560954e-22
PDE5A	1.32081607682863e-26	-0.732950033104905	0.051	0.364	3.88082179693787e-22
CPXM2	1.91957072512357e-26	0.599410758216031	0.527	0.15	5.64008270455807e-22
MGST1	2.89177248097507e-26	0.790667338363623	0.827	0.461	8.49660590360096e-22
CNTN4	3.9843983386393e-26	0.597818616409132	0.513	0.143	1.170695919859e-21
MT1X	5.31005162815079e-26	1.25121237517283	0.375	0.053	1.56019936938326e-21
HLA-DRB5	8.39787489841994e-26	0.629861858683871	0.285	0.016	2.46746360265375e-21
MYLK	1.20450118094922e-25	-0.95857360142514	0.162	0.502	3.53906536986501e-21
APBB1IP	1.23950950503308e-25	0.63738405714097	0.519	0.143	3.64192682768819e-21
ACTA2	1.27913272562633e-25	-1.56565821852971	0.391	0.614	3.75834777443529e-21
FAIM2	1.76710512800033e-25	0.657158552261104	0.644	0.246	5.19210828709056e-21
PI16	2.13718211544615e-25	1.07066486275875	0.904	0.695	6.27946849160389e-21
FILIP1	3.7927421756128e-25	0.551815518270773	0.351	0.047	1.11438350603855e-20
TRAC	4.82871977052935e-25	0.590215689956112	0.473	0.128	1.41877444297693e-20
DCN	5.282378370942e-25	0.417280150056672	1	0.997	1.55206841295018e-20
TIMP2	7.18398839386739e-25	0.61477375434131	0.963	0.882	2.11079946988612e-20
IGFBP6	9.32714055861715e-25	0.635262082538837	0.984	0.984	2.74050043893289e-20
ALDH1A2	1.60562170005237e-24	-0.851055494861084	0.104	0.433	4.71763767909388e-20
PDGFRL	3.66174617335247e-24	0.789989138147016	0.88	0.632	1.07589426065442e-19
ANXA2	4.50288944162782e-24	0.543380573546066	0.979	0.953	1.32303897573909e-19
PTGDS	4.6094678059236e-24	-1.99488141387045	0.295	0.561	1.35435383073647e-19
PLA2G5	3.63923754186631e-23	0.460386329561754	0.391	0.078	1.06928077455116e-18
ITM2A	4.14632085610328e-23	1.01732092542427	0.854	0.601	1.21827199394027e-18
CTSC	4.5783945159533e-23	-0.855045744405212	0.146	0.377	1.3452238766774e-18
STXBP6	7.86996145651614e-23	0.399931463807967	0.386	0.081	2.31235207515357e-18
TJP1	1.02776605808967e-22	-0.784522471998889	0.487	0.66	3.01978223187908e-18
NNMT	1.32364330258607e-22	0.768861709092677	0.604	0.234	3.88912875165839e-18
ALDH1A1	1.32463089967036e-22	-0.72023075770037	0.763	0.844	3.89203050941145e-18
IGSF10	1.69889877653201e-22	-0.689775278776195	0.043	0.305	4.99170438520636e-18
NR4A1	2.2867189324012e-22	-0.883979713877641	0.766	0.835	6.71883756718122e-18
DPP4	4.27967776802038e-22	0.574709847015462	0.436	0.109	1.25745492179975e-17
CYTOR	4.46327323791433e-22	0.69610620700986	0.652	0.283	1.31139894276399e-17
FOXL2	5.78009058919982e-22	-0.647735981019392	0.069	0.343	1.69830621691869e-17
NBL1	6.07796404928064e-22	-0.639884703919729	0.832	0.863	1.78582739695964e-17
FAM180B	1.08364578272018e-21	0.581741315763789	0.423	0.103	3.18396803878844e-17
TPM4	1.12951341173105e-21	-0.728081013021294	0.646	0.776	3.31873630634819e-17
CADM3	1.28945069233202e-21	0.450099714201224	0.447	0.137	3.78866402420993e-17
ESR1	1.82671061810838e-21	-0.752304151837599	0.247	0.567	5.36724113812603e-17
SELENOK	2.23027643232085e-21	-0.781221762012247	0.734	0.682	6.55299821344511e-17
RNASE4	2.27006552639706e-21	0.755001293348335	0.801	0.601	6.66990652965984e-17
NR2F1	2.3781041901078e-21	-0.833827696604851	0.657	0.829	6.98734573137475e-17
IGHA1	2.50147376642479e-21	0.431245419355345	0.277	0.028	7.34983022050931e-17
CLDN11	2.936219625151e-21	0.753779215660461	0.492	0.159	8.62720050261865e-17
MTRNR2L8	4.77357381899422e-21	-0.266248618117413	0.013	0.187	1.40257145949688e-16
SPARCL1	5.1174294841883e-21	-0.748666785985296	0.931	0.972	1.50360313104421e-16
WNT4	6.97718757765219e-21	-0.463285353880819	0.005	0.202	2.05003725406577e-16
TC2N	7.11723828859076e-21	0.47179321601162	0.34	0.059	2.09118695395374e-16
PEG3	8.21799799219e-21	-0.938047514015083	0.234	0.495	2.41461217006527e-16
PDK4	9.70909927102269e-21	0.82301856538078	0.734	0.396	2.85272754781189e-16
SDC2	1.31138594439868e-20	0.796116277262013	0.811	0.523	3.8531141818322e-16
TENT5A	1.69357526111676e-20	0.53562857332166	0.625	0.271	4.97606283221325e-16
TIMP1	1.97387997542801e-20	0.506436279581072	0.965	0.963	5.79965414380257e-16
CRISPLD2	2.77728323841848e-20	-1.03470639774814	0.314	0.604	8.16021361112117e-16
SLC31A2	3.42724337140594e-20	0.363043975276718	0.255	0.025	1.00699264738649e-15
IGLC2	3.90773640159904e-20	0.345298899926574	0.197	0.003	1.14817110951783e-15
HTRA3	4.49745704064483e-20	0.884565736725914	0.697	0.361	1.32144282768226e-15
ADAMTS16	7.44000527090046e-20	0.52838991430086	0.457	0.14	2.18602234869597e-15
FBP1	1.19039697078816e-19	0.392606558969925	0.293	0.044	3.49762437956979e-15
ABCA9	1.19560145384714e-19	0.506844509945755	0.684	0.333	3.51291619169367e-15
CCND1	1.28002118275241e-19	0.493124745848726	0.316	0.053	3.76095823916314e-15
STRA6	2.38504951291266e-19	-0.478362709695479	0.003	0.178	7.00775247883997e-15
CPVL	3.28478846692363e-19	0.585019202438184	0.407	0.109	9.65136547351502e-15
SPON1	5.22764294714378e-19	-0.664861767777989	0.098	0.358	1.53598605072978e-14
CSRNP1	5.35156316733311e-19	-0.782119289194986	0.535	0.642	1.57239628982581e-14
MAGED2	7.68945315119647e-19	-0.487356742259697	0.657	0.648	2.25931512488455e-14
FSTL1	1.01388833879976e-18	0.698375076809549	0.931	0.85	2.97900671706145e-14
HES4	1.11268046948495e-18	-0.698347146338987	0.056	0.305	3.26927775544069e-14
LEPR	1.18663256005369e-18	-0.990989367231691	0.407	0.564	3.48656378794977e-14
MT1M	1.27604508953396e-18	0.975406932100732	0.271	0.034	3.74927568206867e-14
MT1E	1.4198480314864e-18	0.851261608218023	0.351	0.078	4.17179748611335e-14
CPB1	1.5641425991198e-18	0.487110689076252	0.194	0.006	4.59576378473379e-14
IRF1	1.8586187872732e-18	-0.957229703670341	0.582	0.701	5.46099372076611e-14
NAV1	2.26640918317499e-18	0.516389069948722	0.54	0.212	6.65916346200476e-14
RSPO3	2.6745722440559e-18	0.486593984325001	0.386	0.103	7.85842816748504e-14
TAGLN	2.83973353570911e-18	-0.909464754662738	0.654	0.692	8.3437050746205e-14
TSHZ2	3.08946666586694e-18	0.660699637685663	0.694	0.361	9.07747095765026e-14
VGLL3	3.09226003169463e-18	0.509607254605213	0.41	0.115	9.08567842512515e-14
MDK	3.39095552493311e-18	-0.851072401118972	0.383	0.592	9.96330552335847e-14
CILP	3.5871219190032e-18	0.454045331038864	0.388	0.109	1.05396816224152e-13
SBSPON	3.84460212303599e-18	-0.506269518195252	0	0.146	1.12962099579044e-13
MIR4435-2HG	5.07465276570033e-18	0.398582294428238	0.439	0.14	1.49103447561807e-13
ADAMTS5	5.8403781151966e-18	1.04651500086505	0.761	0.508	1.71601989780707e-13
CNN1	7.31852903405679e-18	-0.606916463922401	0.09	0.352	2.15033020078657e-13
LINC01697	7.78107447693251e-18	0.541354304239633	0.359	0.087	2.28623530281231e-13
CD44	9.25170236760234e-18	0.612118469960218	0.606	0.28	2.71833518964892e-13
CAV1	9.8934511597251e-18	-0.749118121071285	0.439	0.648	2.90689381975043e-13
CD24	1.19322567411777e-17	0.777663841278668	0.41	0.121	3.50593567569285e-13
NHSL1	2.9977629947117e-17	0.420661550458692	0.298	0.056	8.80802723106192e-13
NOX4	3.89791648477345e-17	0.457877483515984	0.266	0.04	1.14528582155613e-12
S100A13	4.73838350908672e-17	0.586037451562237	0.931	0.86	1.39223184263986e-12
LAMC1	6.27706129431469e-17	0.549570415016852	0.697	0.386	1.84432614949554e-12
MGLL	6.54654663344652e-17	0.396605531359671	0.346	0.087	1.92350633183926e-12
CEBPB	6.74459430998298e-17	-0.73306830541527	0.766	0.794	1.9816967001592e-12
MIDN	1.30443838893804e-16	-0.766923921054064	0.479	0.62	3.83270087437776e-12
ADAMTSL1	1.41936536453865e-16	0.600574068456216	0.367	0.1	4.17037931408748e-12
WNT10B	1.51596257216446e-16	0.364161001886641	0.274	0.047	4.45420122953361e-12
TNFAIP3	2.2369420316997e-16	-1.13921860454622	0.221	0.386	6.57258307754005e-12
CXCL14	2.37613890901815e-16	0.850062633812161	0.402	0.125	6.98157134247713e-12
FTL	2.57940838055557e-16	0.397190522213197	0.971	0.972	7.57881770374838e-12
KLF10	2.82700014219294e-16	-0.783537120639671	0.316	0.539	8.3062918177913e-12
LINC01133	2.86128317708518e-16	0.638370258033118	0.63	0.321	8.40702223091168e-12
PPP1R15B	3.21742559421678e-16	-0.70185356282128	0.396	0.542	9.45343988092775e-12
TMOD1	4.29502173093315e-16	-0.377007184109678	0.077	0.324	1.26196328498278e-11
MGP	4.35470429151801e-16	0.526235989968088	0.971	0.969	1.27949921493382e-11
ASPH	6.04628509310417e-16	0.509888431038618	0.678	0.364	1.77651948605587e-11
AGTR1	6.9422933831867e-16	0.392648182527082	0.319	0.078	2.03978464184791e-11
NR4A2	7.32563243269981e-16	-1.09611287814057	0.378	0.579	2.15241732137586e-11
DNER	7.49375262352435e-16	0.276279126518792	0.348	0.1	2.20181439584392e-11
CD59	7.52973449140326e-16	0.567699712124731	0.891	0.741	2.21238658826411e-11
MYH9	7.6579081303614e-16	-0.609161629936717	0.295	0.47	2.25004656686279e-11
RHOBTB3	8.35585505156307e-16	0.520305528955435	0.793	0.505	2.45511733125026e-11
TGFBR2	9.88635497808475e-16	0.574612330608824	0.513	0.215	2.90480881966086e-11
FOSB	1.02936880672834e-15	-0.650619924416899	0.872	0.931	3.02449142792921e-11
HLA-DPA1	1.0866387391528e-15	0.327949493738332	0.449	0.184	3.19276194337875e-11
GAS6	1.33356311466926e-15	-0.703220558393698	0.378	0.579	3.91827514352123e-11
CSRP1	1.33666291162858e-15	-0.594216903739799	0.62	0.732	3.92738296694709e-11
NET1	1.4590167854769e-15	0.340670969185488	0.473	0.193	4.28688311908822e-11
PAWR	1.50134183057352e-15	-0.678338602884148	0.271	0.498	4.4112425665911e-11
FMO3	1.67909250772773e-15	-0.611679896168642	0.027	0.202	4.9335096062056e-11
RARRES2	1.85702681983639e-15	-0.512963390016242	0.843	0.903	5.45631620204328e-11
REXO2	1.94347538458056e-15	0.623137931034349	0.862	0.673	5.7103193749746e-11
PPP1R15A	2.16227600775751e-15	-0.580538795604534	0.827	0.857	6.35319936599313e-11
DCLK1	2.35259171221541e-15	0.653552935607115	0.5	0.206	6.91238496883133e-11
CHL1	2.65036000250111e-15	0.317590637682106	0.202	0.019	7.78728775934875e-11
FGL2	3.92250885706604e-15	0.369944866316404	0.282	0.065	1.15251155238314e-10
TRIL	3.96817667611953e-15	0.306037446501755	0.221	0.028	1.16592967097744e-10
NPR1	4.42128339533589e-15	0.443579667969077	0.479	0.19	1.29906148721759e-10
GAS7	4.84576718814039e-15	0.592202144080938	0.755	0.495	1.42378331521941e-10
CPQ	5.40959562952591e-15	0.540318919201477	0.835	0.598	1.5894473878673e-10
TLE1	5.88642957831963e-15	-0.654853155752805	0.229	0.467	1.72955073870187e-10
AL583785.1	6.15634068493045e-15	0.492217785647978	0.287	0.062	1.80885602004626e-10
IGFBP3	7.64729915081218e-15	-0.897809160170022	0.699	0.757	2.24692943649163e-10
ZFHX4	8.55097695714891e-15	0.290885085343741	0.447	0.184	2.51244804954949e-10
VSIR	8.57177004040693e-15	0.561563129452592	0.668	0.383	2.51855747327236e-10
KRT13	9.30620468125706e-15	0.81849787125775	0.16	0.006	2.73434905944695e-10
TPT1	1.19464975887009e-14	0.274337293811312	0.984	1	3.51011992151209e-10
PAM	1.25782097016561e-14	0.486934724141768	0.644	0.343	3.69572957454058e-10
PMP22	1.27046682958908e-14	0.469909705688534	0.936	0.85	3.73288563869864e-10
BMP4	1.33148908997084e-14	0.378915445330813	0.372	0.118	3.91218124415233e-10
TBC1D12	1.33265329780213e-14	0.339217474493264	0.407	0.143	3.91560191960221e-10
NRP1	1.4851918691894e-14	-0.621894299648353	0.285	0.52	4.36379075005229e-10
PRELP	1.81309430294066e-14	0.549977726486008	0.84	0.642	5.32723368090023e-10
MEST	2.17539837572076e-14	0.431719561076152	0.295	0.069	6.39175550754273e-10
ADAMTS4	3.15279136110028e-14	-1.03623527931245	0.146	0.352	9.26353157718485e-10
TOX3	3.35321492312622e-14	-0.395752787129045	0.021	0.19	9.85241608712945e-10
EPB41L2	3.79393346682203e-14	0.475511151018066	0.878	0.632	1.11473353122165e-09
ADAMTSL3	4.78232908349701e-14	0.380044819365544	0.436	0.181	1.40514393131309e-09
NUPR1	5.0149143978848e-14	0.513858426489523	0.923	0.826	1.47348214838651e-09
FLNA	5.33430830306482e-14	-0.595290695618479	0.471	0.586	1.5673264656065e-09
PAMR1	5.5185532341861e-14	0.316464563325835	0.649	0.358	1.62146131126856e-09
RPS9	6.09743918986844e-14	0.338620598581553	0.952	0.944	1.79154958276715e-09
ADIRF	6.48043271391996e-14	0.571754617605684	0.923	0.798	1.90408074000396e-09
NINJ2	7.32565145136293e-14	0.388618636528807	0.25	0.047	2.15242290943946e-09
VCAN	7.49705292902886e-14	-0.563012015900436	0.513	0.433	2.20278409160726e-09
PAPPA	8.0945003472721e-14	-0.744602093792502	0.152	0.361	2.37832609203549e-09
BSG	8.30549614269907e-14	-0.497706625677141	0.713	0.741	2.44032087664784e-09
TPPP3	8.44162022955974e-14	0.649126728720549	0.755	0.517	2.48031685584924e-09
TWIST1	1.14391112160362e-13	0.423877467461612	0.362	0.115	3.36103965749575e-09
SH3D19	1.15013481906457e-13	0.450245267067868	0.707	0.421	3.37932612537553e-09
CD74	1.21232210192886e-13	0.593419668086808	0.676	0.389	3.56204479988738e-09
C16orf89	1.2974131905059e-13	0.487729289168597	0.481	0.206	3.81205943634443e-09
IER2	1.37587506114308e-13	-0.712733459830631	0.872	0.9	4.0425961046506e-09
MIR22HG	1.5022135335119e-13	-0.588957273309871	0.545	0.639	4.41380380416467e-09
MARCH3	1.50870876644615e-13	0.548667101070482	0.282	0.069	4.43288809757208e-09
MOXD1	1.567125995027e-13	-0.430458607780587	0.021	0.184	4.60452959858832e-09
SULF1	1.68385258858411e-13	0.642568489367482	0.535	0.252	4.94749567577784e-09
AC006115.2	1.71613165901009e-13	-0.492914868474872	0.08	0.268	5.04233804050345e-09
DBN1	1.95231838979756e-13	0.531978710725777	0.737	0.467	5.73630189290318e-09
LUM	2.41317154679804e-13	0.527810932622127	0.957	0.857	7.09038063880201e-09
TES	2.65165536100772e-13	0.278624054624239	0.178	0.022	7.79109378171288e-09
CALD1	2.82821659621137e-13	-0.442243031738104	0.957	0.96	8.30986600298825e-09
GAL	2.85936394134676e-13	0.274507998493407	0.199	0.031	8.40138313246506e-09
APCDD1	2.88837034974755e-13	-0.486867810928325	0.144	0.349	8.48660976162825e-09
CCL2	3.04250813802221e-13	-1.28868645876926	0.128	0.346	8.93949741113685e-09
PCOLCE	3.39205476893529e-13	0.553216546743082	0.838	0.651	9.96653532208566e-09
ACKR3	3.56514801297662e-13	0.435646806933603	0.899	0.71	1.04751178917279e-08
CYP1B1	3.76772001490002e-13	-0.694274064010166	0.58	0.723	1.10703149477792e-08
MT1A	3.88844161001743e-13	1.21832819432566	0.245	0.053	1.14250191385532e-08
TRIO	4.01162896082991e-13	0.656805672622298	0.428	0.168	1.17869682127105e-08
NEAT1	4.57319529080348e-13	-0.659572765444433	0.947	0.947	1.34369624034388e-08
NFKBIZ	4.68633373129232e-13	-0.772239082379039	0.697	0.766	1.37693857692831e-08
NDNF	4.73785268122147e-13	-0.310972749917482	0.008	0.143	1.39207587479649e-08
THBS2	4.76113223472669e-13	0.428449128963546	0.601	0.318	1.3989158732074e-08
EIF4A3	4.96828115062367e-13	-0.677074253505917	0.596	0.726	1.45978036767625e-08
CD63	5.09406719876382e-13	0.311801101928705	0.957	0.963	1.49673882434079e-08
DACT2	5.81625372666118e-13	0.25859357059514	0.133	0.003	1.70893166996759e-08
CDH13	6.30593536200585e-13	-0.345123697843206	0.029	0.199	1.85280992806456e-08
GRN	6.48191133862253e-13	0.402742983379988	0.641	0.358	1.90451518951407e-08
SVEP1	7.0120702349867e-13	0.254589483200201	0.449	0.202	2.06028647644379e-08
C1R	7.29223828041704e-13	0.443427582433181	0.944	0.888	2.14260545155213e-08
FEZ1	7.37892081147604e-13	0.352621784029038	0.402	0.153	2.16807451282789e-08
ACKR4	9.21936846721348e-13	0.376882553037563	0.386	0.14	2.70883484303666e-08
MARCKSL1	9.27104289089897e-13	-0.678368935354732	0.207	0.439	2.72401782220394e-08
TMEM106C	9.58653545974607e-13	0.348145508801976	0.38	0.137	2.81671584878259e-08
CEP152	1.0223738247857e-12	0.342380098966266	0.306	0.097	3.00393877198535e-08
TMEM255A	1.09502161331429e-12	0.297299091052378	0.279	0.075	3.21739250424005e-08
GALNT15	1.09510526924171e-12	0.289305439941681	0.21	0.037	3.21763830208599e-08
PGR	1.33413997304797e-12	-0.567983971929591	0.176	0.411	3.91997006880956e-08
AC093425.1	1.33517045611008e-12	0.272143924638816	0.138	0.006	3.92299783414263e-08
RPL36AL	1.35740893446256e-12	0.370324212244036	0.934	0.91	3.98833893123789e-08
RBPMS	1.39636153963699e-12	-0.539194964417758	0.38	0.564	4.1027894757614e-08
MAOB	1.46158256086442e-12	-0.415591140527251	0.043	0.212	4.29442188033185e-08
IGFBP2	1.573237965215e-12	-0.926149208323577	0.287	0.48	4.62248778939471e-08
FGF9	1.620629521159e-12	0.478342138732698	0.348	0.115	4.76173365906937e-08
NEDD9	1.8055828967754e-12	0.3014111846461	0.239	0.053	5.30516366730547e-08
SMURF2	1.87371230854369e-12	0.492539198184741	0.519	0.249	5.50534150496306e-08
SPCS2	1.94338198027749e-12	-0.268587660366214	0.809	0.735	5.71004493445132e-08
ACP5	1.99625620576775e-12	-0.387269029589087	0.04	0.209	5.86539998378681e-08
VEGFB	2.18481658838363e-12	0.509738845782293	0.816	0.636	6.41942809998878e-08
COL12A1	2.20557738314437e-12	0.534884319867546	0.705	0.442	6.48042746715479e-08
TPM1	2.25562743323979e-12	-0.581954137002926	0.875	0.891	6.62748452434516e-08
PHGDH	2.29320932804002e-12	0.427739916335379	0.646	0.371	6.7379076476472e-08
MRVI1	2.39706749616532e-12	-0.26802113165929	0.003	0.118	7.04306371723296e-08
ZNF331	2.56056062941956e-12	-1.07134662461278	0.471	0.567	7.52343924136056e-08
GALNT12	2.66064990598587e-12	0.399886966045271	0.346	0.115	7.81752155376769e-08
SERF2	2.89837255356197e-12	0.373454534482162	0.944	0.922	8.51599823687579e-08
CLMP	3.11785250346242e-12	-0.358241251605795	0.407	0.402	9.16087422567328e-08
ADI1	3.18674204156531e-12	0.547074449398783	0.793	0.573	9.36328546652718e-08
BCL2	3.1932039962341e-12	-0.538156345624224	0.191	0.414	9.38227198173502e-08
NQO1	3.21746402580473e-12	0.478256892478619	0.524	0.259	9.45355280061945e-08
KCNN3	3.85863370798444e-12	0.334813798885332	0.303	0.093	1.13374375607999e-07
KDM6B	3.88576327845733e-12	-0.714345943188791	0.261	0.458	1.14171496647633e-07
GOLIM4	3.92238008423572e-12	0.509925840733796	0.737	0.474	1.15247371635014e-07
FBLN1	4.27953169723862e-12	0.313432360724397	0.968	0.991	1.25741200328265e-07
CAVIN2	4.7137265441321e-12	-0.654947874353442	0.346	0.545	1.38498713319689e-07
HLA-DRA	4.86149724923132e-12	0.541246607452473	0.447	0.193	1.42840512176915e-07
COL14A1	4.90273221275767e-12	-0.675064207933608	0.295	0.517	1.44052077875246e-07
PTHLH	4.98337717739139e-12	0.443776078799654	0.301	0.09	1.46421588226114e-07
RTN4	5.54402529355485e-12	0.436457541757189	0.92	0.829	1.62894551175229e-07
CD55	6.0506754589767e-12	0.73466279620998	0.862	0.745	1.77780946335653e-07
AIF1L	6.45134923862153e-12	0.360688780207735	0.205	0.034	1.89553543329178e-07
CDON	6.52006150170011e-12	0.317831429925774	0.423	0.181	1.91572447042953e-07
ACVRL1	7.13399627284785e-12	0.26897758445104	0.378	0.146	2.09611078488816e-07
FTH1	8.09666115287377e-12	0.282952956373531	0.979	0.994	2.37896097993737e-07
RPL18	8.1946948031827e-12	-0.477379329949077	0.939	0.95	2.40776522707114e-07
OAZ1	8.31206114592767e-12	0.388652467517808	0.915	0.875	2.44224980589647e-07
SLC9A3R2	8.89469187383355e-12	-0.372647729487269	0.029	0.181	2.61343836636977e-07
EFEMP1	9.6958086731239e-12	-0.45497704377117	0.854	0.838	2.84882250433726e-07
PKP2	1.00324109235162e-11	-0.38477219918247	0.037	0.199	2.94772297754754e-07
CHDH	1.06051136714342e-11	-0.337693068684321	0.032	0.184	3.11599449894079e-07
HIST3H2A	1.1361312839422e-11	0.25468620756945	0.282	0.09	3.33818093847898e-07
WNT11	1.15113293548648e-11	0.323441456215043	0.202	0.034	3.38225879104637e-07
FABP5	1.25279804593584e-11	-0.395450448315716	0.011	0.137	3.6809712185687e-07
SASH1	1.32959224810879e-11	0.374829280162975	0.577	0.312	3.90660794339325e-07
MYL9	1.38956674578688e-11	-0.554770640727831	0.654	0.688	4.08282501247101e-07
REL	1.44624699633465e-11	-0.625544450865316	0.218	0.455	4.24936292463048e-07
GLUL	1.53211132957868e-11	0.485239075307377	0.867	0.688	4.50164950856807e-07
SARAF	1.56984135956198e-11	-0.369190956159213	0.713	0.72	4.61250788266502e-07
RESF1	1.57606063530192e-11	-0.511812571270796	0.17	0.336	4.63078135864409e-07
DHRS3	1.58322505392565e-11	0.558026756529099	0.644	0.393	4.65183185344433e-07
SLC7A2	1.68490900967292e-11	-0.357863943059083	0.029	0.181	4.95059965222096e-07
CLU	1.74953112062098e-11	0.480535915520576	0.934	0.791	5.14047233860856e-07
SPRY2	1.81650857346637e-11	0.539024572763255	0.545	0.29	5.33726549055889e-07
GPNMB	1.8623403436798e-11	0.519489076267528	0.891	0.76	5.47192839779999e-07
SETD7	2.00820920181017e-11	0.418149780801848	0.601	0.336	5.90052027675864e-07
CMTM3	2.11654361727106e-11	0.485710150885837	0.545	0.287	6.21882845626583e-07
MALAT1	2.15896080678722e-11	-0.451979423801788	1	1	6.34345864250221e-07
LIMCH1	2.18632200421335e-11	0.378888006609703	0.418	0.178	6.42385131277967e-07
KANK1	2.26346686477977e-11	0.366765288670061	0.356	0.134	6.65051834209591e-07
LOX	2.28449896452927e-11	0.478375143667113	0.391	0.159	6.71231485757989e-07
MICOS10	2.37844082000752e-11	-0.296633838505448	0.63	0.586	6.98833481734608e-07
MEG3	2.40856227555608e-11	-0.804647434146103	0.851	0.879	7.07683767803887e-07
ITGB5	2.6457121314047e-11	0.270710029134343	0.471	0.231	7.77363138449329e-07
OGFRL1	2.71349527570789e-11	0.295274653526464	0.311	0.106	7.97279181908492e-07
NOVA1	2.76283229789624e-11	0.274549087826672	0.484	0.243	8.11775385767873e-07
HLA-B	3.01188143614209e-11	0.493546740769371	0.896	0.757	8.84951003567269e-07
MAP1B	3.10980785717501e-11	0.515187354444542	0.774	0.539	9.13723744595163e-07
PLAT	3.27471754807281e-11	0.533268333126674	0.766	0.526	9.62177509974752e-07
SLC16A9	3.46608140833849e-11	-0.402756487665843	0.061	0.224	1.01840403939802e-06
RGCC	3.64013931854526e-11	0.730010467353008	0.346	0.128	1.06954573457497e-06
SEMA3B	3.75894780773191e-11	0.456412750803565	0.492	0.24	1.10445404486779e-06
MT-ND2	4.00648749862531e-11	-0.451238710965507	0.965	0.981	1.17718615684609e-06
DST	4.96489793512402e-11	0.458282138445361	0.862	0.657	1.45878631129814e-06
GARS-DT	5.34394800529693e-11	0.395522372028202	0.287	0.087	1.57015880291635e-06
ANXA1	5.59012066312053e-11	0.398007828932077	0.949	0.832	1.64248925323807e-06
SAMD11	5.6448591032165e-11	-0.454582689739768	0.088	0.277	1.65857250170707e-06
SPTBN1	5.82540970959458e-11	0.385348693725442	0.949	0.854	1.71162188087308e-06
DUSP1	6.36040879159768e-11	-0.48640569157154	0.918	0.925	1.86881531114723e-06
COL6A2	6.47346476129782e-11	0.32200441189261	0.939	0.916	1.90203341616453e-06
EPB41L3	6.71106233253475e-11	0.366208515697268	0.396	0.165	1.97184433454536e-06
NTRK2	6.97627672465991e-11	0.336393781638714	0.173	0.025	2.04976962723957e-06
LINC02511	7.04873071274737e-11	0.316007594097429	0.16	0.025	2.07105805801943e-06
BHLHE40	7.08697445954709e-11	-0.56101331861894	0.415	0.526	2.08229483570413e-06
SPATS2L	7.36144211340965e-11	-0.339505459163282	0.652	0.651	2.16293892176202e-06
MAF	8.44921298653897e-11	0.279000574604418	0.697	0.442	2.48254775970488e-06
EGR3	8.69468543559371e-11	-0.637196623479714	0.239	0.455	2.55467247468614e-06
ALDH1A3	8.8010615702482e-11	0.419123071118053	0.25	0.065	2.58592791057033e-06
H2AFJ	9.11921462726968e-11	0.444229539131581	0.668	0.417	2.67940764178438e-06
CHGB	9.98579973064807e-11	-0.413926696512666	0.032	0.181	2.93402767685902e-06
FBXO32	1.10404064061986e-10	-0.48541034984707	0.13	0.265	3.24389221026927e-06
H2AFX	1.23075295956887e-10	-0.475104621194854	0.234	0.371	3.61619834580525e-06
IL1R1	1.23526050986729e-10	-0.532221066598504	0.199	0.377	3.62944243009206e-06
TOB1	1.2904677045019e-10	-0.530807633678074	0.452	0.548	3.79165220936748e-06
SLC39A6	1.39509313432811e-10	-0.590082166769942	0.263	0.349	4.09906264728286e-06
AOX1	1.41903300730174e-10	0.361298410153284	0.596	0.343	4.16940278205397e-06
SEMA3D	1.6262324238407e-10	0.453532817441293	0.407	0.178	4.77819610772874e-06
AADACL2	1.86195598250837e-10	0.320769605206192	0.263	0.078	5.4707990678061e-06
LITAF	1.9479736553911e-10	-0.4802431730145	0.638	0.735	5.72353619427014e-06
PTMS	1.97695249478971e-10	-0.312934224493851	0.846	0.807	5.80868182019114e-06
CHST7	2.01305787077257e-10	0.291088509030423	0.255	0.072	5.91476663590397e-06
TUBB3	2.0146074025434e-10	-0.318591853283747	0.016	0.14	5.91931947015301e-06
CFI	2.0523797939551e-10	0.49997398469726	0.59	0.34	6.03030231059887e-06
HIST1H4C	2.06021940579825e-10	0.418953777433727	0.771	0.542	6.05333665811641e-06
IGFBP5	2.07522680451361e-10	-0.46713241162716	0.981	0.991	6.09743139702188e-06
SSR3	2.15852833103856e-10	0.453444822936829	0.843	0.648	6.34218794225751e-06
APOC1	2.20067777581933e-10	-0.364465809630392	0.011	0.128	6.46603144091235e-06
MZT2A	2.35086132080223e-10	-0.383390988794041	0.654	0.676	6.9073007327811e-06
ROBO3	2.36734581038288e-10	0.318187101520786	0.239	0.065	6.95573546006697e-06
PLEKHA5	2.40387923329375e-10	-0.33978568420289	0.593	0.692	7.06307796326371e-06
NDRG2	2.41047046219859e-10	-0.496858044567793	0.269	0.461	7.08244431203188e-06
PPIC	2.83962500694482e-10	0.557764765250766	0.686	0.464	8.34338619540526e-06
SIPA1L2	3.33331532139923e-10	0.268696183381648	0.215	0.05	9.79394707733521e-06
ISYNA1	3.36539916481241e-10	-0.373116248760282	0.051	0.202	9.88821582605184e-06
IFI27	3.55930301990468e-10	0.542093161209791	0.862	0.717	1.04579441330839e-05
TGFBR3	3.7704955400248e-10	0.325145285724237	0.566	0.324	1.10784699957009e-05
PLXDC1	4.02298681867803e-10	0.279721675267277	0.279	0.09	1.18203398706398e-05
FUS	4.13669725438295e-10	-0.345453391570594	0.854	0.844	1.2154443872828e-05
KLF9	4.22871134003408e-10	-0.53246927570779	0.745	0.798	1.24247996592881e-05
QPRT	4.32405187681012e-10	-0.42990387977536	0.221	0.355	1.27049292244435e-05
CAV2	4.81097198972708e-10	-0.456185759230723	0.128	0.299	1.41355979002161e-05
ATP5ME	4.9611859603627e-10	0.447860064948437	0.83	0.673	1.45769565887377e-05
KLHL4	5.49046403984421e-10	0.430248254655629	0.29	0.097	1.61320814418702e-05
FAP	5.58575701873134e-10	-0.435273912339754	0.096	0.274	1.64120712724364e-05
METRNL	5.81926734758206e-10	0.502299938008011	0.63	0.408	1.70981713206656e-05
PGF	5.92589850096236e-10	-0.432373073899824	0.061	0.212	1.74114749755276e-05
KLHL13	6.16336668013866e-10	0.301942284118331	0.279	0.09	1.81092039795834e-05
CCDC80	6.62203062738844e-10	0.331999276839749	0.992	0.981	1.94568503893927e-05
TRIOBP	6.72031534472507e-10	0.40719864338499	0.673	0.43	1.97456305458712e-05
RPS12	7.28458076422228e-10	0.290844795740896	0.989	0.991	2.14035552014379e-05
GASK1B	8.21193470384002e-10	-0.538659892355905	0.322	0.442	2.41283065468227e-05
LINC00632	8.41148417370566e-10	0.31130648307775	0.263	0.081	2.4714622799182e-05
NDUFA6	8.6567959709685e-10	0.278525969294052	0.564	0.33	2.54353979218997e-05
LSP1	8.94256069365571e-10	0.280021929643394	0.63	0.389	2.62750318300992e-05
GLRX	9.19401881722123e-10	0.294195359243621	0.386	0.174	2.70138660887594e-05
CCBE1	9.74759658721296e-10	-0.298153369649818	0.027	0.159	2.86403882925491e-05
ICAM1	9.88993794335535e-10	-0.591047504434195	0.112	0.305	2.90586156651667e-05
PRG4	1.03687893119643e-09	0.704072587110396	0.168	0.028	3.04655767564135e-05
ERN1	1.04956477743645e-09	-0.477135386030456	0.162	0.324	3.08383122906378e-05
MT-CYB	1.06309820895585e-09	-0.429034743050514	0.989	0.988	3.12359515755409e-05
THRB	1.15592728579871e-09	0.251885513123712	0.146	0.019	3.39634555113377e-05
SLC38A2	1.25106779175025e-09	-0.578099231966835	0.654	0.745	3.67588738572058e-05
POLR2L	1.30104283107186e-09	0.420540975663544	0.84	0.673	3.82272404625534e-05
ETS2	1.31176348921327e-09	-0.457265595739442	0.162	0.318	3.85422348400644e-05
TMSB10	1.44771792128712e-09	0.320893515189059	0.979	0.947	4.25368479632583e-05
PDLIM1	1.45491338958521e-09	0.255766845040146	0.593	0.361	4.27482652127925e-05
PIM1	1.50302012865122e-09	-0.511526539958862	0.168	0.34	4.41617374200301e-05
UFM1	1.56091598111304e-09	-0.362121749467058	0.516	0.536	4.58628333570633e-05
RPL34	1.56215063326492e-09	0.264134083878282	0.992	0.991	4.58991099065898e-05
RPS14	1.59646054875541e-09	0.277630087256978	0.973	0.963	4.69072038435316e-05
SGCE	1.6284692277126e-09	0.391745362117212	0.681	0.445	4.78476828486515e-05
HSD3B7	1.6780997896592e-09	0.277878615105348	0.298	0.109	4.93059280197667e-05
ZNF516	1.74107153311006e-09	-0.441044472998002	0.152	0.336	5.11561637858398e-05
DIO2	1.75070327256335e-09	-0.397347928270275	0.021	0.143	5.14391635544563e-05
ABI3BP	1.91708892073207e-09	0.371714226685451	0.774	0.548	5.63279066689496e-05
THBS1	1.91810668244081e-09	-0.76516871348951	0.29	0.417	5.63578105434759e-05
ADAMTS1	1.97273445969896e-09	-0.711718892974234	0.806	0.888	5.79628838948748e-05
SOD3	2.12952738611097e-09	-0.422741669060328	0.801	0.822	6.25697736587124e-05
SVBP	2.19636732928095e-09	0.265305515064149	0.505	0.274	6.4533664868933e-05
RPS3A	2.19815829928504e-09	0.258014847721008	0.979	0.978	6.4586287149593e-05
ANOS1	2.31107168580141e-09	0.322242688676848	0.226	0.062	6.79039082722171e-05
F3	2.41633078121837e-09	-0.482159519633325	0.785	0.798	7.09966310137581e-05
ARL2	2.42141397534373e-09	0.37381723991875	0.684	0.449	7.11459854235494e-05
FOXP1	2.45564945268787e-09	-0.49236013025109	0.497	0.626	7.2151892218875e-05
LBH	2.49981306464052e-09	-0.344611594818195	0.066	0.227	7.34495074652677e-05
EMP2	2.67584285956183e-09	-0.270831050780376	0.83	0.791	7.86216148996456e-05
DDR2	2.69566334594644e-09	0.483086924688096	0.827	0.626	7.92039804305984e-05
ECM1	2.76111763122387e-09	-0.555205414524891	0.218	0.346	8.11271582406198e-05
BRD2	2.99875789283206e-09	-0.558339639494301	0.636	0.71	8.81095044071915e-05
RPL23A	3.03710443168096e-09	0.262330777446274	0.963	0.978	8.92362024116499e-05
TIA1	3.09339895024525e-09	-0.336015470382826	0.21	0.271	9.08902479561059e-05
PTCH1	3.28888881675522e-09	-0.41629784751002	0.077	0.212	9.66341312139018e-05
FGF7	3.31745267239441e-09	-0.584552094327946	0.598	0.657	9.74733944202925e-05
EDNRA	3.59411840485591e-09	-0.260585079528344	0.008	0.109	0.000105602386971476
MEG8	3.71443636112322e-09	-0.962766331882239	0.322	0.399	0.000109137569162523
CYB5D1	3.86899503006636e-09	-0.402382572197863	0.082	0.221	0.00011367881197341
PCYOX1	3.91686539989195e-09	-0.368300159640467	0.715	0.726	0.000115085339179625
CFL1	4.0436103668674e-09	-0.26196617050885	0.859	0.804	0.000118809359799298
TPST1	4.44791003832039e-09	0.322141896922876	0.359	0.162	0.00013068849274593
MT-ND5	4.52742356584818e-09	-0.393137146868244	0.979	0.984	0.000133024759211751
MAP3K20	4.55696721602119e-09	-0.487820675661133	0.468	0.573	0.000133892810741135
SEMA4A	4.61879425626652e-09	-0.439936411699784	0.176	0.38	0.000135709412837623
ZFHX3	4.81148523060818e-09	0.418707717646481	0.399	0.187	0.00014137105904573
TCF12	5.00434898618803e-09	-0.391006880008411	0.261	0.47	0.000147037781912177
SCPEP1	5.28106156519854e-09	0.305030503096699	0.665	0.433	0.000155168150908664
S100A6	5.33442895562005e-09	0.337614603978444	0.997	0.997	0.000156736191574028
KCTD12	5.34547240341954e-09	-0.524371871382032	0.412	0.514	0.000157060670157273
NR4A3	5.80693484663783e-09	-0.63194709001836	0.258	0.452	0.000170619359663913
MYADM	6.13861624945816e-09	-0.39820939345041	0.819	0.832	0.00018036482264158
CPE	6.13981701985476e-09	0.468287154947945	0.819	0.636	0.000180400103677373
TSPO	6.93195328389545e-09	0.321884484807766	0.883	0.701	0.000203674651387416
TM4SF1	7.11233516740437e-09	-0.624312953936878	0.293	0.464	0.000208974631888675
MT-CO2	7.29853722087417e-09	-0.391721972356907	0.971	0.991	0.000214445620623725
TOMM7	7.31215505452073e-09	0.285503600228532	0.939	0.925	0.000214845739811928
NXN	7.46594838410845e-09	-0.314091673978684	0.074	0.234	0.000219364495421874
C1QTNF4	8.08690881361134e-09	0.526608635433281	0.362	0.171	0.000237609554761528
TCF25	9.22266264863045e-09	-0.299176902117243	0.721	0.729	0.00027098027394206
CCNL1	1.00460632431279e-08	-0.499363584870941	0.803	0.888	0.000295173430209584
SESTD1	1.11948833000001e-08	0.373703174213952	0.548	0.321	0.000328928061120604
GADD45B	1.12491043488656e-08	-0.58270714687431	0.673	0.72	0.000330521183978368
PBX1	1.13663763130542e-08	-0.302894427546743	0.848	0.804	0.000333966868830159
CAB39L	1.21423946188903e-08	0.252178105272002	0.388	0.202	0.000356767838692235
NDUFB5	1.36888364210033e-08	0.252104185473706	0.503	0.287	0.000402205391721919
PLPP1	1.4648173853342e-08	-0.310222037391514	0.718	0.698	0.000430392644158896
ANGPTL2	1.48229752811425e-08	0.285174642671145	0.42	0.215	0.000435528659710528
COL1A1	1.50961773108222e-08	-0.452764647324666	0.715	0.794	0.000443555881746579
COMMD6	1.55279536027545e-08	0.368226552385715	0.896	0.798	0.000456242332756133
ZNF141	1.5853395296474e-08	-0.534426948864911	0.181	0.29	0.000465804460600999
ECRG4	1.61850144765525e-08	0.500418800004879	0.141	0.022	0.000475548095350065
MCC	1.62727888263262e-08	-0.391292246494108	0.117	0.262	0.000478127081295117
RASSF2	1.70321353504677e-08	-0.415031388029522	0.388	0.47	0.000500438200867443
RPL27A	1.74096604286123e-08	0.269044085329226	0.976	0.953	0.000511530642713487
HSP90AB1	1.85686485340141e-08	-0.310916860868165	0.973	0.966	0.000545584031226403
ANGPTL1	1.90705026056527e-08	-0.525661870465517	0.21	0.38	0.000560329507559287
GFPT2	2.09579022146898e-08	0.489165819528114	0.535	0.324	0.000615785082872015
WDR45B	2.13902419091292e-08	-0.496021036747354	0.388	0.371	0.000628488087774034
SGCG	2.15200737440427e-08	0.276753174310036	0.181	0.044	0.000632302806747463
ADH1B	2.20658060673436e-08	0.38039234761995	0.907	0.779	0.00064833751387069
UACA	2.35008000492913e-08	-0.478372377452621	0.449	0.639	0.000690500507048278
SYNE2	2.37113332948376e-08	0.420891616020214	0.42	0.212	0.000696686394868917
ACTN1	2.45461773779898e-08	-0.342663675973479	0.035	0.153	0.000721215783720096
LINC01578	2.61054190244977e-08	-0.351952667031046	0.511	0.53	0.000767029421777791
NIBAN1	2.62861196277935e-08	0.28317123922604	0.293	0.115	0.00077233876690383
NOTCH3	2.71293668690738e-08	-0.327313463239114	0.037	0.159	0.000797115057347127
UAP1	3.02347430543067e-08	0.380864510981463	0.838	0.66	0.000888357220421641
TCEAL4	3.03081636766863e-08	-0.38814912973712	0.729	0.76	0.000890514465148398
EBF1	3.31844867953358e-08	0.390889930012838	0.83	0.645	0.000975026591020557
SPRYD3	3.37522725564275e-08	0.371264044639336	0.391	0.19	0.000991709272252954
DIO3OS	3.46360198768446e-08	-0.316811609936262	0.077	0.224	0.00101767553602145
TLE4	3.66837160556343e-08	-0.482900373325039	0.295	0.477	0.00107784094514665
LINC00662	3.98695301359174e-08	0.31756245104584	0.314	0.131	0.00117144653445352
ADD1	4.01348661841506e-08	-0.28374783364816	0.737	0.717	0.00117924263822271
SRRM2	4.5881856157838e-08	-0.295361103735489	0.864	0.86	0.0013481006976296
NTN4	5.10393619780697e-08	0.263195989383583	0.362	0.174	0.00149963853363965
DMKN	5.29876165338419e-08	-0.349464074336936	0.101	0.246	0.00155688214899734
ADGRA2	5.40037397153285e-08	-0.385123604271527	0.394	0.495	0.00158673788031578
HEYL	5.58221442355167e-08	-0.299625446943852	0.056	0.168	0.00164016624192795
PCDH9	5.58749606506246e-08	0.381025845503589	0.245	0.084	0.00164171809383665
TNNT3	5.67779083690833e-08	0.323443291804012	0.428	0.224	0.00166824850370041
UQCR10	5.89393107894477e-08	0.277389833886143	0.777	0.573	0.00173175482961555
LRRFIP1	5.99277360597592e-08	-0.442687234805419	0.154	0.305	0.00176079674090784
SSBP3	5.99320222857846e-08	-0.332554731673499	0.261	0.364	0.00176092267880092
PTGIS	6.08507299098663e-08	0.264281123265394	0.867	0.72	0.00178791614621169
SOBP	6.37219431324829e-08	0.262757076782859	0.338	0.156	0.00187227813311861
GSTO1	6.52838802775263e-08	0.363527881378657	0.678	0.47	0.00191817097031428
CBLB	6.66637902405157e-08	0.259388137102099	0.516	0.308	0.00195871548484683
GALNT16	7.12733649287969e-08	0.308902034185179	0.213	0.065	0.00209415400833791
PPP1CB	7.27536186476004e-08	-0.340360535984367	0.609	0.592	0.00213764682310379
TSHZ3	7.33998885555378e-08	-0.384313480887681	0.146	0.299	0.00215663552553881
FILIP1L	7.50283778141159e-08	-0.582852701503389	0.737	0.738	0.00220448379693435
RASSF8	7.61181608053727e-08	-0.475177638211266	0.359	0.492	0.00223650380078346
COPRS	7.82530047964512e-08	0.257464109095067	0.548	0.333	0.00229922978692933
VAT1	7.89704628597996e-08	0.376580794542887	0.785	0.611	0.00232031013974663
CBR3	8.22820050844304e-08	0.291649743967194	0.58	0.364	0.00241760987339073
PPP1R12A	8.46921423880131e-08	-0.386436287077321	0.601	0.673	0.0024884245276446
ARHGAP20	8.65364134813615e-08	0.367527283641221	0.444	0.24	0.00254261290090936
SEPTIN2	8.66849728464887e-08	-0.271526135353761	0.609	0.589	0.00254697787217553
SLC25A44	8.7538792308331e-08	-0.401655001310976	0.093	0.24	0.00257206479560338
SKIL	8.86447124588696e-08	-0.380484580694762	0.537	0.604	0.00260455894146651
PCDH18	8.98601532065552e-08	0.340516685231159	0.551	0.336	0.002640271021515
ZNF207	9.1379482107219e-08	-0.347982532363213	0.367	0.445	0.00268491194327431
RAB32	9.55549232513597e-08	0.34128899980853	0.593	0.38	0.00280759475497145
ESD	9.74933272256785e-08	0.331965415172551	0.806	0.636	0.00286454894054489
ITGA6	9.83646674869998e-08	-0.353974804204711	0.051	0.165	0.00289015066010303
RAP1A	1.00050125848195e-07	0.325680915960806	0.585	0.371	0.00293967279767167
NFE2L2	1.02157046570709e-07	-0.290011735747061	0.896	0.875	0.00300157834234056
RAI14	1.08729763447934e-07	-0.404961954118071	0.122	0.271	0.00319469790962719
TMOD2	1.10508908354142e-07	0.352525809474038	0.5	0.293	0.00324697274526141
BASP1	1.15420903933209e-07	0.308625362939752	0.356	0.171	0.00339129699936555
MT-CO1	1.20452465104212e-07	-0.299548602669958	0.987	1	0.00353913432969197
NDUFB1	1.38030675896901e-07	0.387886574058234	0.758	0.595	0.00405561731920275
OGN	1.38542033384041e-07	-0.421465128583664	0.952	0.953	0.00407064202488989
ADH1C	1.39041226468949e-07	0.279929307993791	0.258	0.1	0.00408530931611065
ATF3	1.45273792281176e-07	-0.564773445784406	0.745	0.816	0.0042684345648055
TSC22D3	1.4578080510295e-07	0.465480558909897	0.771	0.614	0.00428333161553487
TRMT10C	1.62993554298723e-07	-0.349327720748413	0.25	0.349	0.00478907661240508
SGMS2	1.67669035770513e-07	0.30327934667008	0.309	0.134	0.00492645160900923
ZEB1	1.69411777868985e-07	0.340862333078171	0.681	0.477	0.0049776568573465
PXN	1.91969140392586e-07	0.300585480425278	0.471	0.268	0.00564043728301496
C11orf96	2.01339974006505e-07	-0.960491106122666	0.473	0.561	0.00591577111625912
CXCL12	2.01655818067824e-07	0.379116680682052	0.434	0.24	0.0059250512464688
CTSB	2.02834441140582e-07	-0.294229814799179	0.468	0.489	0.00595968154959258
AKR1C3	2.17871946898591e-07	0.285852791260328	0.263	0.103	0.00640151354377439
JUNB	2.20463855885079e-07	-0.449863133681453	0.902	0.928	0.0064776690136154
SYNGR1	2.22170824867105e-07	-0.363673327301156	0.215	0.346	0.00652782317624528
PGRMC1	2.30257715142259e-07	-0.254448227476625	0.726	0.72	0.00676543218630986
SDCBP	2.50677065344701e-07	0.353978901754433	0.886	0.801	0.00736539353395802
DNAJC15	2.66441102376465e-07	-0.397462395415481	0.25	0.386	0.00782857247002528
DDX24	2.69617304312104e-07	-0.311018538758828	0.761	0.76	0.00792189563529825
APLP2	2.7139354527697e-07	-0.328775344120757	0.777	0.763	0.00797408514732794
HLA-DPB1	2.72202125650563e-07	0.348484587759944	0.415	0.221	0.00799784285586483
OMD	2.83895302363297e-07	-0.458597826424594	0.745	0.813	0.00834141177403839
CDH11	2.94479875816443e-07	-0.437837671506119	0.223	0.355	0.00865240771123872
YWHAZ	3.06388874317772e-07	-0.301638516069779	0.827	0.816	0.00900231790520479
SOCS2	3.15042701462479e-07	-0.327917073911164	0.149	0.29	0.00925658465437056
HOXA5	3.15608877857228e-07	-0.410602166067416	0.231	0.343	0.00927322004920108
TMEM47	3.33603527645296e-07	-0.418635562423942	0.423	0.505	0.00980193884927409
IQCG	3.3621447139161e-07	-0.519761047922371	0.069	0.187	0.00987865359842827
MOB3B	3.47468420463845e-07	-0.377691029108769	0.117	0.252	0.0102093171300687
ELMSAN1	3.57926805892091e-07	-0.412128184859345	0.343	0.424	0.0105166054107214
BTG2	3.5826111660577e-07	-0.596142038587093	0.803	0.841	0.0105264281281107
VKORC1	3.85476127141716e-07	0.354797201165336	0.731	0.548	0.0113260595676779
MRPS24	3.88909892435251e-07	0.295941275966392	0.582	0.377	0.0114269504595325
TGFB1I1	4.07925021135316e-07	-0.284732079448347	0.314	0.386	0.0119856529709978
PIGT	4.16031643172029e-07	0.295408240875137	0.503	0.302	0.0122238417396805
DDX3X	4.17527376386785e-07	-0.389390000946329	0.795	0.819	0.0122677893729965
HSP90AA1	4.2795412258369e-07	-0.299922014400817	0.981	0.975	0.012574148029754
TNFAIP6	4.56945548482489e-07	-0.329216550160499	0.059	0.19	0.0134259741055125
MAT2A	4.6467076960956e-07	-0.378977009148824	0.455	0.502	0.0136529565526681
MEDAG	4.93681799168171e-07	0.418676201599256	0.734	0.539	0.0145053586231592
AHNAK2	5.03029696259544e-07	0.304842307058891	0.447	0.252	0.0147800185354979
TSPAN8	5.11221986728851e-07	-0.701885525456511	0.202	0.315	0.0150207244140671
SLC7A8	5.31440498935232e-07	-0.32523092497386	0.173	0.218	0.015614784739715
FKBP5	5.3167551642161e-07	0.499169207523472	0.309	0.14	0.0156216900234998
SMC5	5.33082301598364e-07	-0.441000828806716	0.351	0.458	0.0156630241855631
MAN1A1	5.53486069167952e-07	0.389582600343137	0.394	0.209	0.0162625276842928
CTSZ	6.04383677966541e-07	0.281604799386963	0.473	0.277	0.0177580012260129
TFRC	6.09657869175598e-07	-0.361831386668397	0.271	0.33	0.0179129675121174
BCLAF1	6.21322861963813e-07	-0.330714298769215	0.676	0.695	0.0182557083302208
PLTP	6.35663583174262e-07	0.300954664706828	0.646	0.445	0.0186770674008262
GSK3A	6.53697192833126e-07	-0.323444429351636	0.146	0.262	0.0192069309198229
WFS1	6.93079483541317e-07	-0.298527835546958	0.136	0.215	0.020364061385411
PIM3	6.98060745137153e-07	-0.370558713715512	0.157	0.271	0.0205104208136198
PPP1R14A	7.12014541840905e-07	-0.381017287906438	0.04	0.143	0.0209204112683695
KIF21A	7.24379067125129e-07	-0.314924056551864	0.202	0.383	0.0212837057502706
IER3	7.55325090326984e-07	-0.667553006329392	0.269	0.433	0.0221929618039874
HMGN1	7.70500027315513e-07	-0.296996949877638	0.516	0.567	0.0226388318025844
SYAP1	8.18862555715544e-07	-0.369487477524584	0.46	0.489	0.0240598196120341
TIMM10	8.40044577623961e-07	0.274707690106758	0.263	0.112	0.0246821897797472
SNHG6	8.73152221768333e-07	0.366083113945025	0.758	0.617	0.0256549585799972
LMO4	9.13016883614015e-07	-0.369311103023855	0.532	0.583	0.026826262074347
ERVK3-1	9.16200142350729e-07	-0.322469314265226	0.17	0.268	0.0269197925825491
EIF3E	9.24198896001853e-07	0.315416693311678	0.886	0.745	0.0271548119623264
WDR86-AS1	9.31417328018469e-07	0.286051082415075	0.314	0.146	0.0273669039318386
SYNPO2	9.85536254022472e-07	-0.295369934972525	0.391	0.548	0.0289570262156883
SRPX	9.86199111689298e-07	-0.354867702037163	0.138	0.299	0.028976502299655
NFKBIA	1.01925979384752e-06	-0.525084557965508	0.894	0.869	0.0299478912628279
KANK2	1.02365253250108e-06	-0.301666241445061	0.622	0.667	0.0300769587099468
Z95331.1	1.02875263712269e-06	-0.315995030514724	0.077	0.181	0.0302268099839388
IL6ST	1.08719889637831e-06	0.252792773050895	0.891	0.748	0.0319440779733874
TSPAN4	1.1017526046002e-06	0.296520569598252	0.745	0.561	0.0323716950283632
HNRNPU	1.16887136995589e-06	-0.332497180352664	0.872	0.841	0.0343437785920439
BCL3	1.18903507020889e-06	-0.37681506716681	0.141	0.252	0.0349362284328775
BLOC1S1	1.24487327667216e-06	0.349332505681284	0.665	0.486	0.0365768666151813
TFPI2	1.27683570830369e-06	-0.511493398391613	0.66	0.791	0.037515986781379
RRAS	1.32995879267084e-06	-0.272841100831021	0.694	0.695	0.0390768492462547
DUSP5	1.41039524183985e-06	-0.344646657149882	0.082	0.187	0.0414402329957386
CCN5	1.52011198639594e-06	0.345949854167593	0.66	0.47	0.0446639303842854
CXCL2	1.53523625108449e-06	-0.849247366120673	0.207	0.34	0.0451083115293644
THUMPD1	1.55833704997923e-06	-0.334077018277011	0.362	0.411	0.0457870592024898
TNFRSF12A	1.59264010323538e-06	-0.36933860207723	0.168	0.293	0.0467949515132621
TNS1	1.62261203561655e-06	-0.256795685009166	0.402	0.417	0.0476755868304855
ITM2C	1.68389606346869e-06	0.483089047727998	0.412	0.237	0.0494762341368372
CERT1	1.79783422107514e-06	-0.322067736569409	0.261	0.349	0.0528239650836298
LDHA	1.81507369061917e-06	-0.269505361712778	0.822	0.788	0.0533304951777724
ERF	1.84883626358633e-06	-0.298442986330342	0.301	0.343	0.0543225070966935
PID1	1.8750962226137e-06	0.26821370135069	0.662	0.47	0.0550940772128358
CDK2AP1	1.88925144146252e-06	0.306315484226465	0.593	0.405	0.0555099858530517
NUTM2B-AS1	2.04590353476721e-06	-0.265617852016814	0.239	0.283	0.0601127376585301
CUTC	2.0543458197559e-06	0.274949816845689	0.231	0.093	0.0603607888760678
PKDCC	2.15445385625077e-06	-0.380527095009542	0.298	0.405	0.06330216320436
IFNGR2	2.24789841409318e-06	0.312174324067042	0.46	0.274	0.0660477512028858
PNRC1	2.33288449021546e-06	-0.419827808607703	0.891	0.897	0.0685448120915106
WEE1	2.42351824996865e-06	-0.430262452737749	0.231	0.34	0.0712078132205789
RNF122	2.47148443147016e-06	-0.274484530118135	0.064	0.171	0.0726171555654562
MT-ATP6	2.51014831854397e-06	-0.337660114281019	0.987	0.988	0.0737531778954588
ITGB1	2.51758013012158e-06	-0.33408911181175	0.899	0.888	0.0739715393832321
TBX3	2.51783590229154e-06	-0.3602481105595	0.415	0.47	0.0739790544811299
CRIP1	2.52870302684215e-06	0.526936329762216	0.763	0.72	0.074298352334676
TUT4	2.69245957662117e-06	-0.404924426846357	0.402	0.489	0.0791098472802833
PPP1R14B	2.99231005607056e-06	0.297628564896221	0.468	0.283	0.0879200540674652
KCNQ1OT1	3.05158263475253e-06	-0.500418712884777	0.625	0.639	0.0896616009742988
CFB	3.25075130398574e-06	0.274689309514024	0.255	0.109	0.095513574813709
TACC1	3.26865949343004e-06	-0.351661748417182	0.843	0.822	0.0960397532359615
FAM153CP	3.31098373129301e-06	-0.283599274156439	0.093	0.193	0.0972833239928512
C4orf3	3.31364051796218e-06	0.322813355711681	0.846	0.701	0.0973613856987647
ARMCX1	3.3264411323461e-06	0.287500841438897	0.46	0.277	0.097737493350593
IER5L	3.32646002419523e-06	-0.440145726382496	0.346	0.442	0.0977380484309043
DKK3	3.35469134621852e-06	-0.286630967378138	0.043	0.146	0.0985675411345924
DDX17	3.43060238619843e-06	-0.306603453447825	0.806	0.829	0.100797959311282
PDE10A	3.44505370739689e-06	-0.378857434721276	0.122	0.181	0.101222568030735
SULF2	3.58147812140225e-06	-0.354137331386987	0.213	0.333	0.105230990163041
AHNAK	3.72167216479969e-06	0.280068806558286	0.949	0.925	0.109350171546145
SLIT3	3.9367871604233e-06	-0.342579559207866	0.519	0.53	0.115670680347557
RERG	3.98043127418682e-06	0.342439778890816	0.322	0.168	0.116953031698157
ATP1A1	4.01961942281511e-06	0.365553734115961	0.572	0.383	0.118104457881153
LONRF2	4.03389788165355e-06	-0.276418015735341	0.306	0.312	0.118523987558745
RBM25	4.16386205005213e-06	-0.311427064079654	0.601	0.657	0.122342594754632
IGFBP4	4.66674770864556e-06	-0.270532184468065	0.88	0.872	0.137118381175424
EP300	4.68823907126239e-06	-0.274939620851103	0.271	0.33	0.137749840391832
CD9	4.77799252568538e-06	0.260664811751832	0.566	0.38	0.140386976389688
RECK	4.95216330534431e-06	0.309944388332831	0.396	0.224	0.145504462237627
SLC40A1	5.12369080555575e-06	-0.409616042300546	0.324	0.445	0.150544283248839
ATP5F1E	5.18335676535877e-06	0.288335401664005	0.888	0.863	0.152297388479771
ABHD14A	5.34628945354255e-06	0.250774331542965	0.471	0.29	0.157084676723987
USP36	5.51305816542376e-06	-0.377331550296967	0.176	0.271	0.161984675016481
ID4	5.59139947436795e-06	-0.436665748766292	0.114	0.221	0.164286499355879
ARID1B	5.63331645285816e-06	-0.400904783661839	0.431	0.523	0.165518104017879
RRBP1	5.78384819549588e-06	0.293941714172695	0.801	0.639	0.16994102768006
HOXA3	5.94765820543994e-06	-0.250202866056583	0.09	0.218	0.174754093392236
CCDC144A	6.3479258133791e-06	-0.275360338187536	0.144	0.209	0.186514756248705
PTPRG	6.56724337095044e-06	0.37124191714166	0.263	0.118	0.192958744725266
ARID5A	6.92012372962763e-06	-0.292903565065421	0.136	0.262	0.203327075423919
UGP2	6.95463952814275e-06	0.438202141766038	0.604	0.436	0.20434121861589
SLC3A2	6.96092049947722e-06	-0.403567686993666	0.423	0.492	0.20452576611564
FHL2	7.50243401885081e-06	-0.303120800738605	0.096	0.209	0.220436516341874
NFATC4	7.55531429344436e-06	-0.313048213530239	0.125	0.221	0.221990244569982
PDZRN4	7.84481976581803e-06	0.507805451696057	0.226	0.093	0.230496494359265
SERTAD1	7.88281543877736e-06	-0.279685317671446	0.638	0.667	0.231612883222156
PWWP3A	8.12548035981278e-06	-0.309148345738374	0.311	0.364	0.238742863932019
HSP90B1	8.49456449336592e-06	-0.276051559222248	0.856	0.86	0.249587293944077
NAF1	8.75109341147554e-06	-0.412197910650798	0.112	0.215	0.257124626615974
CKS1B	8.85363864646866e-06	0.269098259289031	0.527	0.346	0.260137610710542
GREB1L	8.90408131870774e-06	0.691322857650817	0.144	0.04	0.261619717306271
KRT19	8.95099447632958e-06	-0.278833198099481	0.154	0.296	0.262998119703516
ATP5PD	9.00753015277941e-06	0.301006197992268	0.766	0.607	0.264659250948965
MMP19	9.72167892036111e-06	-0.375519386451838	0.184	0.308	0.28564237003805
SCARA3	9.92504744487758e-06	-0.269036212390203	0.141	0.237	0.291617744025393
GTF2I	1.00792839206856e-05	-0.279615295132652	0.543	0.555	0.296149520157584
TEAD1	1.01635193404249e-05	-0.324700904508567	0.327	0.336	0.298624525260365
ANTXR1	1.06115832502857e-05	0.36685847545113	0.63	0.455	0.311789539059896
ATF7IP2	1.06895606690496e-05	-0.271122507775818	0.048	0.143	0.314080671578015
SLIT2	1.11386618698418e-05	-0.286591197620444	0.537	0.632	0.327276163059692
MT-ND4	1.11439299545014e-05	-0.255565048675112	0.987	0.988	0.327430949923159
SYNE1	1.13100753394778e-05	-0.285639344450135	0.652	0.679	0.332312633624536
SOCS3	1.17731298549257e-05	-0.515283018575798	0.601	0.698	0.345918101397428
TIMM13	1.22571784721594e-05	0.258061249270328	0.508	0.33	0.360140417868988
PRKCI	1.24674759584127e-05	-0.273019519199057	0.141	0.274	0.366319378610083
CD99	1.24769653095078e-05	0.277947292728885	0.883	0.841	0.366598194723958
LY6E	1.30606913991454e-05	-0.284260175008216	0.779	0.76	0.383749234689689
IL33	1.32783112232241e-05	0.346219125247869	0.625	0.449	0.390143340360769
CREM	1.36822337241112e-05	-0.536071123716192	0.309	0.408	0.402011391281835
PCMTD2	1.38563653704394e-05	-0.255050335863452	0.258	0.299	0.407127727314251
ADAMTSL4	1.41415545184554e-05	0.267815093873338	0.449	0.277	0.415507154861257
MEIS1	1.43615372211816e-05	-0.326731434853277	0.311	0.377	0.421970686632759
PHLDB1	1.45436595217575e-05	-0.260566971561047	0.566	0.548	0.427321804068278
PLP2	1.48001469090689e-05	0.283327738236111	0.641	0.464	0.434857916482262
EMILIN1	1.48021742728447e-05	-0.311559847272153	0.157	0.252	0.434917484484723
HIGD2A	1.49697466108557e-05	0.280882023229047	0.617	0.442	0.439841094920162
FYTTD1	1.57550342879539e-05	-0.331664292318304	0.274	0.324	0.462914417448661
AC005261.1	1.60321319949215e-05	-0.30982434930734	0.247	0.308	0.471056102274782
EIF4G2	1.64083888002182e-05	-0.251575181014678	0.782	0.81	0.48211127972801
NINJ1	1.64977469660789e-05	-0.328845974453281	0.168	0.29	0.484736801357329
ANP32A	1.71955692826295e-05	0.272279151018016	0.471	0.302	0.505240216662221
PSD3	1.72845166157795e-05	0.332423246231985	0.391	0.227	0.507853667204832
CHD2	1.73177472141154e-05	-0.390056467059908	0.396	0.511	0.508830048645139
KLF6	1.77054181495385e-05	-0.436538827579544	0.681	0.688	0.52022059606974
UBE2S	1.77301128627317e-05	-0.403452376377731	0.434	0.533	0.520946176132783
SERTAD3	1.77905734039289e-05	-0.33866945191709	0.263	0.364	0.52272262775424
RRAD	1.80640920533156e-05	-0.386088591998937	0.122	0.252	0.530759152710519
EEF1D	1.82342867925881e-05	0.265671298335276	0.931	0.844	0.535759814539823
SPEN	1.85863972095782e-05	-0.292084895469902	0.269	0.299	0.546105522811827
NAP1L3	1.91399948433541e-05	-0.268791976860083	0.128	0.255	0.562371328487431
ERAP2	1.92630254597501e-05	-0.292132965217998	0.133	0.271	0.565986214058376
JUND	1.94023037050377e-05	-0.300333119081041	0.939	0.944	0.570078487461417
ZFPM2	2.03291723561574e-05	0.251892133255735	0.359	0.206	0.597311742168616
DYRK3	2.03799072771232e-05	-0.360262040218516	0.101	0.19	0.598802435616435
CHD1	2.03863314468351e-05	-0.274290794418987	0.503	0.526	0.598991190570909
PLEKHH2	2.16624208156942e-05	-0.321610946813767	0.444	0.53	0.636485248406726
RBPJ	2.22350649936463e-05	0.263864074509274	0.801	0.651	0.653310679643316
IFITM3	2.29038937033601e-05	-0.29786586584083	0.955	0.953	0.672962204792127
AL627171.2	2.33805402243561e-05	0.429277357462431	0.356	0.202	0.686967032872032
NKTR	2.41155226083873e-05	-0.306377543956053	0.551	0.567	0.708562285279635
SNRNP70	2.41332814934786e-05	-0.253424687918076	0.404	0.433	0.709084076841389
AFG3L2	2.43277694534204e-05	-0.301884143392799	0.194	0.28	0.714798522080398
RBBP6	2.47345416631989e-05	-0.277675970225515	0.561	0.548	0.72675030314811
ASPN	2.49069536560653e-05	0.43047723316918	0.481	0.315	0.731816112322511
BRI3	2.54972609156671e-05	0.268219060048187	0.838	0.717	0.749160520224131
PLEKHA4	2.60480364458354e-05	-0.389802552947462	0.234	0.355	0.765343406851537
RGMA	2.61735613922014e-05	0.297418024970904	0.436	0.274	0.769031580825661
B3GALNT2	2.63398471700563e-05	-0.280222199690663	0.085	0.181	0.773917389550595
TOP1	2.86081054945206e-05	-0.280619718253549	0.553	0.586	0.840563355640005
ISLR	2.95593170466761e-05	-0.321078965988968	0.785	0.782	0.868511853465436
RFK	3.1051474814193e-05	-0.309214794158417	0.207	0.296	0.912354432990618
ANKRD37	3.15908594228501e-05	-0.291245441077323	0.096	0.187	0.928202631562182
NUCB2	3.20487152627361e-05	0.347000980399541	0.771	0.626	0.941655351849712
CDKN1C	3.42085468185276e-05	0.273206575486997	0.816	0.673	1
FAM102A	3.69094177428275e-05	-0.26347681792369	0.189	0.296	1
NUMBL	3.81601199847351e-05	-0.285446365682749	0.234	0.327	1
COL15A1	3.89065741871261e-05	-0.348982973614797	0.061	0.156	1
HES1	4.01088042343763e-05	-0.673076726819683	0.327	0.449	1
PPP1R10	4.21023187184714e-05	-0.301678172320121	0.638	0.657	1
RANBP2	4.35355485513819e-05	-0.34718059416238	0.322	0.402	1
FNBP1	4.56399895987868e-05	-0.299668119872788	0.335	0.383	1
IRS1	4.65378426373552e-05	-0.2788716801203	0.157	0.277	1
ID1	4.69142618843934e-05	-0.389017370192678	0.255	0.414	1
ZNF451	4.71376872035559e-05	-0.253828271380474	0.327	0.361	1
DDX5	4.7185203735452e-05	-0.312556755402937	0.949	0.972	1
COL4A2	4.78001704618706e-05	-0.325683098767949	0.396	0.467	1
JOSD1	4.91125711355747e-05	-0.306045385089291	0.229	0.324	1
SPTSSA	4.94476470496875e-05	-0.264262071342897	0.277	0.349	1
RAP1B	5.03595966253767e-05	0.299156871817227	0.851	0.732	1
DDX21	5.1963939881339e-05	-0.261278198036816	0.582	0.558	1
TAX1BP1	5.20221162739291e-05	-0.260548456226511	0.588	0.639	1
EHBP1	5.41803779029056e-05	0.288853835007321	0.54	0.374	1
HEXIM1	5.45589014000834e-05	-0.349055335524538	0.439	0.505	1
F10	5.5088457200018e-05	0.397551626281786	0.806	0.71	1
OLFML3	5.71042897933147e-05	0.251259222847594	0.886	0.785	1
CREBBP	6.00613594433945e-05	-0.292008948315152	0.324	0.386	1
CRIP2	6.06951011789948e-05	-0.291873709336143	0.242	0.327	1
NUAK1	6.09131793984157e-05	0.294922597137193	0.221	0.1	1
CHMP1B	6.09966250511575e-05	-0.27910450878576	0.279	0.299	1
DLGAP4	6.2759584839753e-05	0.448590366282336	0.423	0.268	1
PRPF4B	6.44939298125388e-05	-0.333675424602313	0.511	0.539	1
AXIN2	6.59767886773004e-05	-0.3239670469097	0.085	0.174	1
TMTC1	6.73794625587337e-05	0.265273557225832	0.245	0.118	1
KLF3	6.93256508138845e-05	-0.34815966657279	0.561	0.636	1
SMC4	6.97934333352576e-05	-0.260271185453864	0.082	0.156	1
PHACTR2	7.05812408430326e-05	-0.390489819074313	0.335	0.411	1
MYH10	7.0593627455262e-05	-0.307604998678549	0.199	0.318	1
GATAD1	7.19884733159666e-05	-0.273082622859338	0.343	0.389	1
PLOD1	7.26064677859841e-05	-0.274701603686884	0.074	0.159	1
HSPA9	7.38749868387869e-05	-0.29523394866692	0.476	0.517	1
PDCD4	7.43219464796218e-05	-0.29231420814517	0.394	0.452	1
TMEM51	7.67165175881153e-05	-0.280493243501209	0.043	0.118	1
SLC2A3	8.25616328619301e-05	-0.378865998753952	0.444	0.48	1
SRSF2	8.25819717497914e-05	-0.321684640574549	0.66	0.735	1
SOD2	8.29992338859693e-05	-0.467324089923937	0.606	0.679	1
LMAN1	8.59488505019647e-05	-0.271510150851333	0.62	0.629	1
NID1	8.76843573377231e-05	-0.308599345366287	0.551	0.573	1
HEXB	8.97937102666985e-05	0.344838769679149	0.511	0.349	1
DNAJC3	8.9818319616818e-05	-0.368628653529911	0.492	0.514	1
CREB3L2	9.00841896982929e-05	-0.296281972178451	0.316	0.402	1
HNRNPDL	9.19038277179106e-05	-0.251720652702893	0.819	0.822	1
TCF7L2	9.26213811844851e-05	0.304558782295429	0.63	0.474	1
OGA	0.000103985194623727	-0.251702216261248	0.303	0.336	1
AOPEP	0.000104541986811018	-0.254110415144713	0.205	0.271	1
AC020916.1	0.000105994795372989	-0.330563925975115	0.303	0.386	1
TRIB1	0.000107148042971657	-0.275585827323861	0.059	0.14	1
HLA-A	0.000110263687672634	0.260754396722896	0.931	0.857	1
SEC11A	0.000112146653554026	0.250335757125442	0.753	0.604	1
HELZ	0.000112872648055432	-0.302341267935276	0.258	0.358	1
ADAM17	0.00011289546115678	-0.397476113980126	0.21	0.28	1
LRRC17	0.000123580987627064	-0.406735169420223	0.684	0.732	1
SMIM26	0.000125864696290583	0.283343641569094	0.649	0.502	1
FAM133B	0.000128986509696606	-0.266079268616429	0.686	0.685	1
TCIM	0.000129647717427026	0.270003661348061	0.285	0.153	1
NAP1L1	0.000134800046839016	-0.25725284320996	0.798	0.807	1
RDH14	0.000135903464997389	0.272087664704037	0.319	0.181	1
MLXIP	0.00016408141228709	-0.281745628711682	0.245	0.318	1
GNAI1	0.000170257615652804	-0.282626622184033	0.181	0.28	1
FGFR1OP2	0.000173980978829617	-0.286650315486696	0.497	0.492	1
YME1L1	0.000181905070230384	-0.285349425199533	0.537	0.561	1
BTG3	0.000184298765084084	-0.273082248725548	0.497	0.477	1
SNX5	0.000186133758365918	0.27474140935251	0.452	0.302	1
PLCB1	0.000189732984631553	0.31718691760275	0.221	0.106	1
TMEM173	0.000190799859229938	-0.268864016592222	0.199	0.268	1
SLK	0.00019115130927365	-0.266167631969671	0.468	0.464	1
MAP3K8	0.000192192789750925	-0.27822759387674	0.274	0.315	1
SEC31A	0.000201408084704996	-0.287850708469468	0.59	0.623	1
ARID5B	0.000208714019273503	0.250633979331811	0.875	0.76	1
HAND2-AS1	0.000210191929187521	-0.262205940415689	0.173	0.234	1
MTR	0.000221178490108477	-0.268357776393035	0.447	0.505	1
H2AFY	0.000231592394383335	-0.318333652435921	0.263	0.346	1
DOCK4	0.000242365063047934	0.31465573370865	0.335	0.199	1
CAMK2N1	0.000246292826629782	0.289508479175899	0.694	0.567	1
LMOD1	0.000250765199040677	-0.310606101628052	0.303	0.405	1
CALCOCO2	0.000265956315427257	-0.264145963645718	0.521	0.57	1
COL3A1	0.000270073109791381	-0.263991840181537	0.723	0.76	1
RND3	0.000270907409426295	0.32430903572451	0.511	0.358	1
CETN2	0.000271975661741684	-0.310911772228044	0.306	0.393	1
IFRD1	0.000272812617222538	-0.308068330341425	0.532	0.545	1
SERPINB9	0.000278006883439922	-0.253703643792575	0.085	0.168	1
ITPR2	0.000295159101606302	-0.295172018952003	0.218	0.315	1
LAMTOR4	0.000297525606169484	0.276336389941916	0.713	0.57	1
STMN1	0.000298067164700907	-0.256245047325922	0.128	0.178	1
SGK1	0.000301885539675358	-0.390064174599756	0.282	0.38	1
CCNT2	0.000310370238057474	-0.269512369844142	0.152	0.212	1
MRPS31	0.000316392133596801	-0.31471527512796	0.293	0.371	1
SENP7	0.000332926967435762	-0.33542428349238	0.202	0.312	1
HSPE1	0.000341887876745225	-0.292929611074855	0.699	0.72	1
CELF2	0.000354225736970528	0.256677707666021	0.729	0.586	1
INMT	0.000359983769837352	-0.279074640682553	0.394	0.421	1
PPP2CA	0.000363043680498037	-0.251170456433357	0.316	0.346	1
EEF1G	0.000380780457657445	0.269612851812226	0.79	0.729	1
ING2	0.000389379418739286	-0.533967003884433	0.231	0.274	1
MT-ND3	0.000393762419885171	-0.288524775815528	0.976	0.991	1
DNAJB4	0.0003984379693072	-0.357208978974485	0.5	0.558	1
RHOB	0.000423612876208764	0.334821032427994	0.739	0.629	1
LSAMP	0.000488479404954671	0.34234350322691	0.184	0.084	1
PARVA	0.000504215522553262	-0.262080987972932	0.444	0.498	1
DCBLD2	0.000521750983013728	-0.286279181187273	0.367	0.405	1
TMF1	0.000528392892775408	-0.263622755075795	0.426	0.467	1
PUM1	0.000528810819392428	-0.284584178251749	0.402	0.461	1
HNRNPH1	0.000564799129204217	-0.273561146256875	0.694	0.741	1
WTAP	0.000576466306259565	-0.255340598184607	0.431	0.495	1
RBM39	0.000579736041812855	-0.274046271535467	0.872	0.863	1
PSMB8	0.000584170999461454	0.250007843963412	0.476	0.333	1
PGAP1	0.000592794869225832	-0.333884726605949	0.125	0.15	1
SNHG12	0.000598711471132757	-0.27393743377912	0.106	0.19	1
WDR6	0.000660019719108548	-0.252545627901143	0.176	0.249	1
PENK	0.000688053065320001	-0.410788279520506	0.072	0.118	1
EIF4A1	0.000704917460975836	-0.295839692346223	0.835	0.838	1
PHLDA1	0.000709178724602591	-0.451324567718464	0.266	0.324	1
NSD3	0.000722326668487192	-0.283877333099899	0.5	0.573	1
GABPB1-AS1	0.000726122802976417	-0.254682956442562	0.33	0.346	1
COL1A2	0.000761310036023803	0.252208106969406	0.973	0.953	1
TMEM59	0.000794653495507726	0.250002257482977	0.91	0.841	1
SRPX2	0.000804499493121746	0.27325647408704	0.285	0.165	1
UGCG	0.00100906230645612	-0.333623458778353	0.287	0.358	1
GRAMD2B	0.00101709496504298	-0.278699060007888	0.199	0.274	1
PTMA	0.00112008222062106	-0.26901548355393	0.971	0.972	1
IRF9	0.0011862038873051	-0.2629591235377	0.226	0.33	1
IER5	0.00122803368905587	-0.265092935600679	0.346	0.43	1
CENPC	0.00129656116229212	-0.25103494164853	0.404	0.436	1
ZSCAN16-AS1	0.00131408274860863	0.265696133711903	0.327	0.206	1
SDK1	0.00142938254868486	0.319460956623158	0.13	0.053	1
TCEAL1	0.00147324994374478	-0.261524956125999	0.234	0.333	1
PSME4	0.0015242466156582	-0.279259748987438	0.09	0.134	1
NAMPT	0.00153941534991264	-0.325369227824625	0.598	0.607	1
SMARCA1	0.00156281970876621	-0.258115307498059	0.431	0.461	1
SOCS1	0.00156807505314117	0.287443851671324	0.476	0.343	1
KHDRBS3	0.00159003504052612	0.261687064898417	0.101	0.034	1
LCA5	0.0016343935877155	0.274343026046642	0.263	0.156	1
ABCA1	0.00174705884972731	-0.260644899330507	0.473	0.48	1
GEM	0.00182358915765321	-0.38560627780393	0.282	0.346	1
LTC4S	0.00182823449996814	-0.266998259673704	0.314	0.386	1
UGDH	0.00182902419589388	0.309492331022307	0.566	0.433	1
PLA2R1	0.00185376178206822	-0.274373868455559	0.165	0.218	1
VLDLR	0.00185688936425133	-0.300209752461847	0.343	0.405	1
TOR1AIP2	0.00187527493407662	-0.2543482281513	0.338	0.389	1
WWTR1	0.00191709550125182	-0.274731308842992	0.418	0.445	1
RCOR1	0.00206727791855414	-0.258811710638054	0.189	0.249	1
C7	0.00211151047892981	-0.363137250988073	0.226	0.343	1
NOLC1	0.00227939922877179	-0.272456151116504	0.277	0.355	1
PIH1D1	0.00237467574256592	0.252289174398865	0.441	0.318	1
ATP1B3	0.00243988146735543	-0.38074413362708	0.489	0.486	1
XAF1	0.00251376919921589	-0.26214216374855	0.221	0.262	1
SNHG29	0.00256050113783529	0.25427249556552	0.763	0.664	1
TUBB4B	0.00260619011733785	-0.302803514602725	0.731	0.766	1
CALCRL	0.00269677793342607	-0.286155992376138	0.418	0.399	1
CDC42SE1	0.00315167584082009	-0.331689988898396	0.207	0.231	1
COL5A1	0.0032263705227746	-0.251518650014635	0.362	0.396	1
SNW1	0.00324398971274046	-0.260994872199291	0.487	0.492	1
NRIP1	0.00328870340268593	-0.252080520534258	0.473	0.551	1
RC3H1	0.00331300992293304	-0.272980252705043	0.25	0.296	1
PTGER4	0.00339433779175027	-0.310939172140938	0.104	0.159	1
RBBP8	0.0034007781137533	-0.287606036266297	0.088	0.143	1
PTPRD	0.00348728421652849	-0.30054581865936	0.332	0.377	1
CRYBG3	0.0035981715965228	-0.285348760743725	0.271	0.355	1
LYRM7	0.00376040724176991	-0.287616669524144	0.125	0.153	1
STK17A	0.00394203336575251	0.27839384270468	0.141	0.065	1
GDF15	0.00423808894412561	-0.348623956823822	0.072	0.128	1
DIAPH2	0.00437795001379521	0.277478978846117	0.439	0.318	1
GPC3	0.00448692163505744	-0.272552663117309	0.207	0.243	1
SFT2D2	0.0044886455813299	-0.253653826033587	0.316	0.374	1
ANKRD26	0.00470412435202527	-0.262751790617666	0.16	0.196	1
EGR1	0.00497875244542779	-0.281138336340496	0.923	0.947	1
LHFPL6	0.00536722108559908	0.27389259540799	0.668	0.548	1
HSPA5	0.00542087857695041	-0.264688332036986	0.734	0.766	1
MT-ND4L	0.00554005366003436	-0.312733187490682	0.886	0.841	1
TTC39B	0.00615638097682045	-0.265767933006837	0.093	0.131	1
JUN	0.00643098972616145	-0.343632060109905	0.973	0.975	1
PMEPA1	0.00697242730304876	-0.268388906809226	0.295	0.34	1
ANK2	0.00698189236816421	-0.297113669892117	0.354	0.436	1
MT-ATP8	0.00867405219965532	-0.258137512514253	0.505	0.458	1
JMY	0.00873504021563732	-0.253759580900234	0.173	0.215	1
SOX4	0.00903261619228443	-0.334774174745178	0.617	0.648	1
RGS2	0.00942880064990885	0.403373205182084	0.444	0.346	1
FMO2	0.0124531132673965	-0.284982145011265	0.093	0.165	1
ISG15	0.0184570003081104	-0.437698818312529	0.146	0.19	1
XIST	0.0227780956010059	-0.283222559178153	0.846	0.841	1
PCNX4	0.0230692138888632	-0.254474118394183	0.306	0.374	1
AUTS2	0.028562206166321	0.283504263974335	0.282	0.196	1
NUFIP2	0.029024657338571	-0.264213917331658	0.553	0.567	1
RBFOX2	0.0387364874314766	-0.304046154946014	0.463	0.492	1
DPT	0.0414341640694139	0.341062483603932	0.79	0.751	1
FBXL7	0.069516813935936	0.254566487924547	0.194	0.131	1
ERCC1	0.147193106249326	0.439335948411838	0.303	0.255	1
CTGF	0.150655760035932	-0.319505023553142	0.088	0.125	1
SIK3	0.17104325736054	0.352009621120623	0.149	0.115	1
USP37	0.302154898485221	-0.383893705335843	0.093	0.121	1
HSPD1	0.443023279274477	0.303139594178199	0.71	0.667	1
FBXO11	0.569355926590722	0.272278294542377	0.298	0.262	1
DLG2	0.591901518982037	0.322779735024945	0.125	0.103	1
