	p_val	avg_log2FC	pct.1	pct.2	p_val_adj
PTGDS	7.40193599434037e-170	-1.70133429728637	0.512	0.92	2.17483683385709e-165
MIF	4.23404586980781e-118	-1.44896200213643	0.405	0.765	1.24404735746693e-113
S100A10	3.66838479418351e-112	1.38286405577794	0.566	0.155	1.077844820227e-107
RPL17	1.07223974435893e-93	-0.922743468449934	0.636	0.924	3.1504548168754e-89
MGP	4.13495807415216e-91	1.35381027611002	0.904	0.821	1.21493338134739e-86
MICOS10	1.12209304462993e-78	-1.28325887196624	0.238	0.54	3.29693378373167e-74
FOS	5.97014013305097e-76	1.07495088791421	0.919	0.882	1.75414657389304e-71
CYR61	4.2220554887689e-73	2.00081846914839	0.468	0.154	1.24052434371008e-68
NEAT1	9.10441612443056e-72	-0.938779056922836	0.788	0.951	2.67505954568019e-67
EEF1G	3.82898405609533e-69	-0.848745761519228	0.346	0.706	1.12503209536193e-64
FAM129A	9.77345982129613e-68	0.962972121001841	0.322	0.057	2.87163796469323e-63
NRP2	2.00236258079747e-67	0.850688997259717	0.373	0.086	5.88334173489913e-63
EIF4A1	3.74353219124242e-66	-0.885714185638588	0.614	0.83	1.09992462843085e-61
BST2	5.90562045057348e-66	-0.77749992786701	0.574	0.832	1.7351894007875e-61
SEPT7	2.50286045279714e-65	1.0943371941621	0.534	0.201	7.35390458240855e-61
C9orf3	3.62888232744924e-65	1.05371596075444	0.45	0.16	1.06623820545114e-60
PGRMC1	4.70875209360878e-65	-0.832289372943888	0.662	0.863	1.38352554014413e-60
MDK	2.19299492492404e-59	-0.859785424416857	0.502	0.781	6.44345768841181e-55
RNASEK	3.03285734571585e-59	-0.873544983799832	0.294	0.572	8.91114145318232e-55
CEBPD	3.80285304204310e-59	-0.942567897036733	0.704	0.876	1.1173542808131e-54
FN1	2.4503432296787e-58	1.07168711039989	0.656	0.391	7.19959847744196e-54
RPL36A	3.16964447691912e-57	-0.65760260452409	0.774	0.936	9.31304940208377e-53
FHL1	7.08021806844764e-57	0.830379046062469	0.796	0.598	2.08030967287129e-52
FGF7	1.40979356290609e-56	0.876047459196315	0.671	0.364	4.14225544653067e-52
PLN	7.08384673288092e-56	0.963212927155689	0.489	0.188	2.08137584705507e-51
RPL37A	1.45313859046185e-52	-0.407435014925214	0.969	0.99	4.26961180649501e-48
FGL2	1.7066247113807e-52	0.748473097785583	0.332	0.084	5.01440472697876e-48
ATF3	2.29925973539601e-52	0.977868793270023	0.877	0.824	6.75568495454056e-48
EGR1	1.7370871190972e-51	0.769327083675422	0.91	0.762	5.10390937333139e-47
MT2A	5.60248320315167e-51	-1.36607122799082	0.358	0.591	1.64612161475002e-46
ALDH1A1	8.3253343090657e-51	-0.72988350007327	0.231	0.529	2.44614972668969e-46
FTH1	2.17019876969809e-50	-0.497216535510761	0.973	0.983	6.37647802512694e-46
CNN1	2.71341252077765e-50	0.737970250857157	0.906	0.832	7.97254866854888e-46
IGFBP2	1.83438717477591e-49	-0.813507186124065	0.371	0.641	5.38979639692658e-45
RPL39	6.0934650569285e-49	-0.486421722765994	0.922	0.973	1.79038190302673e-44
SNHG29	9.71170569290112e-49	-0.73060122657762	0.29	0.593	2.85349336668821e-44
AC006115.2	1.34952875725504e-48	-0.752951432460859	0.09	0.292	3.96518539456676e-44
RPS28	2.08925775611123e-48	-0.462933526517563	0.942	0.976	6.13865713900601e-44
RERG	3.74212785184839e-48	0.768360644637862	0.593	0.314	1.09951200543009e-43
CSRP1	3.57012485842485e-47	0.648604596544492	0.897	0.874	1.04897408590239e-42
PDE10A	6.60454185403186e-46	-0.895552667006221	0.172	0.413	1.94054648755164e-41
TRDN	1.11548062531246e-45	0.770603561116415	0.51	0.23	3.27750517329306e-41
NME2	1.29416907928667e-44	-0.747993300361617	0.303	0.589	3.80252758876008e-40
AES	2.02742710027643e-44	0.768579376077081	0.416	0.16	5.95698630603222e-40
ZFP36	3.877981770617e-44	0.76818309788736	0.881	0.755	1.13942860384269e-39
SEPTIN2	1.30945480717372e-43	-0.759722090433269	0.242	0.49	3.84744011443781e-39
LGALS3	1.8950500647906e-43	0.770031398933507	0.814	0.67	5.56803610036773e-39
JUN	3.68466463093274e-43	0.685349689520759	0.936	0.89	1.08262816186066e-38
GAS6	7.16283196195814e-43	0.677429208979368	0.553	0.291	2.10458328706254e-38
PDE1C	8.73652147160583e-43	0.657199056639254	0.399	0.147	2.56696473878722e-38
AREG	8.77672707264018e-42	-0.903924359645409	0.165	0.419	2.57877794848314e-37
CEBPB	1.15990056993428e-41	-0.743150290630967	0.729	0.852	3.40801985458089e-37
MYH11	4.68718067765264e-41	0.487273108414425	0.974	0.97	1.3771874267079e-36
PDLIM3	6.26456257452416e-41	0.773038060784803	0.74	0.521	1.84065377564669e-36
ACTB	8.73334606845405e-41	0.387130324514523	0.959	0.987	2.56603174183317e-36
GAS5	3.61606775651e-40	-0.618246120967983	0.312	0.587	1.06247302821777e-35
DUSP1	1.30315914638043e-39	0.800437925317763	0.904	0.864	3.82894220389499e-35
SEPTIN7	3.6361924840035e-39	-0.673573541990598	0.291	0.556	1.06838607564991e-34
TMSB4X	1.15333632269358e-38	-0.461368538671206	0.958	0.984	3.38873278333829e-34
CD151	3.54286001935869e-38	0.662533776856439	0.688	0.484	1.04096313088797e-33
SNHG6	3.76911465801407e-38	-0.517113871453318	0.301	0.567	1.10744126881769e-33
TGM2	5.39611119586855e-38	-0.441028974210973	0.283	0.547	1.5854853915701e-33
RAB3C	5.73638386714716e-38	-0.492413410759435	0.002	0.113	1.68546430784518e-33
PPP1R14A	2.30131384532482e-37	0.80049637669883	0.587	0.339	6.76172034033338e-33
ANGPTL1	2.465228771682e-37	0.62071199672971	0.433	0.188	7.24333517695606e-33
IER2	2.80974527320391e-37	0.778786611450641	0.854	0.742	8.25559356172773e-33
FILIP1	3.89898960092255e-37	0.727217315726671	0.549	0.299	1.14560112454306e-32
WDR45B	4.25107609804635e-37	-1.00560057877233	0.295	0.452	1.24905117912798e-32
SERPINF1	4.37910171435993e-37	-0.678152316231035	0.473	0.687	1.28666766571323e-32
CREM	4.74983156186305e-37	-0.838776726614376	0.37	0.586	1.3955955095066e-32
ASPN	5.90432689118308e-37	0.683585889634214	0.273	0.077	1.73480932716741e-32
TLE1	9.36381407539711e-37	-0.681777711575634	0.224	0.431	2.75127585163318e-32
RPL41	1.96232535034652e-36	-0.324081403878981	0.963	0.993	5.76570434438813e-32
MEG3	2.95704029534553e-36	-0.654519073690408	0.218	0.465	8.68837579578425e-32
TXNIP	8.06409854409206e-36	0.735710306367072	0.839	0.66	2.36939343422513e-31
TUBA1A	8.25832727001012e-36	0.690954520285626	0.851	0.785	2.42646171847437e-31
RPS27	2.02403739590582e-35	-0.377061892951892	0.984	0.993	5.94702667665047e-31
SFRP4	2.36408050521419e-35	-0.252945364697011	0.55	0.778	6.94614134042034e-31
RPS29	3.78435915944012e-35	-0.475252338392228	0.95	0.97	1.11192040822669e-30
SNCA	9.80085108925094e-35	-0.745880019924046	0.089	0.271	2.87968606704371e-30
ATP6V0C	1.371519060178e-34	-0.62149341660244	0.228	0.427	4.02979730261501e-30
RPL28	1.40866208148615e-34	-0.406138187701721	0.939	0.975	4.13893092782262e-30
HSPA1B	1.70825791113435e-34	0.915747598674398	0.744	0.601	5.01920339449495e-30
CHMP1B	1.71432937993014e-34	-0.913994875619799	0.231	0.419	5.03704258411073e-30
SEPT2	1.90946190314546e-34	0.720536483061315	0.375	0.155	5.610380963822e-30
FOSB	2.17051614353798e-34	0.522106612689558	0.928	0.877	6.3774105329433e-30
CAV1	2.95233975711068e-34	0.722215328209943	0.716	0.558	8.67456467434261e-30
RPS2	3.96611387833066e-34	-0.390779118936843	0.938	0.975	1.16532357973111e-29
IGFBP4	4.84556706845101e-34	-0.599441005115364	0.528	0.703	1.42372451605228e-29
SLC3A2	1.00852308786989e-33	-0.68303530051531	0.376	0.573	2.96324253677932e-29
MZT2B	1.68086243359932e-33	-0.486488352077661	0.812	0.908	4.93871000240153e-29
CYP51A1	1.68158359020586e-33	-0.599874024689381	0.143	0.322	4.94082890474285e-29
LINC01578	4.12607023730326e-33	-0.672980112265948	0.235	0.421	1.21232195712444e-28
GFRA1	5.25385529020679e-33	0.552853411048469	0.41	0.183	1.54368776136856e-28
TTLL7	2.0958014415099e-32	0.560043326446188	0.526	0.285	6.1578837954444e-28
PEG3	2.45172139232992e-32	-0.667366969375859	0.296	0.505	7.20364779494377e-28
JUNB	9.72734542526823e-32	0.475277539438313	0.927	0.938	2.85808863285231e-27
AHNAK2	1.07850996680921e-31	0.491440902512535	0.296	0.104	3.16887798447882e-27
BASP1	1.39259528717132e-31	-0.618189907320638	0.027	0.155	4.09172347276678e-27
KDM6B	2.37692116558583e-31	-0.620189039752382	0.269	0.453	6.98386976872429e-27
RPL26	2.72964718982431e-31	-0.354175279469928	0.912	0.978	8.02024937314178e-27
CRISPLD2	6.29453013571572e-31	-0.494221526672095	0.389	0.628	1.84945884447599e-26
C16orf89	8.27806055024852e-31	-0.455070098122095	0.04	0.18	2.43225975087402e-26
SNHG32	1.18183675268884e-30	-0.570182050758169	0.238	0.447	3.47247274675036e-26
CCN2	1.79996118651382e-30	-0.662955969251391	0.136	0.34	5.28864595821492e-26
CTGF	1.9967430544701e-30	0.951638481654206	0.203	0.051	5.86683044264404e-26
BTG2	2.89064835319263e-30	0.628787607858913	0.866	0.721	8.4933029913506e-26
CHGB	4.06904843352523e-30	-0.654284164687663	0.175	0.39	1.19556781073838e-25
TAGLN	1.30375671704758e-29	0.47841584611596	0.972	0.988	3.83069798602921e-25
RPL18	1.79508557041194e-29	-0.36279830372042	0.958	0.98	5.27432042298438e-25
PLAT	1.39836535802831e-28	-0.561314358650955	0.135	0.316	4.10867709495877e-24
COX6C	2.27305163322559e-28	-0.382554485015194	0.93	0.96	6.67868030874342e-24
PSMA6	3.90852849276614e-28	-0.51511528320701	0.185	0.337	1.14840384174455e-23
KCNQ1OT1	4.6412989646105e-28	-0.632157317858621	0.603	0.77	1.36370646178186e-23
CRISP3	7.16928219916878e-28	-0.378129175159349	0.005	0.1	2.10647849575977e-23
LINC-PINT	7.40909651730168e-28	-0.517462280667885	0.182	0.371	2.17694073871358e-23
FXYD6	8.05596907197444e-28	0.506824157158475	0.423	0.214	2.36700483272753e-23
SLC39A6	2.17694384228543e-27	-0.52885628620468	0.259	0.475	6.39629639740305e-23
GABARAP	1.01894826096715e-26	-0.562465603283125	0.365	0.56	2.99387378037369e-22
C8orf59	1.02154436751266e-26	0.558276925091403	0.285	0.116	3.00150166062571e-22
SLITRK3	1.32333725586746e-26	0.381321135447757	0.227	0.071	3.88822952518977e-22
JUND	1.35502703858516e-26	-0.430545052498766	0.861	0.944	3.98134044477093e-22
SELENOK	1.44281104963684e-26	-0.568584998823823	0.619	0.743	4.23926742604296e-22
S100A13	2.2265160151402e-26	-0.52489467565563	0.38	0.565	6.54194935568493e-22
TES	2.82338470733166e-26	0.504887483635826	0.2	0.058	8.29566894708188e-22
RPS21	3.11799105406604e-26	-0.286255317783964	0.951	0.975	9.16128131505683e-22
RAMP1	3.2848322752364e-26	-0.505844681936441	0.835	0.891	9.6514941910996e-22
SEPTIN6	3.93196322573643e-26	-0.375074894059504	0.038	0.151	1.15528943498588e-21
MRPS24	4.26653995002598e-26	-0.457168364397596	0.165	0.295	1.25359476811663e-21
AKAP12	5.2838006215443e-26	-0.650346776991786	0.535	0.683	1.55248629862215e-21
RBIS	7.24977072064865e-26	-0.521289957216744	0.214	0.367	2.13012763314099e-21
RPL37	8.058259529055e-26	-0.296138873518844	0.972	0.989	2.36767781482694e-21
TNFAIP3	1.70577442318607e-25	-0.749554424898741	0.128	0.285	5.01190641020532e-21
BCHE	1.83394248491861e-25	0.47135584769549	0.581	0.365	5.38848980918785e-21
FTL	3.18679110339546e-25	-0.392473112356995	0.94	0.971	9.36342961999654e-21
LPP	6.53527791715416e-25	0.454877897663747	0.866	0.834	1.92019535761824e-20
DNAJB9	7.73214279164465e-25	-0.546789486139897	0.281	0.452	2.27185819504103e-20
TRAPPC5	9.27553822827689e-25	-0.43635642357382	0.144	0.259	2.72533864223232e-20
KCNMB1	1.02945102126239e-24	0.445659741660591	0.356	0.167	3.02473299067316e-20
THSD7A	1.58058549715333e-24	0.497615836169747	0.253	0.094	4.64407630773592e-20
WFDC2	1.8355968133806e-24	-0.587941054837175	0.081	0.221	5.39335055707489e-20
CIAO2B	2.42797644877137e-24	-0.412016174942392	0.16	0.278	7.13388040178004e-20
SSR4	4.03823875314185e-24	-0.49661734840443	0.491	0.644	1.18651531044814e-19
HOXC8	4.67391070906451e-24	0.346589574903965	0.24	0.086	1.37328844453733e-19
ID4	5.00592544201828e-24	0.642625394644172	0.733	0.61	1.47084101337381e-19
EFEMP1	5.06577186877255e-24	-0.502165827288647	0.219	0.405	1.48842509048275e-19
SOD2	7.21317706860952e-24	-0.66510772011743	0.471	0.591	2.11937568629885e-19
DST	7.53511784502288e-24	0.538906141315352	0.694	0.514	2.21396832522462e-19
NDUFB1	8.78364708269662e-24	-0.4990389631937	0.481	0.651	2.58081118583792e-19
GJA4	1.16305837356657e-23	-0.512782960537474	0.035	0.15	3.4172981132133e-19
FAM118A	1.41858176298459e-23	-0.475009515677077	0.132	0.27	4.16807693600134e-19
C6orf48	1.45894381418642e-23	0.511108250302872	0.29	0.127	4.28666871484254e-19
NDUFA13	1.52621280071862e-23	-0.460698761291555	0.593	0.732	4.48431845107146e-19
ZNF331	1.61819719624418e-23	-0.477137111299827	0.504	0.698	4.75458700200464e-19
RBM4	4.21361946502603e-23	-0.481237398771015	0.28	0.408	1.23804567121395e-18
HES1	4.62219879096909e-23	-0.847291143634258	0.219	0.348	1.35809444876254e-18
TSPAN2	8.29619606340817e-23	0.52390323923572	0.459	0.269	2.43758832735059e-18
MINOS1	1.74462691090673e-22	0.397913234851913	0.325	0.152	5.12606278962615e-18
HSPB1	1.92519553074835e-22	0.428485410616743	0.925	0.914	5.65660950844479e-18
ATP5ME	2.31350494964006e-22	-0.472472655017163	0.57	0.7	6.79754024303244e-18
F10	2.6592634297965e-22	-0.442334434242537	0.178	0.349	7.81344780942808e-18
NFIL3	3.85975476055673e-22	-0.516468486543272	0.327	0.483	1.13407314374678e-17
GNG12	4.01443697798953e-22	0.462092143712482	0.53	0.333	1.17952187287288e-17
SLMAP	4.12461954095434e-22	0.561130381397541	0.657	0.502	1.2118957135232e-17
ARL6IP1	5.3123827441642e-22	-0.465975048006972	0.504	0.606	1.56088429789033e-17
TCEAL9	5.80792826912187e-22	-0.519585453799394	0.512	0.639	1.70648548403339e-17
PTN	6.69999790312061e-22	-0.410509234588688	0.1	0.253	1.9685933838949e-17
CALD1	1.10036275283027e-21	0.371441321107631	0.982	0.979	3.23308584036591e-17
KIAA1551	1.6940413797796e-21	0.47414176078522	0.188	0.072	4.97743238206842e-17
EDIL3	1.74974920589398e-21	0.379665975543949	0.146	0.035	5.1411131167577e-17
KIAA1210	1.75446128160414e-21	-0.473677021435264	0.057	0.179	5.15495813760928e-17
TMOD1	1.80716526630065e-21	-0.370984007531463	0.123	0.28	5.30981298544457e-17
KLF9	3.02043123573007e-21	-0.457465603677578	0.529	0.674	8.87463105682209e-17
MEG8	4.41891704546567e-21	-0.625957242266911	0.064	0.191	1.29836620629872e-16
TOMM6	5.49904302803227e-21	-0.461190235825134	0.165	0.299	1.61572882249644e-16
MCC	6.80493289275209e-21	-0.418443194607051	0.112	0.241	1.99942538254842e-16
FKBP2	7.8878462402342e-21	0.487899104960374	0.322	0.163	2.31760698230561e-16
LITAF	1.07957890953668e-20	-0.431541019959707	0.317	0.487	3.17201875200066e-16
PGM5	1.30210909102218e-20	0.510577360166121	0.592	0.428	3.82585693124138e-16
PTPN14	1.3091520449547e-20	0.393890287898108	0.235	0.095	3.8465505384859e-16
TSPAN5	1.582132481336e-20	0.324478886699486	0.21	0.075	4.64862165666144e-16
PDE5A	1.79469000059652e-20	-0.410488249393128	0.335	0.521	5.27315815975269e-16
AC058791.1	1.86268450647963e-20	-0.413922678893231	0.112	0.24	5.47293961693846e-16
CPXM1	2.0649172141088e-20	-0.340439733667867	0.039	0.145	6.06713975849447e-16
MIR22HG	2.2178863652993e-20	-0.502747797680811	0.43	0.561	6.51659371852241e-16
NFE2L2	2.45096723059201e-20	-0.429254811014725	0.586	0.705	7.20143191692544e-16
RAP1A	2.46491279882711e-20	0.403582791069087	0.492	0.31	7.24240678551382e-16
CD44	2.9308746116399e-20	0.468688032334462	0.379	0.206	8.61149578392035e-16
CRIP1	3.10325269271728e-20	-0.425941631121146	0.052	0.153	9.1179770617419e-16
SQSTM1	3.16029992206638e-20	-0.43786588806983	0.696	0.789	9.28559323101544e-16
PCDH10	3.51965057978612e-20	-0.487931128167881	0.081	0.206	1.03414373335276e-15
SNHG5	3.92157907067495e-20	-0.368494522285753	0.289	0.479	1.15223836254571e-15
S100A11	4.12900971850008e-20	0.490192855926074	0.596	0.44	1.21318563548969e-15
TROVE2	5.46950101666955e-20	0.503065602043311	0.258	0.115	1.60704878871785e-15
HERPUD1	1.68169495011411e-19	-0.464375269562283	0.496	0.62	4.94115610242529e-15
SBSPON	2.74737353986876e-19	0.305221587287043	0.159	0.047	8.07233293484239e-15
AUXG01000058.1	2.7610591458191e-19	-0.533657732734228	0.055	0.153	8.11254398224567e-15
FAM96B	2.86761406497763e-19	0.400029909812347	0.241	0.107	8.42562364571728e-15
CACNA1D	2.89600820034598e-19	-0.326097769976719	0.097	0.238	8.50905129425655e-15
SLC25A6	3.16159872112935e-19	-0.439598295157746	0.641	0.758	9.28940936242226e-15
C18orf32	3.18706960275818e-19	-0.38956480697751	0.206	0.323	9.36424790682407e-15
HSPA5	4.78651395222099e-19	-0.424032021486904	0.695	0.762	1.40637352944157e-14
SYNE2	4.85538926680611e-19	0.536256325676066	0.36	0.199	1.42661047437297e-14
KRTCAP2	5.09839153873621e-19	-0.42280415938405	0.424	0.558	1.49800940191147e-14
MICOS13	5.16122395708912e-19	-0.366517114907967	0.12	0.213	1.51647082307192e-14
CZIB	5.55570292423184e-19	-0.35756298238237	0.147	0.231	1.6323766331978e-14
DES	6.15513636789538e-19	0.372003311905837	0.853	0.871	1.80850216761502e-14
AC016831.5	9.13748037613255e-19	-0.349237019194625	0.089	0.191	2.68477448411527e-14
GPRC5C	9.96580298844616e-19	-0.413346213285763	0.124	0.243	2.92815223406525e-14
TGFB1I1	1.18889712335292e-18	0.406964879828093	0.716	0.582	3.49321752783555e-14
KPNA2	1.31395354050135e-18	-0.43869649660858	0.138	0.262	3.86065829270106e-14
NCAM1	1.36060452170926e-18	0.490802159095243	0.491	0.319	3.99772820568615e-14
HOTAIRM1	1.39156240608713e-18	-0.367159824683264	0.059	0.16	4.08868866156521e-14
SFRP1	1.66244646152164e-18	-0.517451165152217	0.151	0.307	4.88460019324289e-14
SEC61B	2.02567888806185e-18	-0.418976491757989	0.595	0.697	5.95184970890333e-14
WNT4	4.08400393976214e-18	-0.373345272732503	0.072	0.186	1.19996203758091e-13
BMERB1	4.2752458901138e-18	-0.374920534649245	0.142	0.24	1.25615274743324e-13
ATXN7	4.31337559614191e-18	-0.422566733211888	0.112	0.233	1.26735601765842e-13
PLP2	4.35950117301958e-18	0.406885955338854	0.409	0.241	1.28090863465661e-13
RPS18	4.89744220452845e-18	-0.250279012029337	0.971	0.988	1.43896646853455e-13
FOSL2	5.65305669182673e-18	-0.461803119099079	0.359	0.508	1.66098111719253e-13
RPS17	6.04859211062156e-18	-0.328346767051522	0.634	0.781	1.77719733394283e-13
FRMD6-AS2	6.81612623715033e-18	0.312537406064893	0.213	0.085	2.00271421099951e-13
YWHAH	6.82032085035115e-18	0.401945328539071	0.43	0.26	2.00394667225018e-13
ITM2B	6.88546518909226e-18	-0.343501056385021	0.901	0.938	2.02308738185909e-13
SEMA3C	6.95049606800968e-18	-0.431356744729006	0.164	0.288	2.0421947547026e-13
NR4A3	7.42316838760457e-18	-0.534729152433904	0.306	0.472	2.18107533564598e-13
GAPDH	7.94317076274648e-18	-0.303478205415273	0.893	0.948	2.33386243351017e-13
CYBA	9.18752652854749e-18	-0.328549286896426	0.074	0.18	2.69947904461782e-13
GPRC5A	9.46423408937687e-18	-0.370895922793735	0.129	0.265	2.78078126014071e-13
DUSP10	1.09100604015935e-17	0.307891752070371	0.209	0.082	3.20559394719622e-13
MGST1	1.47141211437544e-17	-0.305759754161749	0.043	0.146	4.32330307445792e-13
MIR100HG	1.8692060359812e-17	-0.420358186849304	0.219	0.369	5.49210117491996e-13
PWWP3B	2.61828138254861e-17	-0.308020300296911	0.035	0.1	7.69303435820433e-13
CCDC144NL-AS1	2.83172370455123e-17	0.386210527949112	0.165	0.057	8.32017058871242e-13
REL	2.94522264549339e-17	-0.484147368965388	0.374	0.508	8.65365317698868e-13
XBP1	2.97310363324519e-17	-0.420199422735129	0.464	0.563	8.73557309520101e-13
C11orf96	3.136486001194e-17	-0.302270898636386	0.898	0.965	9.21562316870821e-13
ARF6	3.24285700698462e-17	-0.43869183428872	0.265	0.377	9.52816245792221e-13
PRXL2C	3.76200859218701e-17	-0.318270645200572	0.095	0.169	1.10535336455639e-12
PLA2G16	4.39715196646457e-17	0.377577821017643	0.188	0.08	1.29197119078662e-12
ANXA2	4.58335222578191e-17	0.401616401310577	0.512	0.338	1.34668055097924e-12
HIF1A	4.94007498527061e-17	-0.419473958563273	0.278	0.414	1.45149283217221e-12
COL6A1	5.47224616571661e-17	0.382572477478021	0.651	0.481	1.60785536841086e-12
EIF4G2	5.49628091409507e-17	-0.338314543855665	0.792	0.859	1.61491725817941e-12
C1orf123	6.18163508095644e-17	0.366013322968349	0.201	0.088	1.81628801948662e-12
MT1A	7.71852036421643e-17	-0.479383647911733	0.026	0.112	2.26785565341407e-12
KLF10	8.34310859545878e-17	-0.368953395519563	0.498	0.662	2.4513721675177e-12
SEC61G	8.80397775412559e-17	-0.368166332169061	0.535	0.635	2.58678474371718e-12
ICAM1	8.95040912571353e-17	-0.383676503602616	0.054	0.156	2.62980920931715e-12
PLAAT4	1.13246907022428e-16	-0.33433036952172	0.109	0.197	3.32742062213298e-12
PDLIM5	1.26158784665297e-16	0.420134812312009	0.479	0.317	3.70679741103577e-12
SF1	1.3579996002144e-16	-0.408231889386894	0.454	0.569	3.99007442534995e-12
RPL7A	1.77264119439219e-16	-0.25281616017842	0.954	0.981	5.20837435736313e-12
MAP4K3-DT	1.85206609999879e-16	-0.262868112811431	0.069	0.126	5.44174061501644e-12
DDX39B	2.69105952653797e-16	-0.39222962124648	0.318	0.428	7.90687110087387e-12
NBL1	3.13760291990335e-16	-0.366786774649299	0.465	0.535	9.21890489926001e-12
SNHG14	4.8444985940088e-16	-0.459541934105333	0.212	0.331	1.42341057689166e-11
CLU	4.91634878438843e-16	0.321683914849653	0.888	0.83	1.44452159982901e-11
ATP5F1E	5.25943148947434e-16	-0.346937197175812	0.773	0.862	1.54532616023735e-11
IRS2	5.71775277558784e-16	-0.416612039041086	0.142	0.244	1.67999012052322e-11
CD9	6.26021545974289e-16	0.378651127891146	0.703	0.569	1.83937650638166e-11
RPS26	7.5673103623734e-16	-0.361337197936934	0.888	0.929	2.22342713067255e-11
KCNIP4-IT1	7.94648945483226e-16	-0.300270715661398	0.038	0.119	2.33483753161881e-11
BTG3	8.53963468047358e-16	-0.404114736553139	0.571	0.683	2.50911546181675e-11
CCNI	8.54129511646997e-16	0.329295530493124	0.858	0.798	2.50960333112121e-11
TMEM35B	8.67885846601963e-16	-0.302433238504756	0.11	0.192	2.55002219448589e-11
TSPAN15	8.7451485218625e-16	0.285470654252142	0.219	0.095	2.56949953869364e-11
SOCS3	9.06015948171343e-16	0.436782684000708	0.65	0.488	2.66205605891704e-11
MT1X	1.0115109123241e-15	-0.548087900476559	0.152	0.237	2.97202136259066e-11
ID1	1.0744381919288e-15	-0.584255480627708	0.426	0.554	3.1569142955252e-11
ANKHD1	1.16711955626894e-15	-0.350374523430894	0.173	0.249	3.42923068022939e-11
FMOD	1.20327700851341e-15	-0.3505104349522	0.115	0.204	3.53546850641411e-11
METAP2	1.30350674950574e-15	-0.369898562275845	0.492	0.612	3.82996353139777e-11
SARNP	1.39990393129559e-15	-0.367798167163385	0.218	0.308	4.11319773093269e-11
PIN1	1.65253047568781e-15	-0.348045693120227	0.298	0.395	4.85546504366593e-11
CSRP2	1.82950872845477e-15	-0.427787902391697	0.119	0.243	5.3754625459458e-11
LMCD1	2.01901525712816e-15	0.37689252192604	0.188	0.075	5.93227062849395e-11
TLN1	2.30035327409684e-15	0.397711092069153	0.776	0.676	6.75889798995135e-11
LGI2	2.34822103423156e-15	0.297444413805832	0.302	0.161	6.89954304277916e-11
LDLR	2.40663143648631e-15	-0.39475659013667	0.399	0.538	7.07116448668409e-11
PAPPA	3.11113240517213e-15	-0.364317900177798	0.09	0.2	9.14112923287674e-11
SMARCE1	3.1800105493138e-15	-0.371800988120667	0.338	0.451	9.34350699599382e-11
PPIB	3.2055789721677e-15	-0.325474010714158	0.697	0.805	9.41863213602312e-11
SEPT11	3.69296326412097e-15	0.386650350856829	0.138	0.048	1.08506646626402e-10
ADAMTS5	3.74723773869978e-15	-0.353221107541231	0.105	0.227	1.10101339238477e-10
NIBAN1	3.77201185482807e-15	0.334495516014699	0.118	0.032	1.10829252318558e-10
FLNA	3.77355949355503e-15	0.404690106081233	0.874	0.85	1.10874725039634e-10
RBP1	3.78082466446848e-15	-0.345257441406503	0.803	0.885	1.11088190291413e-10
ID3	5.0564392374291e-15	-0.436015326591236	0.6	0.734	1.48568297674142e-10
C16orf45	5.27964239106603e-15	0.406424052347675	0.203	0.097	1.55126452734302e-10
RPLP0	5.41107619278352e-15	-0.311300787021753	0.897	0.942	1.58988240696365e-10
TLE5	5.5556847630031e-15	-0.387061657311941	0.254	0.405	1.63237129706557e-10
NRIP1	9.37043120361384e-15	-0.423996229852509	0.272	0.374	2.75322009624582e-10
ZFPM2	1.00726112024639e-14	0.307359467548374	0.197	0.084	2.95953462350794e-10
BOC	1.03169120235835e-14	0.401449885552139	0.458	0.304	3.03131509076932e-10
AOPEP	1.04668703936123e-14	-0.390250084520738	0.247	0.401	3.07537585905117e-10
EIF4A3	1.07291464643606e-14	-0.358337651779199	0.494	0.598	3.15243781415845e-10
PDGFRA	1.10072634734674e-14	-0.301127371336305	0.084	0.198	3.2341541537742e-10
PALLD	1.29569008987259e-14	0.395048525213991	0.812	0.713	3.80699662206364e-10
ELMSAN1	1.36283932192723e-14	-0.399026691209104	0.267	0.362	4.00429449568659e-10
POR	1.42897928553677e-14	-0.335093217317608	0.135	0.225	4.19862693676415e-10
SOX4	1.51546629390744e-14	-0.497096631822309	0.362	0.485	4.45274306475885e-10
SEPT10	1.96314189797356e-14	0.346786519602081	0.158	0.062	5.76810352462591e-10
FRMD6	2.17461386180796e-14	0.369476668598949	0.272	0.145	6.38945044876416e-10
SEPTIN11	2.42853165410403e-14	-0.278089034220709	0.076	0.146	7.13551170608847e-10
DPP7	2.69149614305742e-14	-0.328788255802047	0.165	0.269	7.90815396753132e-10
MARCKSL1	2.93069468516415e-14	-0.391477966887408	0.365	0.495	8.61096712394931e-10
ETS2	3.26673780842283e-14	-0.352235634028915	0.223	0.367	9.59832902870795e-10
COX4I1	3.99087055181197e-14	-0.318895821504061	0.775	0.845	1.17259758553339e-09
CHRDL1	4.12995040252064e-14	0.390105009803815	0.259	0.135	1.21346202726861e-09
CTSK	4.326906035926e-14	-0.381796702517766	0.157	0.278	1.27133153147578e-09
IER5L	4.72658908318768e-14	-0.485412981515045	0.421	0.538	1.3887664044222e-09
HSPA1A	5.72716714676567e-14	0.514011356295529	0.782	0.804	1.68275625106269e-09
PKIG	6.11673611429023e-14	0.30159431001452	0.544	0.385	1.79721940510075e-09
GNG10	6.56379595704368e-14	-0.312445323760175	0.171	0.269	1.92857452809857e-09
FAM208A	7.00850007472631e-14	0.27448649032884	0.12	0.042	2.05923749195608e-09
LY6E	7.22994977965161e-14	-0.375645092849126	0.255	0.392	2.12430384425724e-09
ATP8B4	7.31596214014235e-14	0.30125602231434	0.194	0.085	2.14957599601662e-09
TCF23	7.44438165029546e-14	0.258870702476616	0.238	0.118	2.18730821648981e-09
EIF3E	7.76466793884336e-14	0.304599923698496	0.778	0.719	2.28141473379095e-09
PPFIBP1	8.72550534705208e-14	0.347304028747441	0.303	0.169	2.56372798107084e-09
DBNDD2	9.20550148101144e-14	-0.356076045312673	0.178	0.285	2.70476044515078e-09
UBE2V1	9.41235765755917e-14	-0.350772015651933	0.227	0.335	2.76553892694404e-09
SSPN	9.47290416580036e-14	0.379045610525448	0.593	0.444	2.78332870199546e-09
HSPB6	1.02546863563579e-13	-0.343650621780231	0.381	0.493	3.01303194522507e-09
ANXA1	1.11309561236708e-13	0.302460781025285	0.181	0.076	3.27049752825696e-09
DANCR	1.18135282155203e-13	-0.270661095923334	0.119	0.202	3.47105086028419e-09
FBXO32	1.30487931056527e-13	0.425645595249533	0.729	0.605	3.83399639030288e-09
CITED2	1.31033437309306e-13	0.643518985263819	0.524	0.428	3.85002445502203e-09
DUSP14	1.31996136290413e-13	-0.311811253591953	0.1	0.185	3.8783104764849e-09
CD83	1.3340372904411e-13	-0.303020741837818	0.035	0.113	3.91966836677403e-09
PRELP	1.51545680150385e-13	0.320059197037297	0.359	0.216	4.4527151741786e-09
ACTG2	1.52086309515704e-13	0.37822424792723	0.709	0.596	4.46859994619042e-09
RO60	1.52614623933973e-13	-0.349291339118132	0.173	0.255	4.48412288042799e-09
CAST	1.78069378315322e-13	0.394037922254068	0.734	0.61	5.23203447366078e-09
RESF1	1.96516421236761e-13	-0.357959805589321	0.134	0.239	5.77404548877851e-09
TBX3	2.0062911341516e-13	-0.395982666018403	0.318	0.453	5.89488461036424e-09
IL1R1	2.56248996450733e-13	-0.308970135640209	0.11	0.217	7.52910801371544e-09
ASPH	2.82349188808301e-13	0.395269278488094	0.423	0.284	8.29598386556551e-09
JMY	3.18718142225259e-13	-0.366029488205685	0.228	0.304	9.36457645486257e-09
PLAUR	3.21651175508244e-13	-0.35119237075543	0.104	0.205	9.45075483878323e-09
MAP1B	3.33916429330885e-13	0.450229529604512	0.531	0.399	9.81113252660007e-09
MAP3K8	3.53688372393093e-13	-0.341447556832237	0.122	0.209	1.03920717576538e-08
RBMS3	3.78743234235474e-13	-0.2655801875366	0.128	0.25	1.11282337083067e-08
CRABP2	3.90096016771224e-13	-0.351888399965161	0.055	0.136	1.14618011647721e-08
EIF3J	4.35890990734715e-13	-0.406930535283963	0.396	0.492	1.28073490897674e-08
PLAAT3	4.69088528017221e-13	-0.301132187541511	0.146	0.215	1.3782759130202e-08
BGN	4.97242531739082e-13	0.278048953655451	0.135	0.049	1.46099800675577e-08
SPTSSA	5.37368715240233e-13	-0.37741861117305	0.387	0.475	1.57889675911885e-08
ABI3BP	5.97156610747185e-13	0.341772499288107	0.357	0.217	1.75456555369738e-08
FOXP1	6.29347576084354e-13	-0.367733805076815	0.425	0.521	1.84914904805105e-08
MT-ND3	6.74529018242153e-13	-0.263327188244821	0.981	0.998	1.98190116139909e-08
SMTN	6.95995022951972e-13	0.418202300318681	0.583	0.451	2.04497257643748e-08
AAED1	7.35176890191358e-13	0.330005084017831	0.132	0.05	2.16009673876025e-08
NDUFB11	7.43082658768948e-13	-0.314697090390224	0.419	0.502	2.18332546799492e-08
CERT1	7.55334560917352e-13	-0.288618113224865	0.117	0.183	2.21932400688736e-08
ARHGEF25	7.71343710083744e-13	0.350468419229424	0.268	0.15	2.26636208896806e-08
SAMD12	8.37613831062214e-13	0.257968798289824	0.13	0.046	2.461076958427e-08
CALR	8.71734183378728e-13	-0.32016754243572	0.657	0.717	2.56132937760338e-08
NR4A2	9.07404922547677e-13	-0.433777740263588	0.538	0.659	2.66613714342959e-08
SYNPO2	9.08323668562286e-13	0.291151893286173	0.884	0.839	2.66883660296971e-08
EPS8	9.50203174464487e-13	0.269784791927081	0.209	0.1	2.79188696721155e-08
LDHA	1.06449191639926e-12	-0.342475080371699	0.65	0.728	3.12769014876431e-08
TMEM106B	1.07313573568998e-12	0.294220036352999	0.496	0.345	3.15308741860429e-08
RBM24	1.38963084734846e-12	-0.361530466918353	0.295	0.432	4.08301335567925e-08
HIST1H1E	1.39875909174166e-12	0.252734003024537	0.146	0.056	4.10983396335533e-08
CXADR	1.42887202776839e-12	-0.352734640873747	0.129	0.232	4.19831179198907e-08
GJA1	1.48448205297915e-12	-0.269149900600012	0.063	0.157	4.36170516806335e-08
RBM27	1.60784083203578e-12	-0.309821899503363	0.188	0.277	4.72415793268754e-08
PRDX6	1.85588360656771e-12	-0.319011018891711	0.747	0.799	5.45295721281723e-08
LMOD1	1.86979024070246e-12	0.373339555430133	0.814	0.734	5.49381768523198e-08
ING2	1.99222414039837e-12	-0.450228519597691	0.145	0.251	5.85355296931848e-08
EPHA4	2.08876580205197e-12	0.269232164864249	0.214	0.104	6.1372116795891e-08
HSPE1	2.26233502038047e-12	-0.362083263255505	0.659	0.743	6.64719275688189e-08
RABGEF1	2.60050711515772e-12	-0.279112917042577	0.107	0.178	7.6408100057564e-08
ATP1B3	2.71237257817987e-12	-0.257759725207706	0.39	0.514	7.9694931092081e-08
ARHGAP29	2.91091547750292e-12	0.262258658984773	0.125	0.045	8.55285185599907e-08
SLIRP	2.94317301721037e-12	-0.328488886817113	0.457	0.541	8.6476309591675e-08
SOCS2	3.11515706635471e-12	-0.315939291384921	0.142	0.25	9.1529544923634e-08
PPP1R12B	3.290970894982e-12	0.361388054448464	0.699	0.572	9.66953068363613e-08
RHOB	3.52439849029576e-12	0.389359031848835	0.736	0.629	1.0355387644187e-07
FCGRT	3.5740981763123e-12	-0.333857783174269	0.407	0.521	1.05014152616408e-07
CPED1	3.80036334326431e-12	0.340953777606414	0.341	0.208	1.11662275751792e-07
PRLR	4.02720733866629e-12	-0.367408423469275	0.158	0.28	1.18327406024693e-07
C19orf70	4.15892911037302e-12	0.318961991861457	0.162	0.072	1.2219765512098e-07
ARID5B	4.26661127451201e-12	-0.412950713172183	0.7	0.778	1.25361572467712e-07
SVIL	4.43126939081172e-12	0.379693402359028	0.769	0.701	1.3019955724083e-07
TIMP1	5.09700037440626e-12	-0.325378083671109	0.679	0.723	1.49760065000805e-07
SPSB1	5.86121392170891e-12	-0.295864545492064	0.102	0.169	1.72214187447651e-07
DNAJB1	6.41080122176718e-12	0.410796123535643	0.816	0.791	1.88362161497963e-07
SYPL1	7.30526575071163e-12	0.334908403954275	0.519	0.378	2.14643318287409e-07
FABP5	8.50932638904243e-12	-0.331460074355026	0.062	0.146	2.50021027962845e-07
DDX21	9.15456210401064e-12	-0.346963090789707	0.413	0.512	2.68979343740041e-07
AK1	9.29340859471483e-12	-0.285795213892973	0.129	0.202	2.73058931329911e-07
LBR	9.88375971653014e-12	0.365011425322633	0.534	0.396	2.90404627991088e-07
NGRN	1.01547804291094e-11	-0.316899539283644	0.248	0.343	2.98367758568093e-07
MAFB	1.09258387215955e-11	-0.402119919821558	0.237	0.329	3.21022993317918e-07
HOXA7	1.1149482920889e-11	0.268590463967454	0.281	0.161	3.27594107181559e-07
C3orf58	1.18372016327745e-11	0.325966931442073	0.128	0.058	3.47800658374182e-07
CBX1	1.20065100466969e-11	0.335078730437101	0.427	0.29	3.52775278192047e-07
MXI1	1.23301869791536e-11	0.312977004578513	0.458	0.317	3.62285553821491e-07
PRKG1	1.49568680401552e-11	0.314261654799355	0.346	0.216	4.3946269675584e-07
TM7SF2	1.68923840828398e-11	-0.256059965426788	0.062	0.148	4.96332029121999e-07
MZT2A	1.7193983799801e-11	-0.321234839386111	0.659	0.753	5.05193632005754e-07
CCL2	1.79001375060933e-11	-0.441913138528369	0.18	0.303	5.25941840204034e-07
NDUFA7	1.81127457529861e-11	-0.27708054304259	0.179	0.244	5.32188695714238e-07
MSRB3	1.83212894252996e-11	0.279163630039632	0.526	0.382	5.38316125894153e-07
CCNH	1.96644382948856e-11	-0.31770394632269	0.199	0.283	5.7778052598033e-07
ZBTB16	2.4469803328208e-11	-0.366567579613487	0.361	0.437	7.18971761389408e-07
DNAJB6	2.51362991538931e-11	-0.316782358435468	0.496	0.579	7.38554741739687e-07
ERRFI1	2.52156530377819e-11	-0.398031524179205	0.398	0.517	7.40886317556108e-07
PXDC1	2.64096451984627e-11	-0.280551684434959	0.12	0.202	7.75968195221232e-07
TUG1	2.7878077098139e-11	-0.298015480012805	0.139	0.211	8.19113661297519e-07
HCG18	3.002235261409e-11	-0.323322157077811	0.17	0.249	8.82116764507193e-07
SRGN	3.21374350618173e-11	-0.407706796904404	0.073	0.128	9.44262116986316e-07
TMEM256	3.58332967816745e-11	-0.303650852190294	0.286	0.368	1.05285392603916e-06
MARCKS	3.79691644933221e-11	0.255651216414253	0.296	0.177	1.11560999114279e-06
SEPT9	3.93021197728956e-11	0.254590167346001	0.15	0.07	1.15477488316722e-06
ROCK1	4.45733599258854e-11	0.360212317777466	0.545	0.41	1.30965446134236e-06
PLTP	4.54112106304178e-11	-0.301975136334842	0.188	0.289	1.33427219074294e-06
COX8A	5.05006854038078e-11	-0.282939357169348	0.619	0.722	1.48381113853468e-06
DNPH1	5.06434976363511e-11	-0.29278011323689	0.265	0.376	1.48800724755127e-06
SELENOP	5.29960170563519e-11	-0.277732222053142	0.674	0.764	1.55712897314973e-06
PCDH7	5.35662468203442e-11	0.275038937476852	0.242	0.132	1.57388346407535e-06
LIMA1	6.25539518590075e-11	0.409057936353702	0.428	0.309	1.83796021352136e-06
SPTY2D1	8.62552265914732e-11	-0.285804836866891	0.257	0.368	2.53435106771066e-06
MAP2K3	9.2496032047165e-11	-0.285899997198788	0.127	0.193	2.7177184136098e-06
CYB5D1	9.93451519150681e-11	-0.253275014441271	0.068	0.143	2.91895925356853e-06
ILK	9.99789691735692e-11	0.348190667512836	0.653	0.547	2.93758207225781e-06
ATP5IF1	1.01037009800134e-10	-0.296571446383081	0.585	0.652	2.96866942194753e-06
COL6A3	1.18242947942249e-10	-0.282015758252284	0.523	0.567	3.47421429643917e-06
SRGAP3	1.24132055320735e-10	0.250122590138212	0.151	0.066	3.64724804943383e-06
PRDX3	1.5075434998448e-10	0.258613917939143	0.365	0.238	4.42946431124399e-06
CSTB	1.51539532078608e-10	-0.263894456316843	0.35	0.453	4.45253453153366e-06
RAD50	1.56890844794282e-10	-0.316849576826722	0.161	0.251	4.60976680174558e-06
SERPING1	1.60030612489758e-10	0.296794683353	0.564	0.426	4.70201945617408e-06
HES4	1.78973672610102e-10	-0.366022890786277	0.165	0.243	5.25860444863003e-06
H19	1.80821817933724e-10	-0.28212756402745	0.039	0.107	5.31290665452868e-06
FBLN1	1.83022860295495e-10	-0.492414405952596	0.376	0.475	5.37757768120223e-06
SAT2	1.87265189691189e-10	-0.29140731420742	0.373	0.451	5.50222580350651e-06
RSBN1L	2.01337554956921e-10	0.305070403048318	0.435	0.302	5.91570003974425e-06
SKIL	2.31103146636319e-10	-0.323014647234903	0.371	0.471	6.79027265446833e-06
HPGD	2.3161237888212e-10	0.46458253317036	0.286	0.179	6.80523491631445e-06
ARL5B	2.59605061845564e-10	-0.266198312689827	0.1	0.182	7.62771592714636e-06
SRSF7	2.73894370765654e-10	0.336146911953923	0.752	0.649	8.04756440183644e-06
MTCH1	2.79007661512126e-10	-0.258442693217554	0.474	0.534	8.1978031105493e-06
FYN	2.97028340895051e-10	-0.273951186358161	0.234	0.314	8.7272867121784e-06
MACF1	3.20743496583323e-10	0.37217662218773	0.745	0.65	9.42408541661118e-06
SNU13	3.31426826244679e-10	-0.327574538113002	0.465	0.564	9.73798300872117e-06
SRSF6	3.33335719112486e-10	-0.290792544468917	0.326	0.388	9.79407009896307e-06
TSC22D2	3.87195606933772e-10	0.39005343329065	0.473	0.352	1.13765813229281e-05
MORC4	4.03296012730711e-10	0.288198753969319	0.22	0.122	1.18496434460538e-05
DDT	4.24267057687311e-10	-0.279927497958651	0.376	0.455	1.24658146889686e-05
PTGES3	4.52242537102212e-10	0.304514099661069	0.75	0.655	1.32877902251372e-05
S1PR3	4.63818699869863e-10	-0.349218474089396	0.216	0.32	1.36279210395763e-05
FAM13C	4.63954800039057e-10	0.286907503483943	0.294	0.179	1.36319199347476e-05
NDUFB2	5.3721577078721e-10	-0.278478018094214	0.573	0.644	1.57844737772698e-05
CNBP	5.47107204745144e-10	0.27273681401783	0.794	0.712	1.60751038898218e-05
NDUFB8	5.65347010098044e-10	-0.261650974551644	0.591	0.68	1.66110258507007e-05
PRUNE2	5.95464799872535e-10	0.289636381512962	0.53	0.396	1.74959467498548e-05
AC005261.1	6.71195641013144e-10	-0.27112840691425	0.204	0.245	1.97210703242482e-05
COX16	7.5164255053501e-10	-0.268736032027133	0.157	0.233	2.20847614198197e-05
ZDBF2	7.69642869366617e-10	-0.304584658356241	0.154	0.248	2.26136467877299e-05
RPP21	8.02797224833234e-10	-0.256493934005159	0.162	0.225	2.35877880600501e-05
ITM2C	8.37423764922204e-10	-0.30457958622247	0.214	0.309	2.46051850609442e-05
HAND2	9.58645612186853e-10	-0.307337605474766	0.378	0.438	2.81669253772741e-05
NEXN	1.00431136995308e-09	0.30727193359632	0.735	0.66	2.95086766719613e-05
CAP1	1.13089744311106e-09	0.293490667255847	0.497	0.371	3.32280286734892e-05
PWWP3A	1.1598724371066e-09	-0.270350576919734	0.105	0.158	3.4079371947066e-05
TRPS1	1.19306182236954e-09	0.277678357539653	0.335	0.218	3.50545424648618e-05
SPRY1	1.19867957707714e-09	-0.34627559562465	0.165	0.266	3.52196033336806e-05
RGS16	1.27286768902483e-09	-0.32933182828894	0.105	0.194	3.73993984389276e-05
SLC7A8	1.33936035394804e-09	-0.312419765491001	0.269	0.367	3.93530859197015e-05
PEBP1	1.41691830216298e-09	0.270592057320352	0.816	0.75	4.16318935541528e-05
PTP4A1	1.51524719301217e-09	0.321125232534988	0.222	0.123	4.45209930250837e-05
RLF	1.68817533537091e-09	-0.299311587985237	0.25	0.329	4.96019677038682e-05
GSN	1.71273778805115e-09	0.308656566068848	0.791	0.739	5.0323661688519e-05
AAK1	1.75717630471513e-09	-0.300499627653548	0.338	0.417	5.16293541851401e-05
SLC25A5	1.76791449846367e-09	-0.289914633477192	0.472	0.569	5.19448637938595e-05
KRT19	1.8820650109599e-09	-0.462386774550831	0.222	0.305	5.52988341520238e-05
CLDN1	1.90203912807858e-09	0.265440873053723	0.393	0.273	5.58857136612049e-05
TIMM8B	2.02020165581017e-09	-0.261732481236187	0.219	0.286	5.93575650510145e-05
ZFAND5	2.15488839744618e-09	-0.28918803485213	0.68	0.739	6.33149308937635e-05
GTF2B	2.31413287311346e-09	-0.336452075378902	0.265	0.339	6.79938520778198e-05
NDN	2.4355727358289e-09	-0.260905528766174	0.466	0.535	7.15619981241247e-05
PER3	2.82134207098272e-09	0.299750089401549	0.367	0.249	8.28966727296143e-05
CCDC186	3.68783133785066e-09	0.270445362581619	0.309	0.197	0.000108355860368728
GNG11	3.83939781719652e-09	0.269253777728709	0.537	0.41	0.000112809186664868
KCTD12	4.32150992344858e-09	-0.319132095236329	0.137	0.229	0.000126974604570766
BEX1	4.52635077725902e-09	-0.333402061005586	0.074	0.14	0.000132993238537425
KLF2	4.85813190037369e-09	0.387088471679971	0.712	0.623	0.00014274163149678
COL4A3BP	4.92295894141688e-09	0.300575476145767	0.133	0.063	0.000144646379616711
CAPZA2	5.01813284336415e-09	0.272090527548482	0.527	0.4	0.000147442779203725
PIM3	5.18133079881142e-09	-0.315148812586311	0.19	0.275	0.000152237861530677
HNRNPAB	5.36213780961954e-09	-0.268038094897254	0.467	0.509	0.000157550333122241
MAP4	5.73602180889134e-09	0.286174467795382	0.605	0.482	0.000168535792788845
ARIH1	5.78801130038826e-09	-0.281496344840119	0.402	0.493	0.000170063348028008
HIC1	7.9395523988962e-09	-0.253084688928809	0.136	0.213	0.000233279928584368
GUCY1A2	8.82986058947917e-09	0.370612372038518	0.473	0.361	0.000259438963840077
ANKRD12	8.91277712134016e-09	0.32020241107254	0.656	0.535	0.000261875217379217
SELENOH	9.08849627401985e-09	-0.25029822357317	0.306	0.363	0.000267038197523251
AMIGO2	9.51273361843299e-09	0.258208202289376	0.179	0.097	0.000279503139176798
CUTA	1.02093640583018e-08	-0.262924734607714	0.509	0.577	0.000299971534761024
TFRC	1.0276812380473e-08	-0.292348684968857	0.211	0.308	0.000301953301363057
HNRNPUL1	1.04301843733367e-08	-0.267776690569535	0.342	0.423	0.000306459677257378
RNMT	1.18666109488018e-08	-0.295064249109765	0.297	0.376	0.000348664762897694
CARMN	1.24501778921697e-08	0.337093380556599	0.443	0.324	0.000365811126827731
SYTL4	1.35817401362715e-08	0.26862735679482	0.268	0.166	0.000399058688683929
LONRF2	1.37717041731478e-08	-0.262438739954234	0.605	0.668	0.000404640212015428
TUBA1B	1.59783997230999e-08	0.292814187595049	0.744	0.658	0.000469477340664121
SPECC1	1.65225595394887e-08	-0.306602037109735	0.283	0.37	0.000485465844389258
SERTAD1	1.68375983702592e-08	-0.252350020293026	0.581	0.688	0.000494722315314957
AASS	1.83174790870539e-08	-0.276964491262469	0.201	0.285	0.000538204170535818
EIF4B	2.05275358294743e-08	0.308813345453729	0.691	0.613	0.000603140057741613
CLMP	2.06132661920796e-08	0.289356542781563	0.323	0.215	0.000605658987255682
ITGA5	2.17509478765183e-08	0.265731584606457	0.141	0.069	0.000639086350507862
OLFML3	2.26380624786949e-08	-0.278207900833212	0.276	0.368	0.000665151551749012
ARPC5	2.26613303613061e-08	0.270096200422238	0.691	0.594	0.000665835208675896
RRAD	2.29432062542234e-08	-0.325690226018302	0.34	0.449	0.000674117286161592
LRRFIP1	2.60880825745228e-08	0.359260152304088	0.516	0.419	0.000766520042204629
MBNL1	2.670244339266e-08	0.321823319151568	0.535	0.428	0.000784571191763136
CTTNBP2	2.776898237207e-08	0.252585821752611	0.216	0.125	0.00081590824005616
GSTM3	3.05582125855259e-08	-0.252770769437746	0.273	0.346	0.000897861402187923
ESD	3.22716514253358e-08	0.264859194129194	0.611	0.507	0.000948205662179215
PET100	3.32961147964443e-08	-0.26900908481186	0.27	0.364	0.000978306444949126
PHPT1	3.45166733082168e-08	-0.275330879608269	0.383	0.462	0.00101416889514203
PCMTD1	3.50896813708461e-08	0.299196624498073	0.539	0.426	0.0010310050180382
ZFP36L1	3.72259576308709e-08	0.278053191598193	0.847	0.803	0.00109377308711025
MAP7D3	3.79474187346634e-08	0.323323411226554	0.324	0.22	0.00111497105726188
MT-ND6	4.4994016997348e-08	0.360114320723699	0.494	0.383	0.00132201420741608
DPYSL3	4.83297810965053e-08	0.278242566926928	0.45	0.334	0.00142002562817752
CDC42EP3	4.88610383077779e-08	0.280083833099494	0.302	0.199	0.00143563502755913
NFIX	4.97873437260229e-08	0.26123260365368	0.385	0.273	0.001462851733358
NFIC	5.43842370326116e-08	0.267728068227749	0.707	0.623	0.00159791765249219
PLIN2	5.53097231420073e-08	-0.289174716277017	0.223	0.303	0.00162511028535846
MT1E	5.56246944866265e-08	-0.383942681687156	0.218	0.238	0.00163436477340606
HIST1H1C	5.77067251635388e-08	0.255631394870285	0.138	0.076	0.0016955389987551
ACKR3	5.80216452662543e-08	-0.276692576719613	0.093	0.15	0.00170479198121308
HLA-C	6.05302365855761e-08	0.291831818878055	0.739	0.668	0.0017784994113574
ST5	6.27576027387183e-08	0.315789732902211	0.481	0.369	0.00184394388366902
SARAF	7.37209842932299e-08	-0.266531467824627	0.641	0.696	0.00216606996050368
ADAMTS1	7.71781832765386e-08	-0.280825410299604	0.666	0.757	0.00226764938103126
NAA38	7.99475294056337e-08	-0.253490036806239	0.329	0.409	0.00234901830899633
PRDX2	9.95219726725637e-08	-0.25296712082782	0.656	0.717	0.00292415460106527
LUC7L2	9.9762088250144e-08	-0.252452046374949	0.263	0.329	0.00293120967696573
TAX1BP1	1.17922936010403e-07	0.284603711133164	0.692	0.605	0.00346481170585766
PDK4	1.21388006622355e-07	-0.334155859642297	0.339	0.438	0.00356662241057804
USP12	1.21468509290355e-07	-0.25470066295446	0.198	0.251	0.00356898773996922
EMX2	1.42319087363613e-07	0.269267829706226	0.542	0.427	0.00418161942491767
RANBP2	1.89808502919238e-07	-0.306819954935476	0.287	0.359	0.00557695343277304
RRAS	2.12676858218091e-07	0.27079165505962	0.557	0.445	0.00624887144816394
NFKBIA	2.16816346021192e-07	-0.367592056801591	0.649	0.696	0.00637049787879465
ENAH	2.30737156912804e-07	0.254366184625613	0.416	0.309	0.006779519144412
PPM1K	2.56584446047191e-07	0.296545501014328	0.614	0.515	0.00753896419375857
DYNC1LI2	2.57511006323249e-07	0.285395575092124	0.479	0.375	0.00756618838778971
OGN	3.34654614581395e-07	-0.317221765829461	0.12	0.203	0.00983282188563055
FAM208B	3.4101938051895e-07	0.294654904262888	0.106	0.051	0.0100198314384078
TMEM123	4.03351665104801e-07	0.27689488294911	0.417	0.313	0.0118512786241093
ITSN1	5.80040020898945e-07	0.333818560266139	0.244	0.16	0.0170427358940528
ADAMTS4	6.48626130555513e-07	-0.335352437291773	0.199	0.283	0.0190579329679821
KIFAP3	8.12557147429489e-07	0.291620720635868	0.266	0.182	0.0238745541057732
PKD2	9.03582242194362e-07	0.301987978995263	0.395	0.303	0.0265490534401547
CPQ	1.02084579412288e-06	0.250731025990102	0.451	0.347	0.0299944911229183
MFGE8	1.24406068221155e-06	0.268786254976567	0.639	0.55	0.0365529909647399
IGFBP6	1.25967325102877e-06	-0.32801440752302	0.204	0.294	0.0370117194617274
HSPA8	1.36621242850038e-06	0.272356191130978	0.842	0.865	0.040142053574198
ARHGAP6	1.42788014280966e-06	0.264380091604398	0.275	0.186	0.0419539743560334
IGFBP3	1.73430212659248e-06	0.380711925110545	0.279	0.192	0.0509572650835401
CLIC4	1.82101026960258e-06	0.288794187034943	0.62	0.521	0.0535049237414629
PGM5-AS1	2.12388891930494e-06	0.447866569009059	0.157	0.09	0.0624041042270177
PAFAH1B1	2.14872389170551e-06	0.294225775626771	0.481	0.384	0.0631338053860914
EHBP1	2.15374110713306e-06	0.320851768165693	0.33	0.238	0.0632812212097836
KCNK6	3.81991644929018e-06	-0.334362681507443	0.298	0.339	0.112236785113044
S100A4	4.17405692464554e-06	-0.270144417033503	0.168	0.252	0.122642140559935
ATP2B4	4.32447840752254e-06	0.259935965836052	0.638	0.542	0.127061824569827
HMGB2	4.60184538145943e-06	0.253244773644016	0.393	0.296	0.135211420998041
GADD45G	8.34596283321458e-06	0.384642310582587	0.314	0.235	0.245221079965511
ISCU	1.3816953824623e-05	0.269260729407126	0.587	0.501	0.405969737275072
PEG10	1.85532462889418e-05	0.26340795514207	0.232	0.16	0.545131482461688
PHF3	4.75278363380707e-05	0.268322155020834	0.508	0.424	1
YTHDC1	5.14775957237876e-05	0.320559481203452	0.542	0.456	1
INO80D	6.82627636078421e-05	0.456875016225851	0.265	0.233	1
ANKRD36C	0.000106355238491887	0.273451152343486	0.201	0.14	1
RBFOX2	0.000124451456036601	0.312539815501053	0.484	0.412	1
NR1D2	0.000131555595169351	0.367756805423903	0.294	0.218	1
NFKBIZ	0.000386674392795633	0.257853523386493	0.554	0.479	1
GEM	0.000581987888185196	0.319805575137841	0.491	0.479	1
KCNIP4	0.000864064293874081	0.284151269673343	0.073	0.105	1
RGS2	0.00164229180090973	0.260093860256082	0.565	0.503	1
MTRNR2L12	0.0931295211068267	0.258637407105913	0.174	0.152	1
