	p_val	avg_log2FC	pct.1	pct.2	p_val_adj	perDiff	FC
ADIRF	1.15987714502059e-26	-1.07212270883774	0.696	0.863	3.40795102749949e-22	-0.167	-2.10252464140277
MGP	8.46282403637309e-07	-1.04170408647795	0.139	0.277	0.0248654695836714	-0.138	-2.05865786890264
CCN1	5.33613998105985e-14	-0.934587976827433	0.19	0.433	1.56786464923501e-09	-0.243	-1.91134469114066
ID1	1.12134577093981e-12	-0.910868671663154	0.234	0.463	3.29473814417535e-08	-0.229	-1.88017724494459
RPS26	4.84785675757855e-27	-0.844720296996855	0.81	0.875	1.42439727251173e-22	-0.0649999999999999	-1.79591652807164
TGM2	3.01988321572799e-12	-0.804155680067328	0.168	0.376	8.87302086445199e-08	-0.208	-1.74612359490138
SNCG	9.49208802006911e-17	-0.790714403722197	0.473	0.692	2.78896530205671e-12	-0.219	-1.72993088971164
ID3	1.15336302804547e-07	-0.616376980063357	0.176	0.337	0.0033888112490032	-0.161	-1.53302049021998
CXCL2	3.09352582785056e-07	-0.586886766561553	0.308	0.484	0.00908939758739053	-0.176	-1.502002034022
SEPTIN7	2.25408849732823e-12	-0.579198773093928	0.443	0.676	6.62296282284982e-08	-0.233	-1.49401928743025
SEPTIN9	2.35915008761386e-11	-0.572156481160008	0.249	0.448	6.93165478742703e-07	-0.199	-1.48674423461857
SNHG5	1.05979324909499e-09	-0.565005543135592	0.425	0.616	3.11388452449089e-05	-0.191	-1.47939319337547
LMNA	2.04359101334632e-11	-0.564342154923697	0.637	0.776	6.00447911541416e-07	-0.139	-1.47871308678829
EIF4A1	1.51680321150391e-12	-0.549467239625066	0.623	0.811	4.45667119604079e-08	-0.188	-1.46354513621613
LOX	7.23393654801106e-09	-0.531170320421127	0.432	0.622	0.000212547523653661	-0.19	-1.44510099231421
S100A6	4.23342846975947e-15	-0.526832548035139	0.916	0.975	1.24386595298473e-10	-0.0589999999999999	-1.4407625114742
CST3	2.37278026807332e-10	-0.511115939444701	0.791	0.87	6.97170298365304e-06	-0.079	-1.42515213918968
ARL6IP1	1.10952318217104e-12	-0.490735090512346	0.729	0.894	3.26000101385494e-08	-0.165	-1.40516065913951
RPL36A	3.82613381534281e-19	-0.48458158577329	0.78	0.952	1.12419463762403e-14	-0.172	-1.39918001286147
HS3ST1	3.70872053038572e-07	-0.480089935284199	0.381	0.507	0.0108969626623793	-0.126	-1.39483061513328
LRATD1	3.68365970360568e-07	-0.47883411368987	0.176	0.327	0.0108233289411342	-0.151	-1.39361698633709
SOCS3	6.11861866160833e-08	-0.463887658122717	0.429	0.62	0.00179777253515376	-0.191	-1.37925351592502
MT-ND3	2.17115718446589e-09	-0.462514789826292	0.93	0.983	6.37929403939767e-05	-0.0529999999999999	-1.37794164285842
NME2	5.2458116443248e-15	-0.455701786316371	0.505	0.767	1.54132437733551e-10	-0.262	-1.37144977242835
MT-CO2	2.79095134050211e-14	-0.45125007867827	0.93	0.98	8.20037322866331e-10	-0.0499999999999999	-1.36722442790413
SELENON	1.0203518617008e-06	-0.45077454252135	0.322	0.458	0.029979978400493	-0.136	-1.36677384237432
NIBAN1	8.41509180560975e-08	-0.418723455904907	0.099	0.246	0.00247252227432426	-0.147	-1.33674423601072
UBE2V1	1.43766031887248e-06	-0.412257413803437	0.348	0.506	0.0422413354891112	-0.158	-1.3307664627729
RPL17	8.72177889407907e-20	-0.405381883478656	0.707	0.931	2.56263307465831e-15	-0.224	-1.32443944505003
TMEM88	1.46941854803167e-11	-0.401122351609709	0.022	0.165	4.31744557782667e-07	-0.143	-1.32053482775253
FXYD6	7.30115858355238e-08	-0.401052108620485	0.681	0.808	0.00214522641501936	-0.127	-1.32047053415413
EEF1G	2.72022382201949e-15	-0.398581389758098	0.524	0.784	7.99256163385766e-11	-0.26	-1.31821106883743
IGFBP4	5.10874058030323e-07	-0.391301002934071	0.67	0.767	0.0150105015730469	-0.097	-1.31157563193871
CDKN2C	3.58623422037986e-07	-0.378196017783248	0.117	0.251	0.0105370733863201	-0.134	-1.29971564174974
CFH	7.33174938920706e-07	-0.376605565771821	0.201	0.369	0.0215421460553682	-0.168	-1.29828360220305
RNASEK	1.05623856321439e-08	-0.376179028744455	0.495	0.699	0.000310344014643652	-0.204	-1.29789981757812
MT-CO3	4.75860493925375e-11	-0.37125476627589	0.916	0.986	1.39817330325154e-06	-0.07	-1.29347732756207
GAS5	5.49272785215043e-09	-0.362322065410911	0.436	0.648	0.000161387329751884	-0.212	-1.28549327732876
MT-CYB	8.70392493116054e-10	-0.354753213063185	0.945	0.983	2.55738722327359e-05	-0.038	-1.27876681713805
MTRNR2L8	4.43318583044885e-23	-0.34752053678048	0.015	0.206	1.30255866070248e-18	-0.191	-1.27237200669769
SCGB1A1	2.70655445886801e-10	-0.327793973205906	0.004	0.106	7.952398311046e-06	-0.102	-1.25509274259093
CCL21	6.48861870469031e-10	-0.32652595021089	0.974	0.987	1.90648594781211e-05	-0.013	-1.25399009288437
NFKBID	1.03992893145908e-06	-0.319783301876449	0.073	0.195	0.0305551918641308	-0.122	-1.2481430591238
CCL14	5.55474948240151e-08	-0.312296568052787	0.524	0.717	0.00163209649291921	-0.193	-1.24168271218415
RPL39	4.02482287930111e-10	-0.294359000893635	0.872	0.971	1.18257345839625e-05	-0.099	-1.22633998509048
MT-ND4	1.0002878674645e-07	-0.289243365061252	0.949	0.981	0.00293904581218419	-0.032	-1.22199922065566
CD34	1.02414096763847e-06	-0.287135726606264	0.066	0.189	0.0300913099111536	-0.123	-1.2202153009153
RPL28	1.2655697746425e-11	-0.27938898166007	0.868	0.975	3.71849711185459e-07	-0.107	-1.21368075061215
MIF	1.14562129469778e-10	-0.269520737821344	0.582	0.794	3.36606448808101e-06	-0.212	-1.20540732578832
MT-ATP6	1.07133780741224e-08	-0.268516119119498	0.945	0.989	0.000314780474573865	-0.044	-1.20456823424362
RPL18	2.33238887542342e-07	-0.262313106368854	0.868	0.958	0.0068530249937691	-0.09	-1.19940018992647
