	p_val	avg_log2FC	pct.1	pct.2	p_val_adj	perDiff	FC
CRIP1	6.84628693771893e-30	-1.67174604803929	0.361	0.667	2.01157602804058e-25	-0.306	-3.1859995167565
MUSTN1	3.5107178971059e-26	-1.41890560020475	0.168	0.549	1.03151913252765e-21	-0.381	-2.6738260287562
RERGL	1.09109109434883e-22	-0.714150141429262	0.239	0.608	3.20584385341572e-18	-0.369	-1.64051654224423
RPL17	1.58502328487663e-20	-0.966869563094118	0.625	0.835	4.65711541562451e-16	-0.21	-1.95459480605871
NIBAN1	7.21175340268223e-18	-0.52079041381321	0.086	0.352	2.11895738477609e-13	-0.266	-1.43474108878242
RPL36A	1.78708691331852e-17	-0.590246727208248	0.786	0.85	5.25081876871247e-13	-0.0639999999999999	-1.50550419411729
ZFP36	7.71176327788528e-17	0.816124647177434	0.9	0.869	2.26587028630825e-12	0.031	1.76067014041206
RPL39	9.40628185096691e-17	-0.567456286964315	0.9	0.953	2.7637537334511e-12	-0.0529999999999999	-1.48190841304631
CCN1	1.17481191646893e-16	-0.589665113088435	0.175	0.478	3.451832372969e-12	-0.303	-1.50489738117722
EEF1G	1.58417085356957e-16	-0.858228179346544	0.304	0.628	4.65461080195812e-12	-0.324	-1.8128105713732
CNN1	2.8016477500648e-16	1.03825151724305	0.679	0.559	8.23180141924039e-12	0.12	2.05373710561169
DES	3.26071875945243e-16	1.56835214672999	0.446	0.251	9.58064385902314e-12	0.195	2.96565781723881
NME2	5.2664781894558e-16	-0.856709919171565	0.239	0.554	1.5473966216259e-11	-0.315	-1.8109038133363
IGF1	6.95008340731925e-16	-0.580414755645321	0.104	0.377	2.04207350673854e-11	-0.273	-1.49527905970118
PTGDS	7.34280438725756e-16	-1.22640433024484	0.275	0.579	2.15746278506401e-11	-0.304	-2.33983099811991
NET1	1.46466251617962e-15	-0.631336834831299	0.196	0.5	4.30347140503895e-11	-0.304	-1.54899966791337
SEPTIN2	1.85650352820438e-15	-0.786259363285923	0.146	0.433	5.4547786665701e-11	-0.287	-1.72459710494126
DUSP1	2.31755562458993e-15	0.832162054815747	0.786	0.778	6.80944193617014e-11	0.00800000000000001	1.78035143830265
SEPTIN7	5.75886277881423e-15	-0.671073556811963	0.282	0.591	1.6920690616712e-10	-0.309	-1.59225737783996
RPL28	8.25475271398003e-15	-0.481645024986358	0.921	0.924	2.42541144242161e-10	-0.003	-1.39633492208681
SEPT7	1.98216722067378e-14	0.817644059739159	0.621	0.318	5.82400372778371e-10	0.303	1.76252541368041
ID3	4.24350691921015e-14	1.15096111397195	0.711	0.53	1.24682720300232e-09	0.181	2.2206178124939
CSRP1	7.05259417039407e-14	0.749481264048845	0.814	0.778	2.07219321914518e-09	0.0359999999999999	1.68118823316962
SNHG32	1.65773680075654e-13	-0.570426339878266	0.154	0.416	4.87076226798285e-09	-0.262	-1.48496233634703
MIF	1.80717674588971e-13	-0.847096208216021	0.35	0.606	5.30984671477316e-09	-0.256	-1.79887658099551
SNHG29	2.40828682000258e-13	-0.720189791679176	0.254	0.542	7.07602833453159e-09	-0.288	-1.64739874146178
C2orf40	2.46202033643252e-13	0.785129718823829	0.554	0.266	7.23390815250602e-09	0.288	1.72324725692066
PHLDA2	3.78902779490725e-13	-0.768961182529466	0.111	0.355	1.11329214669965e-08	-0.244	-1.70404234019438
RNASEK	5.18424064066864e-13	-0.72467513187079	0.229	0.5	1.52323358504126e-08	-0.271	-1.65252847568651
RPL26	5.87258468807121e-13	-0.501545947469142	0.9	0.946	1.72548283304908e-08	-0.0459999999999999	-1.41572980220191
IGSF10	7.17383505996958e-13	-0.363372794659197	0.021	0.192	2.10781621732026e-08	-0.171	-1.28642985597652
GAS5	8.03326168820676e-13	-0.550239716345491	0.254	0.53	2.36033294922891e-08	-0.276	-1.46432898674663
CYR61	1.12893611715141e-12	0.871843168299678	0.446	0.185	3.31704009941429e-08	0.261	1.8299993908737
JUNB	1.66992049899272e-12	0.581604632684693	0.936	0.941	4.9065604101404e-08	-0.00499999999999989	1.49651281463731
HSPA6	2.73030829140913e-12	-1.05923408302554	0.068	0.276	8.0221918218183e-08	-0.208	-2.08382493949734
MT2A	2.94376484231507e-12	-0.828234816057936	0.771	0.901	8.64936985969013e-08	-0.13	-1.7755116370045
MICOS10	3.04695818047477e-12	-0.885166337263683	0.207	0.461	8.95257252587097e-08	-0.254	-1.846977558687
LINC-PINT	3.14435454377226e-12	-0.447048547386702	0.093	0.313	9.23874252051165e-08	-0.22	-1.36324848048215
DPT	3.23790573991168e-12	-0.682319097563631	0.1	0.33	9.5136146450085e-08	-0.23	-1.60471722734172
MEG8	5.50250730788125e-12	-0.719435427864889	0.054	0.249	1.61674669720167e-07	-0.195	-1.64653756628958
RPS26	6.34018280850009e-12	-0.427327939070718	0.868	0.889	1.86287251279349e-07	-0.021	-1.34474063246398
OGN	6.38417357421016e-12	-0.744175050394328	0.254	0.52	1.87579787957443e-07	-0.266	-1.67501620192934
ACTG2	1.03536759293403e-11	1.17708810289606	0.493	0.347	3.04211706155877e-07	0.146	2.26119921756629
HSP90AA1	1.18230703442406e-11	-0.512259248925662	0.918	0.946	3.47385452854478e-07	-0.0279999999999999	-1.4262819938768
EIF4A1	1.37962466540747e-11	-0.673144761593456	0.586	0.754	4.05361319190023e-07	-0.168	-1.59454494343238
PDLIM3	1.96101463185102e-11	0.777030633006899	0.643	0.478	5.76185319130468e-07	0.165	1.7136002943384
ANGPTL1	2.66301045446232e-11	0.778231594085641	0.529	0.286	7.82445731730119e-07	0.243	1.71502736243485
SFRP1	4.65745670698909e-11	-0.78193937801804	0.221	0.475	1.36845392964753e-06	-0.254	-1.71944072014481
DBNDD2	1.1150618457999e-10	-0.412816542187829	0.132	0.345	3.27627471532927e-06	-0.213	-1.33128231226636
FAM96B	1.18211830787494e-10	0.564305359067918	0.293	0.096	3.47330001219814e-06	0.197	1.47867537277523
FBLN1	1.30808169552518e-10	-0.662232893760806	0.304	0.559	3.84340563779207e-06	-0.255	-1.58253004902975
C9orf3	1.87503318748109e-10	0.569500254964428	0.321	0.113	5.50922251145693e-06	0.208	1.48400942537631
PALLD	2.24932899796162e-10	0.44312170646015	0.711	0.729	6.60897846181084e-06	-0.018	1.3595429287764
MRPS24	2.3081809258779e-10	-0.472374522247613	0.132	0.352	6.78189719641443e-06	-0.22	-1.38739108778061
NRP2	3.75569635154386e-10	0.326104448779629	0.2	0.044	1.10349870201062e-05	0.156	1.25362377748232
LMOD1	4.48738307023923e-10	0.63629022784583	0.814	0.704	1.31848289369769e-05	0.11	1.55432719107261
LBH	4.53750175252296e-10	-0.655344704294726	0.318	0.567	1.3332087649263e-05	-0.249	-1.57499222235292
PDE4C	5.29386101105859e-10	-0.279470367626614	0.025	0.167	1.55544224226924e-05	-0.142	-1.21374921925197
SNHG5	5.37945436265218e-10	-0.545294677381751	0.207	0.438	1.58059128083446e-05	-0.231	-1.45931838658069
NEAT1	6.3467792131281e-10	-0.497204719649648	0.846	0.926	1.8648106684013e-05	-0.0800000000000001	-1.41147611885687
RPS21	6.48107423062596e-10	-0.299793668224821	0.925	0.951	1.90426923044252e-05	-0.0259999999999999	-1.23096834976882
LINC01578	6.78951243168825e-10	-0.42022810892384	0.164	0.379	1.99489454267864e-05	-0.215	-1.33813911532721
BGN	8.35127297713782e-10	-0.579545969501065	0.293	0.539	2.45377102614263e-05	-0.246	-1.49437887870629
MAP3K7CL	9.64992069737856e-10	-0.60635326955163	0.064	0.236	2.83533969930377e-05	-0.172	-1.52240612342971
RPS28	1.11845934983577e-09	-0.36837466357694	0.954	0.975	3.28625726168747e-05	-0.021	-1.29089768918463
TASOR2	1.21524804091182e-09	-0.333371803851095	0.029	0.17	3.57064179380711e-05	-0.141	-1.25995464705852
AOPEP	1.22154151577925e-09	-0.409820724007541	0.111	0.31	3.58913328166259e-05	-0.199	-1.32852071567873
MYLK	1.364382996409e-09	0.628474825925815	0.85	0.83	4.00883012004893e-05	0.02	1.54592981857023
MYH10	1.57115283633459e-09	0.830119577707108	0.379	0.219	4.61636126371828e-05	0.16	1.77783271180291
PRXL2C	2.01382946928271e-09	-0.429509580419231	0.064	0.236	5.91703374664645e-05	-0.172	-1.34677568561254
ATP6V0C	2.0257165074258e-09	-0.514302516072561	0.136	0.345	5.9519602421185e-05	-0.209	-1.42830344661223
RBIS	2.21881578295006e-09	-0.493114553375485	0.164	0.382	6.51932453346387e-05	-0.218	-1.4074801281173
KCNQ1OT1	2.43176674286158e-09	-0.830344985362759	0.404	0.626	7.1450170438759e-05	-0.222	-1.7781105032971
AEBP1	2.45900694949743e-09	0.57609629840811	0.718	0.658	7.22505421901334e-05	0.0599999999999999	1.49080989350287
SPARCL1	2.56507285235322e-09	-0.425349325379171	0.918	0.914	7.53669705478422e-05	0.004	-1.34289762445854
IGKC	3.3423734206856e-09	-2.26368100747958	0.125	0.02	9.82056158465842e-05	0.105	-4.80215179468761
CCN2	3.80021875206182e-09	-0.374264266695844	0.125	0.313	0.00011165802737308	-0.188	-1.29617837208936
NGRN	4.01184897123107e-09	-0.45526791456034	0.154	0.365	0.000117876146472711	-0.211	-1.37103738877212
SYNPO2	4.33288401766833e-09	0.435743655600129	0.793	0.818	0.000127308798207131	-0.0249999999999999	1.35260787238135
MEG3	4.55965575121262e-09	-0.67491683730955	0.254	0.485	0.000133971805282129	-0.231	-1.59650474116638
WTIP	5.00058336357441e-09	-0.342777300819195	0.211	0.433	0.000146927140388543	-0.222	-1.26819562134285
RPS2	5.17149510839589e-09	-0.358352089346648	0.929	0.958	0.000151948869274888	-0.0289999999999999	-1.28196074817096
IFI27	5.35472382945211e-09	-0.512203511003451	0.096	0.283	0.000157332495556962	-0.187	-1.42622689113026
IL6	7.12095012911909e-09	-0.404581681291878	0.179	0.379	0.000209227756693777	-0.2	-1.32370503795365
LPP	7.43427491941032e-09	0.479967307817766	0.782	0.783	0.000218433865682114	-0.001	1.3947120611281
TNFAIP3	7.47329825201582e-09	-0.683798535663128	0.075	0.246	0.000219580449240729	-0.171	-1.60636365810204
CTGF	7.72421144451316e-09	0.474818519256807	0.243	0.081	0.000226952780662686	0.162	1.38974338904316
C8orf59	7.83203048214248e-09	0.451619305163435	0.318	0.126	0.00023012071962631	0.192	1.36757438410377
BTG2	8.92756562813117e-09	0.492146123198382	0.843	0.84	0.00026230973328575	0.003	1.40653565349786
FRZB	1.06148861539804e-08	-0.527850034820422	0.218	0.438	0.000311886584976251	-0.22	-1.44177899371226
GNG10	1.06547461364696e-08	-0.340311250760212	0.114	0.3	0.00031305775098175	-0.186	-1.26602970103159
CST3	1.10432711752288e-08	0.647662403482941	0.861	0.793	0.000324473393670573	0.0679999999999999	1.56662773373063
GAS1	1.1067573562299e-08	-0.312918660760448	0.096	0.273	0.000325187446407468	-0.177	-1.24221824346531
ACTA2	1.34459971549348e-08	0.416424230189043	0.932	0.963	0.000395070288406294	-0.0309999999999999	1.33461556097287
DNAJA1	1.61517998623747e-08	-0.477468817472187	0.725	0.833	0.000474572183556294	-0.108	-1.39229875904779
CIAO2B	1.61519552998135e-08	-0.325340463428949	0.111	0.288	0.000474576750619122	-0.177	-1.25296009137506
CKB	1.71270554310071e-08	0.512483620878831	0.707	0.653	0.00050322714267385	0.0539999999999999	1.42650383047703
YBX3	1.75919230022065e-08	-0.497963529106846	0.811	0.904	0.000516885881650832	-0.093	-1.41221870347292
TSC22D1	1.87594218705729e-08	0.570816710257993	0.825	0.798	0.000551189333401173	0.0269999999999999	1.48536419795228
LHFPL6	2.13350168318997e-08	0.584094274209792	0.689	0.515	0.000626865464554878	0.174	1.4990975584382
ADIRF	2.4214006390805e-08	-0.467797251804932	0.911	0.956	0.000711455935774633	-0.0449999999999999	-1.38299625688743
SOD2	3.33269080229081e-08	-0.827978733238508	0.496	0.581	0.000979211211529087	-0.085	-1.77519650618194
ATF3	4.50758807483776e-08	0.698196241900781	0.829	0.83	0.00132441952814883	-0.001	1.62247499252716
RPS17	4.5100191328299e-08	-0.442662098740946	0.625	0.736	0.00132513382160808	-0.111	-1.35910988029044
RPS5	4.90907370462229e-08	-0.309531706824607	0.921	0.943	0.00144238403589212	-0.0219999999999999	-1.239305360964
RPS23	5.10120668429874e-08	-0.296781655373495	0.957	0.958	0.00149883654798066	-0.001	-1.22840105406534
BAG3	5.24527763982585e-08	-0.624182572681833	0.314	0.505	0.00154116747613363	-0.191	-1.54133726020421
MINOS1	5.57610963400653e-08	0.507501553184535	0.396	0.195	0.0016383725326638	0.201	1.42158617196695
COL18A1	6.15425039882709e-08	-0.499765310968883	0.282	0.498	0.00180824185218337	-0.216	-1.4139835252502
PPP1R14A	6.26378515191065e-08	0.532760276208944	0.725	0.64	0.00184042535333439	0.085	1.44669447754456
FOS	7.41287433686191e-08	0.624279655746808	0.929	0.919	0.00217805073765677	0.01	1.54144098467545
LDLR	9.23795645276428e-08	-0.481848212681945	0.321	0.53	0.0027142963649512	-0.209	-1.39653159431987
MICOS13	1.50563600902803e-07	-0.461297812547033	0.129	0.308	0.00442385972172616	-0.179	-1.37677977805466
PLIN2	1.56209439164008e-07	-0.553772710535531	0.157	0.335	0.0045897457415169	-0.178	-1.4679193543857
FHL1	1.60602672738818e-07	0.471926387237359	0.739	0.7	0.00471882773041195	0.039	1.38696019840453
GABARAP	1.80314109650137e-07	-0.442280435170127	0.361	0.574	0.00529798916974032	-0.213	-1.35875037664788
RPL23A	1.98553331142004e-07	-0.304244478902898	0.929	0.961	0.00583389397561437	-0.0319999999999999	-1.23477183343009
RPL18	2.13661983860044e-07	-0.36070235643338	0.918	0.941	0.00627781640977581	-0.0229999999999999	-1.28405086809971
CRABP2	2.20061387710095e-07	-0.26038698722481	0.071	0.217	0.006465843693698	-0.146	-1.19779995831794
FKBP2	2.6042673289888e-07	0.485808401503997	0.318	0.143	0.00765185826603488	0.175	1.40037033101481
SEPT2	2.65781883951318e-07	0.461433913821187	0.375	0.187	0.00780920331425762	0.188	1.37690966712727
ZC3HAV1	2.6896223946539e-07	-0.640378174098055	0.45	0.65	0.00790264851997209	-0.2	-1.55873769816921
VIM	2.77860154713134e-07	-0.342566342804788	0.961	0.983	0.00816408706578131	-0.022	-1.2680101930553
RPL23	2.84061637146384e-07	-0.358293569104055	0.904	0.938	0.00834629902263507	-0.0339999999999999	-1.28190874887081
KRT19	3.10902512896834e-07	-0.456018099618144	0.107	0.273	0.00913493763393477	-0.166	-1.37175049805189
IER2	3.48202067265195e-07	0.519929304887512	0.85	0.82	0.010230873140386	0.03	1.43388498289328
MME	3.52635324901615e-07	0.40441193459071	0.154	0.037	0.0103611311162592	0.117	1.32354930071262
S1PR3	3.71078149004912e-07	-0.404644215058592	0.143	0.32	0.0109030181740623	-0.177	-1.32376241532981
ATXN7	3.78086752812604e-07	-0.355064627152304	0.071	0.219	0.0111089449711399	-0.148	-1.27904287616304
UBA52	3.84893640041574e-07	-0.350190678021677	0.864	0.899	0.0113089449317015	-0.035	-1.27472909449575
HSPE1	4.5002864556134e-07	-0.494293315929411	0.607	0.756	0.0132227416638833	-0.149	-1.4086305880486
EDIL3	4.53202115642506e-07	0.583799858387744	0.436	0.281	0.0133159845618081	0.155	1.49879166357073
C19orf70	5.00569713221801e-07	0.376032352786711	0.264	0.106	0.014707739313883	0.158	1.29776786937256
PSMA6	5.58060600196996e-07	-0.360122068377875	0.139	0.313	0.0163969365549881	-0.174	-1.28353449455744
TRDN	5.66687781790387e-07	0.669715488842276	0.243	0.099	0.0166504204045651	0.144	1.59075922595932
SRGN	6.05120629598606e-07	-0.78213606648112	0.189	0.335	0.0177796543388662	-0.146	-1.7196751544485
EGR1	6.34617371359371e-07	0.582020205874638	0.911	0.874	0.018646327605281	0.037	1.49694395231151
CDC42EP3	6.34938442991547e-07	0.570112092062185	0.311	0.148	0.0186557613319776	0.163	1.48463891709404
CPED1	6.36202969607643e-07	0.489058587104002	0.479	0.337	0.0186929156530118	0.142	1.40352872146169
TRAPPC5	6.58895863723824e-07	-0.336419016656752	0.107	0.268	0.0193596782679334	-0.161	-1.26261869410686
MYL9	6.64204768612559e-07	0.521234581881475	0.936	0.966	0.0195156645113742	-0.0299999999999999	1.43518287604076
MT1X	7.51330705062325e-07	-0.612638419928154	0.475	0.633	0.0220755987761412	-0.158	-1.52905300604156
MGP	7.89683921944328e-07	0.548913018892264	0.821	0.852	0.0232024929945682	-0.031	1.46298301376131
SLC25A44	8.31819631232486e-07	-0.404653704491213	0.1	0.254	0.0244405244048729	-0.154	-1.32377112250298
FAM129A	8.76685700610032e-07	0.495648811791423	0.307	0.14	0.025758779255324	0.167	1.40995470031966
THBS1	9.10263885877498e-07	0.353050200638749	0.596	0.687	0.0267453734948527	-0.0910000000000001	1.27725820244933
CCL2	1.01485005947674e-06	0.297664807469163	0.432	0.591	0.0298183244475456	-0.159	1.22915325536544
HSP90AB1	1.04592264432107e-06	-0.329860570714639	0.946	0.958	0.0307312991354416	-0.012	-1.25689189631432
MT1A	1.11127837357158e-06	-0.537806948024869	0.482	0.677	0.0326515811722801	-0.195	-1.45176400138178
NEXN	1.26609588732214e-06	0.279813803982328	0.636	0.667	0.0372004293612991	-0.031	1.21403818900385
RRBP1	1.35049010113398e-06	-0.42280876044477	0.279	0.47	0.0396801001515187	-0.191	-1.34053488230738
WISP2	1.41443316388091e-06	0.479967417052043	0.157	0.042	0.0415588752211489	0.115	1.39471216672933
GSTM5	1.42153713629405e-06	-0.412510496183314	0.179	0.352	0.0417676041385919	-0.173	-1.33099993074524
