	p_val	avg_log2FC	pct.1	pct.2	p_val_adj
RPL17	6.02562934404937e-11	-0.860022759271608	0.863	0.95	1.77045041386859e-06
SEPT7	2.63939172558096e-09	1.23934011891433	0.55	0.155	7.75506076810198e-05
MICOS10	7.94494604270684e-09	-1.3126126628664	0.325	0.646	0.000233438404626812
ID1	2.4741802449967e-08	1.10012054097631	0.7	0.342	0.000726963639584931
EEF1G	4.57657531735899e-08	-0.732128785386249	0.425	0.801	0.00134468935974642
SEPTIN7	5.99213943069975e-08	-0.932863706834287	0.388	0.752	0.0017606104075282
ADRA2C	6.38994719828377e-08	0.582246165908343	0.338	0.056	0.00187749428579974
RBM4	1.05148567751331e-07	-0.687059518740694	0.35	0.553	0.0030894752176696
SEPT6	1.75208869936409e-07	0.844832160570495	0.412	0.099	0.00514798701647157
FAM129A	2.87841378765052e-07	0.676880566841187	0.338	0.062	0.00845735539087477
NME2	3.02082809300072e-07	-0.932744111534809	0.35	0.696	0.00887579710285472
MIF	3.50787785959662e-07	-0.79616864496867	0.537	0.851	0.0103068467270668
DNAJA1	4.02463151045422e-07	-0.655491130987739	0.863	0.981	0.0118251723040166
GAS5	5.49114020871692e-07	-0.801239423659851	0.35	0.702	0.0161340681612521
RPL10	1.20842004222279e-06	0.363882298921689	1	1	0.03550579768059
CCN2	1.38547011260042e-06	-0.972061960243628	0.038	0.298	0.0407078828484254
NEAT1	2.5973502691457e-06	-0.711580007031694	0.963	0.969	0.076315345608039
C9orf3	2.62296081333916e-06	0.544081416074306	0.262	0.037	0.0770678346175311
IGKC	3.08051834272154e-06	0.512765507230755	0.225	0.025	0.0905117899458443
UBB	3.15703460000832e-06	-0.520680996241829	0.975	0.969	0.0927599906174446
IGLC2	5.88993459949085e-06	0.603702416649464	0.188	0.012	0.17305805840224
RNASEK	7.69792979556099e-06	-0.777251548025613	0.375	0.665	0.226180573253173
SEPT9	8.38891561302216e-06	0.501663154134779	0.275	0.05	0.246483118541817
SEPT2	8.49452955753345e-06	0.579217683479542	0.338	0.087	0.249586267459448
RARRES3	9.11052940654395e-06	0.653062632698092	0.375	0.112	0.267685575023074
SEPTIN2	9.52812062436288e-06	-0.757349442336373	0.275	0.54	0.27995524018503
SFPQ	1.07942861728807e-05	-0.532743744401072	0.838	0.882	0.317157716331579
IGHA1	1.08818930558065e-05	0.257542119420038	0.112	0	0.319731781765705
FKBP2	1.16765895074075e-05	0.550193371812442	0.35	0.093	0.343081552906647
RPS17	1.16935896360289e-05	-0.569671951711459	0.7	0.919	0.3435810506858
RPL37A	1.36917781234126e-05	-0.316001363647898	1	1	0.402291824822109
CLEC2D	1.57967535973201e-05	0.680639532507496	0.6	0.286	0.464140214196458
ID3	1.61297444516261e-05	0.916761138148785	0.8	0.59	0.473924151477678
SNHG29	1.87387829768185e-05	-0.619166580535636	0.362	0.677	0.550582921424881
CXCR4	1.90641555974064e-05	0.631588652966414	0.975	0.863	0.560143019762995
HSP90AA1	2.0978306198029e-05	-0.576365256925215	1	1	0.616384592710488
TLE1	2.34652730647828e-05	-0.746955155455829	0.238	0.466	0.68945665318945
NR2F1	2.36518397453469e-05	-0.765852609134342	0.5	0.596	0.694938355397782
CD2	2.37033464339781e-05	0.361236145833032	0.825	0.534	0.696451724923146
CD3E	2.50942645289392e-05	0.5187280519512	0.6	0.292	0.737319680389293
RESF1	2.99579759960817e-05	-0.880824904277996	0.3	0.484	0.880225250716872
SKAP1	3.00557186666329e-05	0.563141428121722	0.512	0.224	0.883097125863007
SAMSN1	3.0607573694878e-05	0.669497265978248	0.713	0.416	0.899311730302906
TSR3	3.09459500919033e-05	0.266420000435113	0.4	0.161	0.909253905600303
PTP4A1	3.28389358014674e-05	0.416314248523043	0.238	0.043	0.964873611718716
VEGFB	3.28860723851076e-05	0.47636603802903	0.537	0.242	0.966258578819232
MEG8	3.93871829096396e-05	-1.38434813964047	0.138	0.36	1
GPRC5A	4.35478044108997e-05	-0.696209101613929	0.275	0.441	1
KLF9	5.06150473489881e-05	-0.723989251472851	0.575	0.801	1
ARID5B	5.59568405493435e-05	-0.742198418902491	0.738	0.807	1
ARL6IP1	6.32261548584969e-05	-0.642972981493218	0.588	0.745	1
LINC-PINT	6.78435774581077e-05	-0.696732160249959	0.325	0.615	1
EIF4A1	7.62335672075995e-05	-0.669421069243153	0.725	0.826	1
C6orf48	7.95669145454887e-05	0.512352064231233	0.312	0.087	1
ATP6V0C	8.23969406336917e-05	-0.698738554420724	0.3	0.547	1
STK17B	8.33056078478295e-05	0.407421683856866	0.85	0.584	1
CCN1	8.80008498529764e-05	-0.96901002225127	0.262	0.484	1
S100A4	9.79906437099862e-05	0.528067191587662	0.963	0.938	1
HSPE1	0.000108442402369528	-0.700250029859033	0.775	0.901	1
PTGDS	0.000109456611935679	-1.12134552785029	0.5	0.72	1
HLA-C	0.000111413107620361	0.406437199243746	0.963	0.969	1
OGN	0.000123010608170967	-0.978502220244238	0.475	0.658	1
ITGA1	0.000125543143899731	0.526536415804199	0.425	0.168	1
BRD2	0.000127252254131885	-0.56478243705897	0.775	0.876	1
PTPRC	0.000131069649141077	0.588175450554862	0.925	0.832	1
GZMK	0.000137890722058664	-0.393382266272698	0.225	0.478	1
LINC01871	0.000140974611580096	0.499413722548731	0.6	0.317	1
TNFAIP2	0.000145535752733839	-0.592921788997282	0.075	0.261	1
CYR61	0.000148892370693763	0.566152467834427	0.288	0.087	1
SFRP4	0.00015135212016564	0.51249521009407	0.6	0.758	1
SOD2	0.000153959127236302	-0.978518114221781	0.562	0.72	1
TOB1	0.000159387961458088	0.560360913141144	0.775	0.516	1
SEPTIN11	0.000190249703652044	-0.434459242891011	0.112	0.236	1
STAT4	0.000193758118990488	0.284657742114199	0.562	0.304	1
ABHD5	0.000214499171775643	-0.511526633649235	0.175	0.354	1
CD96	0.000221046363093303	0.478118330594618	0.6	0.323	1
RPS21	0.000225617088794269	-0.266868158007512	0.988	0.994	1
ICAM4	0.000232169229177182	-0.356193355905467	0.013	0.161	1
ANKRD12	0.000278796545765184	0.390543343430471	0.912	0.696	1
RGS19	0.000284447881034195	0.346910340646447	0.175	0.025	1
MIR22HG	0.000290218589108866	-0.595256576258211	0.412	0.509	1
CYBC1	0.000322752688495494	0.344823936908491	0.212	0.043	1
SNHG6	0.000332811556525559	-0.400142177134964	0.412	0.677	1
KLF10	0.000336736798329677	-0.590529857725985	0.462	0.559	1
PDLIM2	0.000343934377090099	0.322685897582897	0.475	0.23	1
AAED1	0.000355667538940906	0.431584229393325	0.212	0.05	1
PGM5	0.000378462272161554	0.356732358411052	0.35	0.13	1
MUSTN1	0.00038216468459764	-0.999698314384013	0.1	0.211	1
HIST1H1D	0.000392119070590448	0.650483460117431	0.375	0.149	1
PTBP3	0.000398792896998986	0.309015452368279	0.55	0.304	1
TXNIP	0.000400433388159603	0.808951680697542	0.938	0.789	1
LRRC17	0.00040071773935161	-0.631706549275765	0.125	0.298	1
CHCHD10	0.000427883478228797	0.286308221438272	0.6	0.354	1
PDE4D	0.000433770944103006	0.662843474690811	0.512	0.267	1
AOPEP	0.000438447500565914	-0.594358180556962	0.125	0.292	1
PLA2G16	0.000446489215365099	0.277094444785487	0.225	0.062	1
ABCB1	0.000452627469647623	0.464419713280244	0.325	0.112	1
KLF2	0.000459493319489732	0.587749173526759	0.838	0.708	1
RPL18	0.000488218390000628	-0.322954341184682	0.975	1	1
KIAA1551	0.000503958565100706	0.469277843486799	0.325	0.118	1
ADAMTS4	0.000507842817214552	-0.734751427450334	0.275	0.354	1
CLU	0.000509897014014017	0.808696022844418	0.713	0.596	1
NFE2L2	0.000511953886065761	-0.480358462416574	0.738	0.826	1
SOX4	0.000515496192090185	-0.866847386359148	0.275	0.478	1
ZFP36	0.000520354271015228	0.564744426377931	0.975	0.925	1
PERP	0.000525168938388451	0.307394410269947	0.375	0.161	1
AP3S1	0.000545177960674269	0.431884500839877	0.512	0.273	1
MUC20-OT1	0.000545196601534079	0.419004276722398	0.225	0.056	1
IRF1	0.000548935948121339	-0.625339667415532	0.725	0.863	1
NFKB1	0.000561743849688644	-0.553845929697683	0.212	0.46	1
MUM1	0.000578516675805566	0.266472541839582	0.15	0.019	1
SQSTM1	0.000594569139267857	-0.538251729962705	0.75	0.832	1
LGALS3	0.000595079468323722	0.299387736448671	0.925	0.727	1
SLC16A9	0.000620006923282887	-0.393065049813904	0.05	0.205	1
MT-ND1	0.000624126710866433	0.345501417758176	1	1	1
NDUFB1	0.000624863972050794	-0.308607115694106	0.6	0.584	1
TROVE2	0.000633193808824612	0.433159959765023	0.25	0.068	1
BAZ1A	0.000635464805061136	-0.557940107983539	0.275	0.472	1
IGF1	0.000677490915892818	-0.810915873158071	0.288	0.472	1
METTL5	0.000680203593455673	0.36612680346333	0.362	0.143	1
CAPG	0.000696841433179003	0.380315205871458	0.362	0.143	1
ARL2	0.000712261503140433	0.352478334903773	0.488	0.242	1
POLR2J3.1	0.000737651390669928	0.306410638802858	0.162	0.025	1
RPL36A	0.000751316027722833	-0.361919239164446	0.887	0.975	1
KPNA2	0.000763010561837378	-0.559963262609759	0.2	0.373	1
MT2A	0.000776264286753338	-1.15107504532854	0.588	0.727	1
GABARAP	0.000786533863980686	-0.47978570494776	0.475	0.714	1
CAST	0.000789749017174789	0.570100934924641	0.838	0.665	1
B2M	0.000795586955137112	0.324420350182947	1	1	1
KLHL15	0.000802050575131074	-0.344781035926279	0.15	0.205	1
CD151	0.000862683205039539	0.410760546318767	0.575	0.323	1
CEBPD	0.000905378720095736	-0.598555878198353	0.863	0.938	1
S100A10	0.000913275420980261	0.606975132753587	0.912	0.739	1
AES	0.000942485965901039	0.463334146715336	0.312	0.112	1
TSC22D3	0.000986049116155565	0.348888280150632	0.963	0.82	1
RPGR	0.00100196313922634	0.436362518723296	0.262	0.081	1
NIBAN1	0.0010045089722574	-0.584158786881762	0.1	0.261	1
SNHG32	0.00101602520985301	-0.592509230284588	0.312	0.497	1
NCBP2-AS2	0.0010343513883038	0.261086762920802	0.125	0.012	1
AMD1	0.0010497847932354	-0.343556411555181	0.738	0.702	1
KLF13	0.00107431162887841	0.342413117441425	0.575	0.329	1
RBM25	0.00109400734468413	-0.459880738739931	0.75	0.795	1
MRPS24	0.00110851583262141	-0.484265708406919	0.2	0.298	1
RABGEF1	0.00111856209183686	-0.363089812606886	0.075	0.236	1
PDE4C	0.00112229884620786	-0.333661683679427	0.025	0.174	1
COL6A3	0.00112545789261991	-0.592600579740305	0.475	0.565	1
PDLIM1	0.00112873043565529	0.269535472130842	0.45	0.236	1
MAFF	0.00114387076373142	-0.48196565741018	0.688	0.801	1
GNLY	0.00118915901757958	1.58818131241662	0.275	0.124	1
BMI1	0.00121144382757264	-0.457972286746364	0.088	0.273	1
HADHA	0.00124453934818763	0.299408099716439	0.675	0.429	1
OAT	0.00125659359205241	-0.478052083094115	0.325	0.565	1
STUB1	0.00128450648381654	0.257965382084024	0.562	0.342	1
CD3D	0.00131355423450614	0.39822477371192	0.75	0.509	1
FAM96B	0.00131945757658013	0.40391772624647	0.288	0.099	1
RPL23	0.00134770980618284	-0.272022410367636	1	0.981	1
ADGRL3	0.0013490273147715	0.531861586292684	0.125	0.068	1
PLPP1	0.00138673219817386	-0.387905987227087	0.288	0.304	1
RPS6KC1	0.00139486953880736	0.325715326060084	0.188	0.05	1
BOLA1	0.0013952568302705	0.267945822903046	0.188	0.043	1
UBE2E1	0.00139638975114836	0.379141185625694	0.275	0.093	1
CTSA	0.00139797257776183	0.286308508258645	0.3	0.112	1
FGD3	0.00143967074878885	0.271970150300388	0.25	0.081	1
CPXM1	0.00146041331312064	-0.408712353409634	0.075	0.242	1
CD37	0.00152836971070853	0.323967901537577	0.613	0.373	1
SOX18	0.00153987791122251	0.664820656719144	0.1	0.019	1
CHD2	0.00154395563971502	-0.468141795415193	0.537	0.658	1
RAP2C	0.00154768798449805	0.320717318638467	0.2	0.05	1
CMC2	0.00154873132149547	0.283563595971823	0.312	0.124	1
LINC00623	0.00158227470851815	0.278809164747816	0.4	0.199	1
RPL37	0.00158434573337541	-0.252615314723566	0.988	1	1
PPP4R3B	0.0015923713375176	0.346783560127119	0.45	0.224	1
H2AFX	0.00161457443178981	-0.343685093040967	0.438	0.447	1
ISCU	0.00175485713511616	0.390892541716412	0.713	0.484	1
PRDM2	0.00177186068861222	-0.305093155340006	0.45	0.484	1
SSSCA1	0.00177290624751969	0.266159136014576	0.15	0.025	1
NOSTRIN	0.0017996034682079	0.305322432701323	0.15	0.025	1
FOS	0.00180878924319147	0.311822430468744	0.975	0.957	1
THSD4	0.00182874715398741	-0.482323750538301	0.1	0.211	1
SEC61G	0.00190412987687072	-0.475975646292621	0.537	0.696	1
REPS1	0.00192194810564685	0.289022968011859	0.188	0.05	1
RBM39	0.00196653033431226	-0.367023686760574	0.938	0.963	1
DZIP1	0.00199158766118308	0.274003760473472	0.188	0.043	1
MRPL57	0.00203968622672279	0.256306234531512	0.588	0.366	1
RAD21	0.00205248535566552	0.256873681172275	0.65	0.422	1
EIF5	0.00206150816247953	-0.385545276700174	0.762	0.783	1
SMARCE1	0.00209497504413973	-0.33042517388458	0.462	0.472	1
PSMD9	0.00212255533566337	-0.30865874671673	0.2	0.273	1
AUTS2	0.00217536122549087	0.28540286926121	0.388	0.18	1
CD69	0.00221776184341541	0.595371568769965	0.787	0.621	1
ATXN3	0.00221969823547677	0.307776920492317	0.312	0.124	1
RGCC	0.00222135809615602	0.756002267178296	0.65	0.422	1
SMIM10L1	0.00226891658441982	0.353164465580393	0.35	0.149	1
DUSP1	0.00227756403655038	0.406766322499694	0.95	0.938	1
LDLRAD4	0.00228940975636112	0.530174049662111	0.312	0.124	1
BTBD6	0.00229074017017711	0.349338592111605	0.25	0.081	1
SEMA4A	0.00240573567055084	-0.570020100269946	0.162	0.354	1
KCNQ1OT1	0.00244442656808556	-0.944833156017779	0.6	0.696	1
ATXN7	0.00248917313453029	-0.469015489595887	0.175	0.373	1
DIPK2A	0.00256071391952581	-0.337330035888267	0.025	0.155	1
ALG13	0.00257316216452776	0.444254368048754	0.438	0.224	1
DDX39B	0.00264403823948618	-0.469789449011502	0.362	0.528	1
LINC01578	0.00265631244030017	-0.500132855659716	0.362	0.596	1
RPS11	0.00265695044731883	-0.274809482096908	0.975	1	1
PCBP1	0.00266008471777464	-0.412132367614458	0.675	0.752	1
TOP1	0.00269574969908353	-0.271035769946767	0.613	0.59	1
C8orf59	0.00272990463278848	0.401619144826235	0.275	0.099	1
TIPARP	0.00276975921684023	-0.462340754920949	0.762	0.807	1
LDHA	0.002788991287876	-0.286652391873084	0.863	0.795	1
IQCB1	0.00282432569398031	0.376591210389626	0.275	0.099	1
NDUFA13	0.00286771141911372	-0.383861090488206	0.75	0.783	1
LITAF	0.00287886767066676	-0.522410483812688	0.637	0.739	1
PBX1	0.00291366147580213	-0.468662099325649	0.65	0.776	1
UBE2V1	0.00300088002558884	-0.435736446779142	0.3	0.466	1
COTL1	0.00308327345531286	-0.421854333553875	0.388	0.429	1
CALR	0.0031838589858318	-0.371607428869016	0.787	0.82	1
DHRS7	0.00321263197375045	0.387211449318956	0.7	0.472	1
YBX3	0.0032250716858276	-0.39914521578861	0.787	0.87	1
SNHG16	0.00328895238308293	-0.475959597860578	0.15	0.304	1
ANKRD29	0.00342650886854033	0.351178592420013	0.212	0.062	1
JUNB	0.00345084731911269	0.348484013222847	0.988	0.975	1
ANP32A	0.00348621835637007	0.334447698927376	0.45	0.236	1
IQCG	0.00349482199540369	-0.440545423576795	0.05	0.186	1
SPRY1	0.00350669675604516	0.322413318408631	0.662	0.447	1
CSNK1A1	0.00357661226402333	-0.308478539884353	0.738	0.739	1
DBNDD2	0.00358430882513266	-0.3622790011395	0.075	0.143	1
HSPA6	0.00361456584938297	-0.75008775301828	0.075	0.242	1
WTAP	0.00363967272762759	-0.298272157141974	0.537	0.54	1
MIGA1	0.00370080627930635	0.296202060471528	0.325	0.143	1
SESTD1	0.00374265967929005	0.265416529735708	0.25	0.087	1
EIF3H	0.00381143675372152	0.293636345996766	0.863	0.671	1
MCC	0.003815757930431	-0.405979623825081	0.088	0.242	1
ERBIN	0.00383208584573046	0.445961179184932	0.412	0.211	1
PPP1R7	0.00389951008471745	0.258614856101039	0.35	0.168	1
IGFBP6	0.00398073005730106	0.910427424283426	0.637	0.534	1
MAP1LC3B	0.00406819612482793	-0.403480367737165	0.675	0.696	1
EZH1	0.00408432152337994	0.354056498603099	0.3	0.124	1
MINOS1	0.00426181802691136	0.375055329351754	0.3	0.124	1
ETFA	0.00426306373905128	0.340345737383949	0.338	0.149	1
ANKRD44	0.00440541425786267	0.373010209590835	0.5	0.286	1
CCL2	0.00442127288820461	-1.21477284714684	0.25	0.416	1
C19orf70	0.00445420909457459	0.37889208112234	0.238	0.081	1
JAGN1	0.00454318744634959	0.288593711688358	0.238	0.081	1
GLIPR1	0.00455724641773023	0.397954802223966	0.625	0.41	1
MAPK6	0.0045588885331198	-0.384886321497753	0.088	0.255	1
OXNAD1	0.00460210935744471	0.465037115262952	0.338	0.161	1
PLAUR	0.00461680479550889	-0.424373644607987	0.1	0.267	1
NBL1	0.00463652800277505	-0.300473825775354	0.662	0.602	1
FAM174C	0.00467236883869457	-0.31112097856509	0.1	0.193	1
HYAL2	0.0046911322456977	0.478925806680588	0.225	0.075	1
MRPL3	0.00474006392351544	0.252402317155794	0.388	0.199	1
ZNF518A	0.00485838148412384	0.364502073744423	0.262	0.106	1
NECTIN2	0.00489800937333177	-0.31898467484775	0.112	0.292	1
C2orf40	0.00495153101507509	1.1340628231762	0.162	0.043	1
NDUFB3	0.00499119341539181	0.357029490214791	0.45	0.242	1
SELE	0.00500871137649138	1.37998629873418	0.138	0.037	1
CBX7	0.0050128533009629	0.256417315508628	0.325	0.149	1
WDR45B	0.00509164005815828	-0.815436844743235	0.362	0.447	1
SNHG5	0.00516129525325946	-0.585548556517623	0.388	0.596	1
NCAM1	0.00523892818730095	0.38226796826554	0.338	0.155	1
YIF1A	0.0053921167691452	-0.263543549395534	0.212	0.267	1
ZFP91	0.00546869312076288	-0.321778246975982	0.212	0.292	1
CEBPB	0.00559602817265152	-0.583321758732747	0.825	0.863	1
CHRDL1	0.0056225397979185	0.63204680781597	0.225	0.106	1
ANXA1	0.00572164455136267	0.531173834462291	0.9	0.745	1
BTG1	0.00580219153367225	0.297761141606994	0.975	0.994	1
HIST1H4C	0.00585623420349872	0.27728784776092	0.738	0.528	1
CIB1	0.00618664791664615	0.292728415421948	0.613	0.398	1
ANKRD11	0.00620785220779756	-0.471873313793085	0.6	0.714	1
CPED1	0.00621944667991467	0.392426012480124	0.338	0.155	1
COL5A1	0.00622073320730104	-0.329172628459222	0.188	0.248	1
AFF3	0.00622266235181273	-0.354163517314715	0.062	0.186	1
RPS27	0.00623721424400405	-0.260616945403994	1	1	1
OVGP1	0.00628740006041777	-0.28042662585467	0.013	0.118	1
ROMO1	0.00636000571280859	-0.367039753002628	0.475	0.584	1
NDUFC2	0.00648909854770415	0.288855525075371	0.738	0.528	1
LETMD1	0.00654040963515069	0.253156965382921	0.25	0.093	1
AFDN	0.00665647506293463	0.29599466465944	0.375	0.186	1
TMTC2	0.00666503998603536	0.281033634547804	0.138	0.031	1
NUFIP2	0.00666832053997808	-0.317307246447552	0.588	0.596	1
RAB3IL1	0.0066905324873739	-0.258572596669608	0.025	0.143	1
PDE8B	0.0067972321549425	-0.318447366899144	0.1	0.168	1
IL7R	0.0068071707006551	0.78267525891045	0.625	0.453	1
SH3BGRL3	0.00689818343772209	0.443580427983812	0.887	0.807	1
GATA6	0.00700470185660436	-0.317368650134988	0.075	0.23	1
ARF4	0.00703502258565094	-0.323449342668309	0.575	0.602	1
SPRYD3	0.00711915773738695	0.277480906889481	0.2	0.062	1
PEG3	0.00725219538634706	-0.498725500198411	0.362	0.46	1
CYTIP	0.00730906837716575	0.437287967340665	0.525	0.317	1
COL4A3BP	0.0073782597428697	0.263074805579985	0.175	0.05	1
EIF4A3	0.00745654047523263	-0.339719260936544	0.637	0.727	1
ARHGEF6	0.00763959215577626	0.291017072940812	0.275	0.112	1
WDR60	0.00764119063269764	-0.333599726140525	0.125	0.205	1
AC097376.3	0.00766307985989058	-0.334379797312731	0.05	0.137	1
H2AFY	0.00768153624696426	-0.266937742034117	0.325	0.323	1
RAP2B	0.00770527041716045	-0.406823759466209	0.138	0.292	1
CIRBP	0.00776428584164569	-0.379003993675417	0.875	0.925	1
DPP8	0.00778837702562949	0.27607461839862	0.238	0.087	1
PPP1R15A	0.00781218057455096	-0.260597109808021	0.875	0.975	1
COL3A1	0.00786654739178008	-0.588558462634157	0.438	0.484	1
SPTY2D1	0.0078983291604149	-0.361597000906313	0.475	0.503	1
EIF3J	0.0079124340664322	-0.43507125940721	0.425	0.534	1
GTF2B	0.00804723460193311	-0.307627932764306	0.537	0.497	1
SERTAD1	0.00805046543222671	-0.39580336671547	0.662	0.702	1
RGS14	0.0081005213774962	0.295919486139766	0.15	0.043	1
PANK2	0.00810544330461146	0.265555063223429	0.188	0.056	1
CRISP3	0.00813284391277913	-0.335120401791444	0.025	0.118	1
ERAP1	0.00827404933437464	0.25534980038564	0.225	0.081	1
RNGTT	0.0082952972850973	0.388488344517669	0.175	0.05	1
OCIAD1	0.0083621890165923	0.295889974294809	0.7	0.497	1
ANGPT2	0.00842526874623931	0.26347991742743	0.138	0.031	1
ARHGAP15	0.0085909440781537	0.46480895764107	0.362	0.18	1
CCT3	0.00867167683175614	-0.255830945542277	0.412	0.385	1
DENND10	0.00875637829153829	-0.275033887277714	0.05	0.13	1
ATP1B3	0.00881842551395171	-0.442890066810745	0.775	0.764	1
DENND1B	0.00884642654509021	0.278754128369977	0.188	0.068	1
EXOG	0.0089179730534416	0.250442178462376	0.175	0.05	1
PHF3	0.00899824305971661	0.440639302638121	0.662	0.472	1
SEPTIN6	0.00900950047266074	-0.459961394661937	0.238	0.398	1
WAPL	0.00912637209977962	0.355794487659215	0.412	0.224	1
RORA	0.00921544125980703	0.372895156878971	0.738	0.54	1
TGFBR3	0.0092714448034064	-0.337368153858676	0.362	0.404	1
CREM	0.00927731574729162	-0.497459433127484	0.812	0.901	1
ERVK3-1	0.00941107819364914	-0.268976083246334	0.225	0.298	1
SMAD3	0.00941886054738588	-0.35893290697697	0.088	0.242	1
ODF2L	0.0094476834717034	0.464751164397885	0.475	0.28	1
SLFN5	0.00958984526280626	0.333155537902471	0.525	0.323	1
C11orf54	0.00960389790072837	-0.307062620196563	0.038	0.143	1
ZMAT2	0.0096044679180562	-0.338015207995574	0.312	0.36	1
DNAJB6	0.00966763613110769	-0.399707334493114	0.675	0.714	1
BCL11B	0.00974543200921622	-0.533164765695523	0.388	0.553	1
EEF2	0.00975491230930325	-0.283470567642944	0.875	0.882	1
TUBA4A	0.00975947428526565	-0.327340585633113	0.425	0.429	1
SNHG1	0.00978793641081306	-0.357840727625599	0.075	0.224	1
INPP5K	0.00980073311840688	0.276879527909812	0.162	0.043	1
ZNF708	0.00984497409696135	0.255661377508249	0.25	0.099	1
COL27A1	0.00995576974809321	-0.289165687021402	0.05	0.174	1
DPT	0.0101883691651359	-0.287608027032147	0.212	0.404	1
CRIP1	0.010206121421265	-0.734443230705187	0.575	0.727	1
HSP90AB1	0.0102202066192084	-0.291711704049842	0.988	1	1
C19orf24	0.0102225059274142	0.255663552569593	0.138	0.031	1
CD9	0.0102292547806833	0.429810653793031	0.45	0.255	1
KIAA0232	0.010281716197723	0.364621301653015	0.338	0.168	1
MAPK3	0.0107419991669034	0.271102170694165	0.262	0.112	1
ZNF683	0.0107520666208579	0.268379322139281	0.138	0.031	1
CST3	0.0107668045688209	0.502036420995394	0.887	0.783	1
LINC00632	0.0108009271125293	-0.251181827353781	0.013	0.106	1
ZNF655	0.0108563877683534	-0.281596660708273	0.262	0.311	1
ECRG4	0.0108758642497149	-0.582362635878176	0.025	0.106	1
XCL2	0.0109737855579423	-0.757722813153618	0.162	0.342	1
ITGAE	0.011000885311845	-0.295500489009444	0.1	0.199	1
DIXDC1	0.0110554425844268	0.323661431281943	0.35	0.174	1
FOXO3	0.0110753216023483	-0.433379364447497	0.225	0.373	1
USP34	0.01109573006101	0.436827632747967	0.613	0.416	1
NARS	0.0111179559677259	-0.270924089918018	0.275	0.335	1
SNHG17	0.0111231398169734	-0.267234500608135	0.038	0.124	1
PRKAG2	0.0111826145186633	0.447791273508359	0.262	0.137	1
MRPS36	0.0112666339170304	0.41512083871153	0.412	0.23	1
SFRP1	0.0112681345569101	-0.645972746252727	0.512	0.646	1
ARHGAP29	0.0112708521086472	0.387682813083898	0.275	0.118	1
TMEM131	0.0113059617037738	0.367106662690284	0.375	0.211	1
VPS13C	0.0113556309969893	0.346454301644805	0.65	0.447	1
ELOC	0.0113810683628994	-0.28870778755988	0.537	0.491	1
PLAAT3	0.0114534539772707	-0.384264159632252	0.112	0.242	1
RSL1D1	0.01167912637515	-0.26218078328535	0.625	0.64	1
MRPS22	0.0117395058281831	-0.303736256407951	0.162	0.273	1
PIM1	0.01183451708045	-0.50414890109324	0.15	0.298	1
FRG1	0.0122394077831329	-0.295016741197578	0.388	0.422	1
SLC25A44	0.0122787009763623	-0.399669771590308	0.112	0.267	1
EIF1	0.0123314243842415	-0.25168392505136	1	1	1
NXF1	0.0127636226671735	-0.351496516369144	0.112	0.267	1
PHF10	0.0127825723829187	-0.252161737243819	0.212	0.248	1
MAD2L2	0.01278827072424	0.2576238057153	0.188	0.068	1
PLEKHG2	0.0128097172638612	-0.272723769955414	0.038	0.149	1
OSTF1	0.0128375790632255	0.403445091337291	0.35	0.186	1
BNIP3L	0.0129379274663088	-0.278960397327237	0.462	0.497	1
BAG3	0.0130179526705063	-0.45721092998955	0.288	0.422	1
MYO5A	0.0130615958878977	0.33726973682267	0.188	0.062	1
FTL	0.0135177327196297	-0.399879496787475	0.988	0.994	1
KDM5B	0.0135231045010692	-0.38842277625331	0.275	0.391	1
ATM	0.0135694364976219	0.426230698593517	0.512	0.323	1
PENK	0.0139502960803496	-0.402440271201004	0.038	0.13	1
FAM89B	0.0141457650244539	0.324751696241828	0.338	0.174	1
SKAP2	0.0142853739385285	0.27630539741831	0.312	0.149	1
DAP	0.0143315489845906	0.251904110996176	0.312	0.149	1
SMAD9	0.0145207885626033	0.407289231095676	0.212	0.081	1
ZFC3H1	0.0146589110765939	0.458388834714484	0.375	0.199	1
NT5E	0.0147234468722513	0.42252364207211	0.3	0.143	1
SLC25A33	0.0149133888524457	-0.278532882574312	0.112	0.186	1
SEC14L1	0.0149286281438831	-0.294865300402768	0.225	0.255	1
COL15A1	0.0150977219713503	-0.320620677133361	0.125	0.211	1
RB1CC1	0.0151245027208796	-0.300342682537017	0.475	0.491	1
DYNLL1	0.0151853069161281	-0.354169855936023	0.925	0.919	1
ZFP36L2	0.0153319856478631	0.40646028971731	0.975	0.938	1
VAT1	0.0154081541774083	0.447287565278976	0.238	0.137	1
LPXN	0.0154575201692077	0.275239364811154	0.225	0.087	1
MTRF1L	0.0155529579316336	0.259046347883402	0.225	0.087	1
RBM27	0.0156252489431714	-0.409048884807245	0.175	0.298	1
GSTM3	0.0157069750692033	-0.417215353348692	0.188	0.354	1
C2orf49	0.0157523476650333	-0.254092940879604	0.2	0.267	1
CASP4	0.0158407113580665	0.378564934903634	0.388	0.211	1
DDX24	0.016037265124142	-0.343056458583339	0.875	0.944	1
ARL5A	0.0161928343918971	-0.309518002455998	0.138	0.292	1
ANK2	0.0164921909293129	-0.518811920438317	0.212	0.348	1
CERT1	0.0165387190268368	-0.378049564270341	0.15	0.292	1
MGAT2	0.0165588555647837	-0.359708098741471	0.075	0.205	1
NCOR1	0.0170701187193126	0.268395768812057	0.7	0.509	1
GZMA	0.0171169527830938	-0.564729229990533	0.362	0.516	1
WIPF1	0.0177088199763474	0.403316901615385	0.588	0.398	1
YWHAE	0.0177461481737654	-0.324895477429192	0.613	0.72	1
COL1A1	0.0177710007750354	-0.400477909725584	0.512	0.547	1
ATP1B2	0.0178913719975298	-0.283845626763107	0.138	0.217	1
ATP11C	0.0182530750463006	0.263428606284303	0.212	0.081	1
HELB	0.0182940005056251	0.271087136511032	0.212	0.081	1
PLAAT4	0.0182990269437456	-0.383905757708977	0.362	0.472	1
CYFIP2	0.0184012149581963	0.369337666937612	0.275	0.143	1
MYL12A	0.0184095932478003	0.309112335925237	0.912	0.839	1
CASP1	0.0185645700666087	0.344853044421067	0.175	0.062	1
AC007952.4	0.0187689632729801	0.275901667072815	0.312	0.155	1
PTPRE	0.0188757542129709	0.361903275704596	0.2	0.081	1
KLHL23	0.0190082827109995	-0.386348858653507	0.15	0.255	1
PRKCQ	0.0190579594076303	0.273569450600114	0.15	0.043	1
HSPH1	0.0190666940694252	-0.506454391442494	0.525	0.658	1
CYP51A1	0.0190856920474669	-0.359979697729907	0.15	0.292	1
FAM118A	0.0192160447538207	-0.390026085894971	0.188	0.335	1
CKLF	0.0192638124781008	0.363629736389512	0.537	0.348	1
CYB5A	0.0194572507144593	0.312227542032061	0.412	0.236	1
QPRT	0.0194904648630716	-0.260556193244984	0.238	0.311	1
HOPX	0.0197637581815318	0.358675381298065	0.462	0.28	1
GRN	0.0201531452144738	0.321020413812073	0.25	0.112	1
JMY	0.0203819399809812	-0.400969497088846	0.312	0.366	1
AC006115.2	0.020502092512001	-0.360175004815841	0.162	0.224	1
MT-ND6	0.0205808650154393	0.462069112307484	0.675	0.491	1
TEAD1	0.021178874825157	-0.326659776027859	0.162	0.292	1
TLE4	0.0212372447404555	-0.415077540720866	0.375	0.497	1
KIAA0825	0.0213126689912662	0.47472953853656	0.112	0.025	1
SNHG7	0.0214860139132044	-0.370109055296962	0.388	0.497	1
ASPH	0.0216302849728715	0.374145106587361	0.3	0.155	1
SNHG3	0.0217874695405433	-0.317542119404367	0.062	0.155	1
COX6A1	0.0222395724614686	-0.276868324925428	0.762	0.758	1
METAP2	0.0222740279478387	-0.266470033357574	0.613	0.677	1
RAD50	0.0223253415049669	-0.33566582237487	0.262	0.354	1
PPHLN1	0.022444769204174	0.262751472978214	0.45	0.273	1
DOCK10	0.0226082533765107	0.316433096152274	0.388	0.217	1
SPTSSA	0.0226841795450074	-0.305442530691442	0.275	0.366	1
HIKESHI	0.0228788910178501	0.270321552839703	0.325	0.168	1
MPHOSPH8	0.0229057663835483	0.295251291610632	0.738	0.559	1
SNRPC	0.0229070927140752	0.351831464304663	0.388	0.217	1
NOP56	0.0235161051353484	-0.394052641754434	0.362	0.484	1
PRDX6	0.0235980329219072	-0.367661567671233	0.688	0.739	1
LEPR	0.0236126155849156	0.29693463587355	0.25	0.112	1
VAPA	0.0236391194103748	-0.339302299473507	0.662	0.739	1
PYURF	0.0237355631632748	0.347523996623104	0.562	0.391	1
GASK1B	0.0242270455152117	-0.313771582872305	0.038	0.137	1
PSMC4	0.0243387412023343	-0.312845299098263	0.25	0.348	1
COL4A2	0.0251799848744603	-0.366930341820321	0.412	0.472	1
NCF1	0.025243150566574	0.322906007992153	0.188	0.099	1
C17orf49	0.0255635487538232	-0.301225585042169	0.162	0.224	1
AIDA	0.0256032496973782	0.333237859172919	0.375	0.217	1
ZCCHC3	0.0259075683371948	-0.320206618765919	0.162	0.255	1
TCEAL9	0.0260163432657442	-0.442853228971501	0.525	0.59	1
KIZ	0.0261585488396101	-0.279719277793786	0.062	0.155	1
NDUFAF3	0.0264055387699166	0.289283685082973	0.462	0.286	1
HNRNPAB	0.026483147311089	-0.369653799794096	0.475	0.596	1
SYTL3	0.0268298124040473	0.422402732572463	0.562	0.404	1
AL627171.2	0.0268528115922344	-0.454395649641164	0.2	0.273	1
MYBL1	0.02704961347889	0.398459899663903	0.4	0.242	1
TRIM28	0.0271450717892902	-0.303889099730965	0.262	0.366	1
SLPI	0.0273687167547974	0.620159550398562	0.112	0.043	1
USP15	0.0274933598681862	0.267994936767166	0.525	0.348	1
MAP1LC3A	0.0275461500279298	-0.312117218308442	0.162	0.242	1
KANK2	0.0275579001226395	-0.282274146502726	0.488	0.54	1
TNFAIP8	0.0278883723082044	0.285046989959688	0.375	0.211	1
ACKR1	0.0278909714814393	0.821782086344858	0.15	0.05	1
USP3	0.0280747144535688	0.334341020316712	0.3	0.155	1
AKAP12	0.0284538643774359	-0.487134023256254	0.575	0.696	1
POR	0.0293640105065147	-0.271475656794638	0.238	0.311	1
GTF2A2	0.0293650530762601	0.3691608300751	0.475	0.304	1
MRC2	0.0297874690721582	-0.355284937680254	0.15	0.28	1
USP33	0.0301579514924147	0.404081970774037	0.288	0.155	1
NDUFA7	0.0303455136317673	-0.304726549726813	0.125	0.255	1
SEPT11	0.0303678124049552	0.258162564814105	0.162	0.056	1
TCF7	0.0303929320166804	-0.360171675830407	0.225	0.354	1
GPR183	0.0303974441634596	0.516642250321192	0.45	0.304	1
ANKRD49	0.0306862406419131	0.302438663214872	0.238	0.106	1
GNG11	0.0307327533591036	0.376992354470101	0.662	0.484	1
AL499604.1	0.0307862723507779	-0.343787437151936	0.075	0.161	1
NDEL1	0.0308827850781994	0.424907198571252	0.338	0.193	1
CYP1B1	0.0309535543285101	-0.406421912600697	0.388	0.478	1
NUDT4	0.0310362988695856	-0.357338180477587	0.3	0.416	1
RASD1	0.0310835857485674	0.483499326586939	0.375	0.317	1
PID1	0.031329091570622	0.442353556494667	0.288	0.143	1
ETF1	0.0318470608576676	-0.31606547707121	0.325	0.472	1
LMNA	0.0321200836250457	-0.290717720384257	0.8	0.894	1
ELL2	0.0325338372761278	-0.459703191042981	0.35	0.441	1
HES1	0.0332814199329952	-0.651848169964859	0.288	0.441	1
FAM102B	0.033351031681837	0.338714185937421	0.188	0.075	1
SERPINH1	0.0334511673643179	-0.27170154301081	0.388	0.404	1
C3	0.0335449681723783	0.675040020823748	0.175	0.093	1
SPRY2	0.0340106988588895	0.250630166452433	0.325	0.174	1
AHI1	0.0340575020224788	-0.345900571779156	0.375	0.429	1
TRAF5	0.0340920194913834	0.276685460488796	0.325	0.174	1
ATP5IF1	0.034112883346141	-0.278354071505544	0.725	0.764	1
IWS1	0.034211220451254	0.326349278849602	0.238	0.112	1
SSR1	0.0342262430068303	0.324203085386819	0.425	0.261	1
PLCE1	0.0342773920192863	-0.275915427607056	0.075	0.13	1
PNKD	0.0343263764407986	-0.27569262937304	0.238	0.335	1
VCPIP1	0.0343563747684443	-0.289913456801352	0.138	0.205	1
HPGD	0.0345032132524594	0.355008058604441	0.188	0.081	1
HOXA7	0.0349239512613975	0.269129123640197	0.25	0.118	1
S100A6	0.0349920487056008	0.326260077498635	0.988	0.994	1
AFF4	0.0351998539054753	-0.310763121677324	0.5	0.609	1
SEMA3C	0.035425673165784	0.391470127866993	0.138	0.13	1
NINJ1	0.0362331635255046	-0.34270513057241	0.225	0.317	1
PBDC1	0.036368945284344	-0.307391891909223	0.212	0.286	1
CIAO2B	0.0368659683811502	-0.346454552482291	0.2	0.342	1
POSTN	0.0368712796267673	-0.577254202627717	0.475	0.627	1
CD48	0.037082588942743	0.406210798179085	0.6	0.435	1
XBP1	0.0371715914226802	-0.358309195705966	0.625	0.64	1
FYB1	0.0371830381295033	0.256604977497985	0.688	0.516	1
LHFPL6	0.0371972375065147	-0.354680080708947	0.312	0.466	1
PDS5B	0.0372086745446213	0.356792579043101	0.5	0.329	1
PLTP	0.0374643202975481	-0.254571760009257	0.138	0.28	1
PHRF1	0.0374877625462335	0.356225855072344	0.138	0.043	1
EBNA1BP2	0.0375310023971822	0.314833096041565	0.288	0.174	1
MEG3	0.0378372630908596	-0.765159638018665	0.45	0.621	1
MCUB	0.03800373543248	0.271358569020009	0.338	0.186	1
CACYBP	0.038031630171194	-0.265206896905516	0.5	0.497	1
MICU2	0.0380447974590386	0.294540521634214	0.338	0.186	1
CD34	0.0381225159820645	0.257553287913313	0.162	0.149	1
TWIST2	0.0381798470936421	0.29707405987804	0.338	0.186	1
RBP1	0.0383373974104286	-0.407134688727371	0.525	0.665	1
KRT19	0.0383578016249063	-0.629999381259534	0.2	0.329	1
FILIP1L	0.03873000235624	-0.299377250152814	0.45	0.435	1
RIF1	0.0391151017121659	0.359315622640707	0.512	0.348	1
PLEKHA1	0.0392825437610976	0.337108209926006	0.288	0.161	1
ZSWIM6	0.0393774240520111	-0.2937260920829	0.125	0.205	1
RPP21	0.0397700683622522	-0.325298736492344	0.238	0.286	1
CCT2	0.0398164990811141	-0.342949303654586	0.362	0.478	1
PRELP	0.039851022942954	0.340111109080669	0.188	0.075	1
UBE2Z	0.0410127523186033	-0.301946881457224	0.162	0.255	1
SLC2A3	0.0414446178025474	0.383952021381197	0.738	0.621	1
CSTB	0.0417765380233293	-0.332274243026272	0.537	0.615	1
VIM	0.0421448084600123	0.262487966769162	0.988	1	1
SP1	0.0426125081464267	0.265929346780413	0.188	0.081	1
RASGEF1B	0.0430256899108853	0.948582248739973	0.225	0.137	1
ST13	0.0433038375195892	-0.321229445468599	0.725	0.801	1
LAMA4	0.0435332960962792	-0.357041001112325	0.35	0.435	1
SUMO3	0.0436271798360834	0.278349188580392	0.362	0.211	1
AHNAK2	0.0436609852678827	0.348468316805636	0.162	0.068	1
PTBP1	0.0437549859119401	-0.261260402661919	0.4	0.41	1
LBH	0.0437863244458082	-0.34244559086262	0.412	0.441	1
PRR14L	0.0439607660324484	0.266660906832089	0.212	0.093	1
RARRES1	0.0446285688591423	0.676783037022752	0.338	0.23	1
FAM199X	0.0455750416145553	0.250451948724482	0.238	0.112	1
ZBTB43	0.0455982118179766	-0.286498327268479	0.088	0.193	1
CASK	0.0456533647423852	0.273306642936698	0.3	0.174	1
CHD9	0.0462326489259945	0.326244639510656	0.575	0.416	1
SAP18	0.0464161460745485	-0.379450424164554	0.8	0.857	1
KLRG1	0.0470314356672673	-0.302092049410544	0.075	0.18	1
NID1	0.0475188789295962	-0.301747865430178	0.35	0.398	1
MAP2K3	0.0476539396059117	-0.267346533492446	0.212	0.28	1
USP38	0.0479510895211392	-0.292077435354715	0.1	0.211	1
SNHG9	0.0481652470635303	-0.312900332841819	0.225	0.261	1
DANCR	0.048173006350615	-0.328330350250808	0.125	0.248	1
CRYBG1	0.0485209066024526	-0.301584255218598	0.362	0.385	1
COX19	0.0486282029615226	-0.250136774322348	0.15	0.217	1
FAM204A	0.0490954727992742	0.29065211539951	0.537	0.373	1
MAP3K8	0.0492749781776299	-0.286005877535902	0.4	0.366	1
AC092338.3	0.0492975393154994	-0.269007331228194	0.062	0.155	1
GPR65	0.0495502609707204	0.433448209797444	0.425	0.267	1
CTGF	0.0496898842052929	0.303846041592559	0.112	0.031	1
NFIL3	0.0500596905575537	-0.384169983814844	0.475	0.621	1
PBRM1	0.0503020161033842	-0.351580249780829	0.3	0.404	1
COA1	0.0506433863149708	0.296502619619408	0.212	0.099	1
NRP1	0.0506824230499838	-0.308301900699136	0.262	0.342	1
PLEKHA4	0.0509926137415282	-0.254860211171968	0.088	0.168	1
SPARC	0.0510095373528846	-0.340648237237449	0.525	0.652	1
APOD	0.0512847487330676	0.696820976772093	0.125	0.081	1
SNCA	0.0513700618607684	-0.274478817490887	0.025	0.106	1
GNAI1	0.0517217987201822	-0.284384333710989	0.138	0.255	1
CDKN1B	0.0521178663327352	0.309062997656139	0.6	0.441	1
STMN1	0.0521626985299092	-0.383557181139895	0.25	0.317	1
SENP7	0.0523186346219624	0.254942931767107	0.4	0.248	1
SFRP2	0.052350094064577	0.852564583473869	0.1	0.025	1
OTUD1	0.0527011716298656	-0.253261210425671	0.112	0.186	1
MSL3	0.0527927732741602	-0.283190193930915	0.088	0.168	1
TTC39C	0.0529143723430578	0.268578645254354	0.35	0.205	1
ING2	0.0544725359343763	-0.353179877929777	0.188	0.236	1
PER1	0.0544806248117452	0.33805426370269	0.5	0.348	1
ITM2A	0.0552973499391481	0.41879898705288	0.65	0.497	1
PPP2R3C	0.0555802873441804	0.254153784091666	0.312	0.174	1
CD8B	0.0556976082791596	0.399080370710887	0.288	0.193	1
MDK	0.0557783818738902	-0.260250492319571	0.537	0.696	1
RAMP1	0.0558089156777746	-0.395230664563478	0.575	0.665	1
HPS5	0.0558891545589848	0.278231744325214	0.175	0.075	1
TPM1	0.0561608152044498	-0.427585515138501	0.812	0.851	1
LUM	0.056397456130019	0.596900376484956	0.475	0.404	1
LUC7L	0.0563976727449231	-0.308335533484242	0.225	0.373	1
IRF9	0.0565297463357886	-0.266343114420233	0.238	0.311	1
DIAPH1	0.0566561367938204	0.322140462181293	0.388	0.242	1
TCEAL4	0.0566706853538751	-0.339724391601242	0.7	0.727	1
HNRNPC	0.0568526637986424	-0.281071298402529	0.825	0.839	1
AKAP17A	0.0569253351662682	-0.261333511080474	0.188	0.23	1
GNG12	0.0571830171138184	0.253702458687206	0.4	0.248	1
MARCKS	0.0573352716975605	0.397519476204765	0.238	0.124	1
SRP72	0.0586603757323783	0.282115436866848	0.475	0.317	1
CEP162	0.0602718563876296	0.32729654538821	0.15	0.056	1
EIF1B	0.060399917828056	-0.404508412249496	0.55	0.658	1
KDSR	0.060518107027228	-0.268086010255712	0.2	0.28	1
SLC38A2	0.0618134718930285	-0.312417554771888	0.525	0.64	1
LTC4S	0.0619246209485259	-0.281531676778626	0.088	0.168	1
GRASP	0.0622815396182015	0.370907283222843	0.275	0.161	1
SLC25A24	0.0625772173983721	0.269676354045594	0.225	0.118	1
CFL2	0.0631400399633475	-0.380199946002023	0.238	0.348	1
EXOC1	0.063391997844926	0.251459056777442	0.25	0.174	1
RPAIN	0.0634209199281109	-0.257544259196735	0.2	0.292	1
HNRNPR	0.0634770874597689	0.304844477175927	0.7	0.559	1
HSPB11	0.0634811233970088	-0.282044686947135	0.238	0.304	1
HOMER1	0.0636781139209164	-0.347452559580079	0.112	0.224	1
BTBD7	0.063682825860821	-0.284779354422557	0.288	0.348	1
RBM17	0.0641235536425674	0.34852795648217	0.5	0.348	1
IFNAR1	0.0643999574819175	0.259854839121452	0.375	0.23	1
XIAP	0.0644328809863383	0.29476517314123	0.375	0.23	1
PDIA6	0.0655798216556767	0.27773148426944	0.55	0.391	1
SYNE2	0.0659531997702261	0.436561776446465	0.725	0.584	1
TMOD1	0.0664957896053172	-0.27240575630621	0.175	0.261	1
CDC5L	0.0668211840776724	-0.288513091340811	0.312	0.379	1
COPA	0.0669717761252523	-0.292147412071914	0.4	0.503	1
KLRC1	0.0669896083108031	0.348571612984232	0.125	0.043	1
CFH	0.067524131428477	0.458761652515144	0.2	0.106	1
THBS1	0.0679629494835256	-0.428014413791587	0.375	0.466	1
GZMH	0.0685450225592363	-0.293593979288011	0.25	0.267	1
NRIP1	0.0688212924288888	-0.337329818357481	0.338	0.429	1
SSBP4	0.0690161687540124	0.263548758612456	0.462	0.311	1
TWISTNB	0.0693256954368419	-0.262271317852402	0.3	0.323	1
TASOR	0.0697052804027226	-0.259123928635021	0.075	0.168	1
CCT8	0.0698778183112064	0.257662953967802	0.55	0.398	1
DCTN3	0.0701944409279046	-0.256116306804549	0.375	0.447	1
ANKRA2	0.070278913691292	0.273414180906065	0.138	0.05	1
ZC3HAV1	0.0705596191508544	-0.295839229174354	0.637	0.652	1
TRBC2	0.070951752097514	0.251563582819168	0.75	0.602	1
MFF	0.0712657383028759	0.379165994849026	0.35	0.224	1
PDE3B	0.0713397619755752	0.302539499033181	0.238	0.168	1
SEPTIN9	0.0717602634004961	-0.263253733134256	0.238	0.286	1
SNHG14	0.071873272523834	-0.347943671819738	0.2	0.311	1
TC2N	0.0723711058209822	0.262278455314416	0.35	0.211	1
GSTK1	0.0743153243724276	0.256251127895351	0.575	0.429	1
APOO	0.0748204608409328	0.405958706837271	0.1	0.05	1
SELENOF	0.0765075177353065	0.343085595839476	0.625	0.472	1
POLK	0.0772804430940821	0.298202054344807	0.288	0.168	1
TUFM	0.0773082689701579	0.305704071683908	0.5	0.348	1
IDS	0.0775651647687867	0.27277255388835	0.775	0.64	1
TOMM6	0.0777584861998372	-0.349660561285464	0.338	0.472	1
MMP23B	0.0781434007072671	-0.283300738927486	0.05	0.13	1
MIR100HG	0.0784630543923339	-0.376302162968057	0.262	0.385	1
ZNF503	0.0785448576253024	-0.324786131500707	0.275	0.366	1
SPSB1	0.0790724851791299	-0.295682807592395	0.075	0.143	1
ATRX	0.0796063686660496	-0.275561256740568	0.7	0.758	1
DNAJC19	0.0796435557439332	0.271179863385492	0.438	0.292	1
ZNF703	0.0804744978399597	-0.285565021517905	0.125	0.242	1
SPTBN1	0.0806811169779449	0.357779348278091	0.575	0.435	1
PCDH10	0.0806880019433432	-0.301019492344844	0.075	0.161	1
CLCN3	0.0809088753530212	0.267779953437787	0.262	0.143	1
SVIP	0.0810581420690494	0.444795051207494	0.388	0.248	1
SRSF2	0.0812348295154328	-0.270450009466357	0.825	0.839	1
LSG1	0.0818363625965311	0.263735956147164	0.225	0.118	1
NDUFAF2	0.0840636397054138	-0.263033201016374	0.262	0.298	1
SSR4	0.0842484653015707	-0.254816794333879	0.725	0.795	1
REL	0.0843113731772547	-0.372102070606225	0.738	0.745	1
ASXL1	0.0850134862587239	-0.255218112356129	0.238	0.329	1
MT-ND5	0.0852782383911925	0.277104996181492	1	1	1
TRA2A	0.0853186528056531	-0.279105286801436	0.537	0.565	1
MTHFR	0.085746302140289	-0.271504689387032	0.112	0.199	1
YWHAG	0.0859255836893104	-0.306019615289155	0.238	0.335	1
ZNF593	0.0859466842359509	-0.323236742332055	0.162	0.186	1
PCNX1	0.0861774691795267	0.339068975979929	0.325	0.205	1
WWTR1	0.0863351196532937	-0.312925978810109	0.312	0.329	1
POLR2A	0.0867944773808053	-0.280243271788971	0.412	0.528	1
KCNK6	0.0869339019106827	-0.377595945473066	0.188	0.23	1
TWSG1	0.0869787437646037	-0.267764511941221	0.138	0.23	1
PPIP5K2	0.087102703206279	0.518248852094701	0.338	0.205	1
EMP2	0.0877892296705522	-0.297643846498449	0.438	0.484	1
ARRDC3	0.0892927954599893	0.281007768557304	0.412	0.273	1
DCAF12	0.0898166457515913	0.259547225720428	0.112	0.037	1
C2CD4B	0.0898467782250584	0.338322921945518	0.112	0.037	1
PDE10A	0.0914944965078232	-0.415990560023458	0.15	0.261	1
AC058791.1	0.0921428030989468	0.262520603753683	0.575	0.429	1
SNRPE	0.0929266144952528	-0.253836743596751	0.525	0.54	1
DNAJC15	0.0950857746731224	-0.323024436606158	0.238	0.335	1
RWDD1	0.0954716499172695	0.281295764150201	0.637	0.491	1
TUG1	0.09684257529983	-0.283317242588696	0.188	0.267	1
ITGAL	0.0971745667364151	-0.276384994811025	0.162	0.255	1
SLIRP	0.0977160064170886	-0.30147139993433	0.4	0.503	1
FBXO32	0.0978835316283012	-0.260279886812016	0.362	0.404	1
FN1	0.0989155418426323	0.474252755074851	0.238	0.137	1
SAMD8	0.0990514913871887	0.26622076816932	0.25	0.143	1
GABARAPL1	0.099139695657495	0.31779408504698	0.613	0.478	1
TLE5	0.0993322891894501	-0.296858879276532	0.338	0.472	1
RPS29	0.0997282746607335	-0.282165057958658	1	1	1
NMT1	0.101055327825162	-0.288770808447205	0.2	0.273	1
GAS1	0.101647796544977	-0.353371673266213	0.212	0.323	1
PSMC1	0.102352001808966	-0.251382857972941	0.288	0.398	1
SATB1	0.104089691864808	-0.260935958074221	0.175	0.224	1
SOS2	0.105780051043536	0.340728293952869	0.288	0.18	1
HNRNPU	0.10629915592986	0.324531508724091	0.938	0.907	1
NKG7	0.106678301802853	-0.426580893019832	0.488	0.534	1
TMED4	0.10691676628922	0.285802294361529	0.525	0.404	1
FBXO33	0.107078488065858	-0.258514637749914	0.162	0.236	1
WEE1	0.107911892221737	-0.264382800547066	0.212	0.286	1
PGAP1	0.107924107250716	-0.490902004074812	0.162	0.236	1
GSN	0.108394916484716	0.899496767940439	0.688	0.702	1
PARP1	0.108673893905503	0.25962234326288	0.4	0.267	1
KLRK1	0.108972340526295	-0.32828315426136	0.238	0.36	1
PLCB1	0.109347368736618	0.263600250100138	0.162	0.075	1
ATP5MF	0.110042536964359	-0.260214819518493	0.412	0.472	1
KRTCAP2	0.11178590342162	-0.2638576961999	0.537	0.665	1
GADD45G	0.112129475975916	-0.30059210245058	0.15	0.242	1
KLRB1	0.112655854474769	0.444697546115461	0.5	0.435	1
DPP7	0.113326820948903	-0.286457011955642	0.288	0.373	1
MAP1B	0.115316772325937	0.288744110441246	0.3	0.298	1
HOXA5	0.116539813182429	-0.314405536483532	0.175	0.242	1
HTRA1	0.116778638524846	0.299489790084437	0.325	0.205	1
UBE2R2	0.117056636305553	-0.279721182870541	0.288	0.354	1
LEPROTL1	0.118258450559713	0.253146871248657	0.7	0.64	1
CFD	0.118414325381965	0.730456247164568	0.2	0.155	1
METTL9	0.118466830703131	0.257696045790515	0.425	0.292	1
GLUL	0.118713596371941	-0.262728886101411	0.525	0.528	1
DDX52	0.118829516977482	-0.257238525900866	0.138	0.242	1
HAND2	0.119907282847583	-0.296056425590417	0.25	0.286	1
SERPINF1	0.121311457270274	-0.337807357358249	0.575	0.696	1
RGS1	0.121678532317125	0.552852119025426	0.45	0.373	1
PAPPA	0.121683459574256	-0.269446123177447	0.162	0.28	1
PXDC1	0.122238404991216	-0.272222632041417	0.125	0.224	1
RPS26	0.12224703940776	-0.251140639231508	0.963	0.975	1
CAVIN2	0.123013288751758	0.353817302008264	0.438	0.304	1
BASP1	0.123161316772094	-0.254590045803125	0.062	0.112	1
UQCRH	0.123187557227308	-0.252881414563543	0.775	0.801	1
ELK4	0.123727858181396	0.29237444536329	0.288	0.174	1
CDK12	0.123911981432624	0.285377082635975	0.425	0.292	1
MGP	0.125102078206279	0.52109358605996	0.713	0.807	1
FXR1	0.125672075279543	-0.253814599953961	0.525	0.615	1
DAD1	0.129136580948203	0.278349087943952	0.675	0.578	1
LUC7L2	0.130095201845871	-0.270700529642993	0.288	0.379	1
ADM	0.130327612931129	-0.285476236123969	0.175	0.248	1
CD53	0.130346714255817	-0.279684399086428	0.537	0.59	1
HEXIM1	0.130387101552879	-0.287823611598191	0.637	0.708	1
PAK2	0.131153124085605	-0.262947765373461	0.525	0.621	1
THBD	0.131156751754756	0.335448811050467	0.15	0.068	1
CLEC2B	0.131522587261039	0.301682617726981	0.613	0.503	1
FBLN5	0.131919581543537	0.258625305130774	0.25	0.143	1
IGFBP7	0.132427711214326	0.261504699181286	0.863	0.863	1
GADD45A	0.13544675441575	-0.39540671890984	0.412	0.54	1
B3GALNT2	0.138949074059285	-0.253339669073895	0.15	0.186	1
SP110	0.140019816784524	0.260508121844725	0.3	0.186	1
SRGN	0.140313797702254	-0.32322295479489	0.938	0.963	1
NBEAL1	0.14059855183843	0.308949121602599	0.4	0.28	1
SORBS2	0.14069189925513	-0.256823748614614	0.188	0.168	1
MAP4K5	0.140869983660849	0.292474398891952	0.338	0.224	1
CD83	0.141328746619039	-0.286931641940038	0.188	0.205	1
SIAH1	0.142661714957038	0.260746039389366	0.188	0.112	1
GTF2F1	0.14382745385627	-0.268568232409626	0.225	0.329	1
CD8A	0.144522569155846	0.352698684642599	0.475	0.354	1
TMEM115	0.145553143375543	-0.266191464430555	0.038	0.106	1
DYRK3	0.145855004642292	-0.270411232943494	0.112	0.193	1
TFRC	0.148128101970032	-0.302980001405168	0.238	0.348	1
CORO1A	0.149169225214894	0.295371759159087	0.588	0.491	1
MTCH2	0.150447191798888	0.253447353174313	0.112	0.093	1
PRPF6	0.151492402955869	0.25449465810178	0.425	0.298	1
CRIM1	0.155928129989775	-0.356937202342385	0.25	0.36	1
CYB5R4	0.157591757442662	0.295941812004047	0.125	0.056	1
HSPA1A	0.159278942305107	-0.334744543626522	0.812	0.82	1
EGR3	0.15958100873018	0.36753838187178	0.55	0.478	1
SETD5	0.163566635811807	-0.359640933180164	0.212	0.286	1
CBLB	0.163867894198533	0.263130425194393	0.45	0.329	1
F2R	0.163979528296696	0.30447055854386	0.175	0.093	1
DDX6	0.165631790343484	0.26276167271843	0.637	0.534	1
EMCN	0.166249815890081	0.342877716401058	0.1	0.037	1
OGT	0.166572054776374	0.390759936225218	0.412	0.298	1
AREG	0.166875837353921	-0.3533174976787	0.288	0.373	1
PCNA	0.16694566805891	-0.259695057918718	0.125	0.217	1
TRIM38	0.168032303625036	-0.261403318249022	0.2	0.28	1
BCL3	0.169124945338688	-0.267107780009048	0.225	0.311	1
F3	0.171177575078346	0.372627864476084	0.512	0.453	1
PCED1B-AS1	0.171654276859711	-0.275856191127304	0.188	0.286	1
PTP4A2	0.171859824659247	-0.254137621242934	0.488	0.509	1
CHD6	0.172748975764952	0.263070749313095	0.375	0.311	1
AOAH	0.176070547059457	0.413964623474364	0.162	0.099	1
CDKN1C	0.179698356441476	0.300930606592969	0.6	0.491	1
GJA4	0.181344717339565	-0.274355458475956	0.062	0.112	1
PEG10	0.1818475882178	-0.269614707956288	0.125	0.093	1
SULF2	0.183622484610684	-0.271831905473072	0.112	0.161	1
CD46	0.184796873612687	0.27412983548553	0.625	0.509	1
MT1X	0.188707042264719	-0.43705540958053	0.275	0.373	1
INPP4B	0.189635705822006	0.291234621769287	0.275	0.174	1
XCL1	0.193057391843224	0.262714238333094	0.462	0.342	1
WWC2	0.193334525860275	0.291555432077089	0.2	0.118	1
ITPR2	0.196705242998198	0.265805384453349	0.162	0.236	1
AKAP11	0.197256643812766	0.305532168270036	0.3	0.23	1
ZFR	0.203685387872282	0.302890940304251	0.4	0.298	1
LTB	0.206342968068066	-0.331513656377338	0.425	0.404	1
TPST1	0.206438465063148	0.30196190575762	0.138	0.099	1
CD248	0.212535007842753	0.289017155835894	0.288	0.186	1
MAFB	0.212787611387636	-0.355050369171588	0.25	0.348	1
CRISPLD2	0.220666483993741	-0.311692957285028	0.625	0.708	1
NBEA	0.221277927448984	0.265845571234058	0.188	0.106	1
CAVIN1	0.222330424865536	0.294993096416003	0.675	0.571	1
KANK1	0.223023249861917	0.306934911610123	0.125	0.068	1
UBR5	0.223187440004896	0.256577095272803	0.325	0.242	1
GABPB1-AS1	0.226150988886562	-0.271571745394866	0.375	0.46	1
EEA1	0.22736962727596	0.252649284225332	0.475	0.36	1
TRBC1	0.230103783755647	-0.250045630194818	0.4	0.516	1
PLPP3	0.230447945849258	-0.281931804086162	0.462	0.54	1
TUBB2A	0.230485197002872	-0.31740752079125	0.175	0.267	1
USP10	0.239599529572073	0.278019546325781	0.338	0.242	1
APOLD1	0.239835874902932	-0.253659587172595	0.175	0.193	1
TSR2	0.242473303828931	0.346240792440583	0.325	0.224	1
FAM122C	0.254228433274816	0.255837258413342	0.15	0.081	1
ZNF385D	0.25906337528141	0.392521763610342	0.162	0.118	1
SLFN12L	0.259086413286392	0.261621387320428	0.15	0.081	1
AKT3	0.266419863258941	0.26931755637279	0.35	0.255	1
GDF15	0.271022814144901	-0.478193009060636	0.062	0.124	1
KLRD1	0.272743014262168	0.362503489211934	0.325	0.248	1
TCEAL1	0.277888919641747	-0.256832462950693	0.238	0.317	1
ICAM1	0.281583031147297	-0.27315316041255	0.225	0.304	1
AASDH	0.283376584371143	0.253835086481618	0.162	0.093	1
WFDC2	0.285827342190635	-0.250770380064339	0.05	0.106	1
RHOU	0.293808069745162	0.335416404392517	0.238	0.18	1
NDRG1	0.295478404192285	0.277153567004886	0.412	0.335	1
CTSK	0.296249806839751	-0.266354064716538	0.325	0.366	1
APOE	0.296854095309976	-0.593071845748421	0.125	0.199	1
SAMHD1	0.303249327405891	0.259220706210815	0.362	0.273	1
IL33	0.3108827103424	0.307927608880263	0.338	0.248	1
SVIL	0.313253747886337	0.268747669012978	0.537	0.435	1
NUP35	0.317203507496093	0.397935287250284	0.125	0.068	1
MAP3K5	0.323527099638441	0.276575265838705	0.25	0.168	1
AQP1	0.324266943781788	0.282397753141522	0.15	0.087	1
HLA-DPA1	0.33837808673413	0.352153703823821	0.4	0.304	1
DNAJB1	0.348062708886988	-0.296335661180822	0.887	0.913	1
HLA-DPB1	0.351508043757359	0.2603340854018	0.462	0.385	1
ESYT2	0.356565514602	0.268222442514343	0.338	0.255	1
DTNBP1	0.359135767362088	0.399894052516124	0.15	0.093	1
HLA-DRA	0.359748390709865	0.412762631894043	0.338	0.255	1
TSC22D1	0.360781776731481	0.254411928029543	0.738	0.714	1
MICOS13	0.362707335147268	-0.295627281719164	0.225	0.28	1
MYC	0.375979445278647	-0.252584903100723	0.425	0.516	1
ABCG2	0.384440971987229	0.258559091097067	0.138	0.081	1
ZNF331	0.388611566230671	-0.283724319325696	0.825	0.839	1
CSRP2	0.389427648380538	-0.356946236599876	0.325	0.385	1
OTUD6B-AS1	0.394510600196982	0.315849108140267	0.412	0.323	1
LYRM7	0.396292562526907	0.25516586494603	0.15	0.093	1
MT1M	0.404928810023171	-0.36959492771617	0.175	0.186	1
MAGI2-AS3	0.412658001509306	0.275959802637249	0.2	0.161	1
TBC1D2B	0.416968376027498	0.310876810612376	0.275	0.199	1
MT1A	0.428461803234403	-0.751085397863657	0.138	0.199	1
TM4SF1	0.437638201805539	0.457276208313075	0.262	0.193	1
TTC3	0.449155550385208	0.258891961509184	0.75	0.696	1
AXL	0.455913906850367	0.257522817719009	0.25	0.311	1
ABCA10	0.487310139764626	0.263130208203988	0.225	0.168	1
LIFR	0.487778498711341	0.33225939095202	0.2	0.161	1
PLAC9	0.507551286385978	0.346282173492472	0.438	0.379	1
CH25H	0.519047824810805	-0.311979150696012	0.075	0.112	1
ARHGAP21	0.541755155580711	0.253222019120945	0.375	0.311	1
CHGB	0.553063802803664	0.287306542988081	0.325	0.311	1
RERGL	0.556809049630286	-0.412272673448373	0.138	0.193	1
GATAD2A	0.560991278620718	0.455677830274385	0.225	0.168	1
UBR3	0.651144222926606	0.338724974139954	0.175	0.143	1
PPP1R14A	0.670469193415961	0.322909885092713	0.325	0.292	1
DCN	0.683069007364047	0.456720725877926	0.787	0.814	1
POLB	0.724442959977465	0.458411670540132	0.138	0.124	1
MYH11	0.760645860308607	0.260566339594706	0.55	0.516	1
SEMA6A	0.769797994211371	0.321745648293349	0.125	0.099	1
INO80D	0.77546460885247	0.67890187284306	0.35	0.304	1
SAMD3	0.812673459982796	0.388065299465857	0.15	0.155	1
CD74	0.814589937225501	0.380003656360292	0.488	0.497	1
CCL4	0.844687154767972	0.351734719056502	0.6	0.59	1
