	p_val	avg_log2FC	pct.1	pct.2	p_val_adj
RPL17	1.04462604559853e-23	-1.24180090310922	0.655	0.892	3.0693202471776e-19
CYR61	2.93373062731986e-20	2.35450867782971	0.507	0.118	8.61988732919122e-16
EEF1G	4.11591932679633e-17	-1.18407933620287	0.317	0.71	1.2093394165993e-12
SSFA2	3.12355923888151e-16	1.04369807711776	0.451	0.102	9.17764175568167e-12
JUNB	1.92756254760093e-15	0.94988621888796	0.937	0.847	5.66356427736104e-11
CTGF	4.16615582392997e-15	2.16245861901786	0.38	0.075	1.2240999041871e-10
AES	7.57870214188061e-14	0.854263546855568	0.394	0.089	2.22677426332736e-09
ID1	1.27227222668237e-12	1.18616601820292	0.796	0.567	3.73819025643814e-08
SNHG29	2.01326384016244e-12	-1.17065534981435	0.232	0.556	5.91537181516527e-08
SEPT7	3.31746066948895e-12	1.08663526700253	0.373	0.094	9.74736293909243e-08
MINOS1	3.43981691830572e-12	0.67593376960578	0.338	0.073	1.01068700693659e-07
MIF	7.42081441349082e-12	-1.00619493250988	0.317	0.578	2.18038369097187e-07
DUSP1	9.02223300532223e-12	0.993505222624731	0.923	0.769	2.65091250162378e-07
MT2A	9.87764801724181e-12	-1.11180244701074	0.768	0.919	2.90225054042599e-07
SEPT2	5.17067867249756e-11	0.504591427160452	0.352	0.105	1.51924880755323e-06
AAED1	6.90518807087456e-11	0.68457428196297	0.296	0.059	2.02888235898436e-06
RPL36A	9.13419627565241e-11	-0.645050481892408	0.803	0.863	2.68380954971219e-06
MICOS10	1.619073567121e-10	-0.944581824080099	0.141	0.363	4.75716195491494e-06
RPS17	3.22419427022461e-10	-0.813243516576822	0.542	0.715	9.47332760477395e-06
C9orf3	8.22107108242528e-10	0.57768058004122	0.246	0.043	2.4155151054382e-05
TPM4	9.22674581124291e-10	0.780878516857247	0.824	0.68	2.71100245425939e-05
NME2	1.19013270807182e-09	-0.983614404450428	0.282	0.57	3.49684792285661e-05
KLF2	2.56770287045114e-09	0.790166690592551	0.944	0.82	7.54442457395953e-05
HLA-DRB5	2.67893111675695e-09	0.381594056392446	0.528	0.253	7.87123540725528e-05
FILIP1	3.22522302746013e-09	0.784619505151417	0.282	0.067	9.47635029928337e-05
MT1E	3.52706531343882e-09	-1.3057849280998	0.394	0.599	0.00010363223303946
SEPTIN7	4.08398384478589e-09	-0.967924677929523	0.218	0.462	0.000119995613327499
C8orf59	5.68637317761906e-09	0.558709332243302	0.296	0.075	0.000167077016704803
HLA-B	5.69004643681202e-09	0.351908654362544	0.979	0.989	0.000167184944406411
BTG2	5.87658635567615e-09	0.758861973800335	0.887	0.694	0.000172665860302477
TROVE2	7.44854062637462e-09	0.533521176056192	0.289	0.075	0.000218853020684139
UBC	8.47895017029121e-09	0.468613082805351	0.937	0.968	0.000249128513903496
PLA2G16	8.92725281030731e-09	0.439276460335203	0.218	0.038	0.000262300542072449
SEPTIN2	1.01192643313346e-08	-0.906187833232011	0.162	0.379	0.000297324224583272
PTP4A1	1.02681697447752e-08	0.314518969776776	0.155	0.013	0.000301699363440986
ID3	1.32239789781409e-08	0.98051417971606	0.683	0.505	0.000388546950335735
PTGDS	2.2232688577565e-08	-1.23608931349116	0.028	0.215	0.000653240855786014
EGR2	2.71526043133605e-08	0.827818099163277	0.528	0.25	0.000797797819935159
KIAA1551	4.58656013459926e-08	0.481886643066303	0.261	0.065	0.00134762309874795
HMGB2	4.61353628654822e-08	0.573852359045301	0.479	0.218	0.0013555492317136
FAM96B	5.00741538399693e-08	0.566395611367765	0.289	0.081	0.00147127878812598
ZFP36	7.13121228276348e-08	0.703041857588001	0.901	0.75	0.00209529279292157
GALNT15	1.22389308579064e-07	0.418380699985203	0.183	0.03	0.00359604266467007
RHOB	1.37202526773996e-07	0.641134670098864	0.803	0.567	0.00403128464167355
MT1M	1.45230359699194e-07	-1.1125788623281	0.268	0.513	0.00426715842868172
MKL2	1.48840124055935e-07	0.362963287017024	0.268	0.078	0.00437322052501149
SNHG6	1.85832077503481e-07	-0.768347118607489	0.134	0.363	0.00546011810120727
GAS5	2.36075273231359e-07	-0.738795875451547	0.176	0.417	0.00693636367808379
SOX18	2.77835879375346e-07	0.835438733231755	0.62	0.358	0.00816337380780641
NFKBIA	2.78791980251948e-07	0.672388750480453	0.789	0.551	0.00819146596376273
FKBP2	2.79766638994962e-07	0.561686817414442	0.331	0.116	0.00822010338694997
DHRS7	3.52106976059085e-07	0.344452371152841	0.5	0.263	0.010345607170568
C1orf123	3.82779182209028e-07	0.351263677098467	0.211	0.048	0.0112468179316657
C6orf48	4.05872795332332e-07	0.444291323042804	0.225	0.054	0.0119253544724546
SAP18	6.08317017191689e-07	-0.345967261148227	0.676	0.618	0.0178735705991262
FAM208A	6.37000101762255e-07	0.35855541727048	0.19	0.038	0.0187163369899786
RPS21	7.03599045333692e-07	-0.376965602590039	0.944	0.922	0.0206731471499945
CXorf36	7.85817047574783e-07	0.656048854220588	0.225	0.056	0.0230888764918423
ACTB	8.39841380872068e-07	0.49393680129194	0.915	0.863	0.0246762194527831
CALM1	8.6803441401225e-07	0.454515904308839	0.972	0.944	0.0255045871525079
EIF4A1	1.01091589431975e-06	-0.594887695523874	0.648	0.782	0.0297027308069029
ATP5PF	1.06552708571004e-06	-0.28475823711701	0.711	0.621	0.0313073168323324
RND3	1.1459817690512e-06	-0.873542886660244	0.289	0.46	0.0336712363382622
TSC22D2	1.17163488868057e-06	0.55172945802911	0.57	0.317	0.0344249762992126
CAST	1.40698045078725e-06	0.482245136365126	0.796	0.556	0.0413398996050309
HLA-F	1.49343604454352e-06	0.345252503747191	0.683	0.441	0.0438801378607778
CAV1	1.68687858624716e-06	0.41445657952926	0.979	0.962	0.0495638666211139
SEPT11	2.04766382389357e-06	0.449712779087913	0.232	0.065	0.0601644584736409
POLR2A	2.43249813265881e-06	0.367649604035465	0.423	0.202	0.071471660133781
RPL13A	2.58526142871134e-06	-0.413854860983611	0.944	0.962	0.0759601512983966
LINC01578	2.91492298836131e-06	-0.769422674816592	0.148	0.333	0.0856462672440322
ATF3	2.96917327739491e-06	0.645714276813054	0.761	0.527	0.0872402492364173
LMNA	2.98323178275301e-06	0.558470227956825	0.88	0.761	0.0876533162408489
CCN2	3.03562921637079e-06	-0.817852027722244	0.183	0.411	0.0891928576354067
KDSR	3.08961555050247e-06	0.312885300139284	0.366	0.164	0.0907790841048636
INSR	3.46555617528504e-06	-0.671876189369075	0.366	0.446	0.101824971542225
SEPT9	3.49735933268172e-06	0.345932134673348	0.19	0.046	0.102759411912854
GRASP	3.59619257506385e-06	0.42591628107485	0.655	0.411	0.105663330240526
CXCL2	3.61463938273946e-06	1.27589113829286	0.394	0.29	0.106205334343651
SPECC1	3.65588556399198e-06	0.442804398644216	0.493	0.261	0.107417229641212
CDH13	3.90339167836108e-06	0.419097158622809	0.458	0.231	0.114689454293605
AGPAT2	4.24992540870642e-06	0.314578342309609	0.282	0.108	0.124871308358612
SRSF7	4.78268533642083e-06	0.59422120567396	0.746	0.538	0.140524860554717
MGLL	5.10160468256477e-06	0.527020386458224	0.38	0.169	0.149895348783118
FNBP1L	5.47678656417399e-06	0.372896316082448	0.408	0.199	0.16091894282856
FOS	5.65422549836287e-06	0.851268702210657	0.937	0.831	0.166132453592898
ANXA1	6.00823871503217e-06	0.468108612986498	0.789	0.565	0.176534069925075
ATP6V0C	6.02833210059759e-06	-0.679096180363168	0.162	0.328	0.177124453779758
CCL2	6.10748553666349e-06	1.80688370332984	0.38	0.228	0.179450140038247
CALD1	6.55846753055653e-06	0.544748197989304	0.838	0.648	0.192700892982812
SEPT10	6.77564159621922e-06	0.613565139512629	0.197	0.051	0.199081901380113
PCAT19	7.04202522698032e-06	-0.594897408102158	0.352	0.492	0.206908785219136
VCL	7.61283641212478e-06	0.497587788164034	0.451	0.228	0.22368035946105
UBE2V1	7.67612772983478e-06	-0.672766898159196	0.169	0.312	0.225539984958006
TUBB4B	7.83270787311351e-06	0.466474997233095	0.761	0.532	0.230140622727821
DIPK2A	8.22665964252849e-06	-0.553868401590784	0.07	0.242	0.241715713616772
SOCS3	8.41456454038346e-06	0.52945088446507	0.901	0.817	0.247236735325547
GNG11	8.60863451438702e-06	0.6148006833138	0.838	0.677	0.252938899301719
ENPP2	8.7450082585631e-06	-0.668859175019707	0.57	0.731	0.256945832653101
RNASEK	9.03326179188243e-06	-0.740063790247701	0.254	0.446	0.26541529796909
ITPRID2	9.55569793892385e-06	-0.699200213829351	0.232	0.441	0.280765516841461
OSTF1	1.02482540585624e-05	0.31202822693844	0.324	0.14	0.30111420074868
FAM129B	1.03583413565864e-05	0.293729080228571	0.141	0.024	0.304348785739222
TBC1D1	1.076436225055e-05	0.469849819035917	0.43	0.218	0.316278491645661
SMARCE1	1.09894278554154e-05	-0.492795383555315	0.303	0.336	0.322891369247817
SMNDC1	1.14952621184877e-05	0.38025999423896	0.38	0.177	0.337753791565405
PPP1R15B	1.31739782362704e-05	0.524480673032668	0.535	0.312	0.387077828538098
RFTN1	1.63983942835341e-05	0.294023269085931	0.218	0.07	0.481817620838799
KCTD12	1.6917495836717e-05	-0.699245018026757	0.81	0.863	0.49706986267442
PLAT	1.75371388807627e-05	0.312529972894955	0.472	0.258	0.51527621459457
DUSP5	2.08532452250926e-05	0.521107934394908	0.528	0.306	0.61271005120367
ASPH	2.14437697226201e-05	0.315887786560894	0.338	0.153	0.630060841990024
ACTG1	2.27559564872337e-05	0.602575005038067	0.937	0.898	0.668615513507899
GOPC	2.39276583516654e-05	0.292976086418586	0.324	0.151	0.703042457688633
FAM69B	2.49190076864849e-05	0.306186709523727	0.169	0.043	0.732170283844301
FOSB	2.57645725950292e-05	0.540951865041706	0.908	0.833	0.757014671987149
CLEC3B	2.78428835877269e-05	0.281850295136292	0.401	0.204	0.818079605574592
FAM89A	2.83577852373809e-05	0.375262482039334	0.401	0.204	0.833208445844725
GNAI2	2.85052933630515e-05	0.374038208845091	0.88	0.707	0.83754252959318
RPL37A	2.8971033740956e-05	-0.346902027050453	0.972	0.978	0.851226913376768
COX7C	3.26603937341206e-05	-0.295064941760926	0.817	0.766	0.95962768869593
IER2	3.34487675719146e-05	0.755207089023852	0.831	0.71	0.982791688797996
ETS1	3.46720373356133e-05	0.282030989617964	0.585	0.379	1
MBD2	3.6045436563535e-05	0.27768863274784	0.373	0.185	1
ABLIM1	3.61219199143798e-05	-0.307139002396259	0.528	0.476	1
ATP5MD	3.6984449192669e-05	-0.295791335481706	0.514	0.497	1
TMEM9B	3.74101196847974e-05	0.261414642782808	0.303	0.14	1
TCN2	3.89983539422747e-05	0.285758484252492	0.296	0.129	1
LIX1L	4.00236090032905e-05	0.277868935223164	0.268	0.108	1
PPP1R9A	4.0177438815779e-05	0.441541055085775	0.246	0.089	1
CPQ	4.03370029790142e-05	0.363514826634584	0.275	0.108	1
FBLN1	4.50953216064171e-05	-0.56324568194131	0.014	0.113	1
C12orf57	4.74623421847787e-05	-0.434924055811645	0.549	0.57	1
CALCRL	4.75832723999957e-05	-0.379854182761296	0.43	0.414	1
ATP8B1	4.77375967969577e-05	0.285560816441387	0.408	0.226	1
GOLGB1	4.79972943086086e-05	-0.487588864182922	0.563	0.578	1
MYADM	4.96561261442904e-05	0.457136394009655	0.669	0.452	1
TIMP3	4.99179348265691e-05	0.414992529009298	0.965	0.917	1
PTEN	5.25501629054344e-05	-0.346214153966861	0.324	0.301	1
ELK3	5.34151884827129e-05	0.265516908274767	0.627	0.422	1
NR4A2	6.27408659557359e-05	0.581903396440422	0.655	0.446	1
CSGALNACT1	6.40135336139364e-05	0.278975421517032	0.254	0.105	1
LIPA	6.64081160749122e-05	0.271713510432286	0.352	0.18	1
FEZ2	7.41297947164664e-05	0.36568460133611	0.585	0.371	1
SELENOM	7.59416560948541e-05	0.271372872989571	0.599	0.39	1
MECOM	7.98053711669521e-05	-0.304352126844638	0.592	0.581	1
JAM2	8.00798122218888e-05	0.369346042171458	0.718	0.511	1
SSR4	8.14675969920432e-05	-0.369504529014154	0.493	0.527	1
CCDC80	8.16185982454746e-05	0.323305466570915	0.324	0.151	1
RRAS	8.17371827878681e-05	0.442534041047721	0.563	0.352	1
RIF1	8.37812816511372e-05	-0.571876608926543	0.296	0.371	1
RBM22	8.60095493129282e-05	0.350699410796907	0.465	0.269	1
RPL28	8.895617999935e-05	-0.327761091275577	0.944	0.96	1
COL4A3BP	9.02274524822724e-05	0.524191851481269	0.169	0.048	1
EGR1	9.74585374972523e-05	0.484671918151754	0.908	0.836	1
CREG1	9.76137362268481e-05	0.25841504195745	0.296	0.134	1
SH3BGRL3	9.91212945615168e-05	0.266674043008971	0.761	0.559	1
PHLDA1	0.000102796002468837	0.521577327375335	0.38	0.194	1
RPS28	0.000111321394050161	-0.319122929233361	0.965	0.965	1
KLF4	0.000116939244631392	0.564084763962556	0.768	0.61	1
HBEGF	0.00012053434591032	0.547912021372092	0.577	0.374	1
HSPH1	0.000124632837792722	-0.318319828463088	0.444	0.401	1
NAP1L4	0.000125097884428318	0.268312186326597	0.408	0.231	1
MYO5C	0.000128590551482204	0.350158033661789	0.331	0.161	1
TAF1D	0.000129957950625889	0.358608767332768	0.521	0.32	1
CYFIP1	0.000129966230350153	0.276912502249433	0.38	0.202	1
RAPGEF1	0.000131107152195279	0.56080558492688	0.387	0.202	1
PHRF1	0.000132076257850093	0.303252752872875	0.134	0.03	1
RAB27A	0.000135693415068345	0.330979144035595	0.268	0.113	1
HLA-C	0.000142823286222942	0.306286631610372	0.972	0.965	1
KRTCAP2	0.000146405543509336	-0.482871140590397	0.408	0.473	1
SACS	0.000148404929151267	0.429938524532989	0.268	0.113	1
ZFAS1	0.000149500939531052	-0.408993273234527	0.535	0.583	1
LTBP4	0.000151236579010999	-0.402149934261869	0.599	0.642	1
UQCRB	0.000157273251928337	-0.275966910864113	0.754	0.723	1
AFAP1L2	0.000157337607717327	0.342768154794699	0.387	0.207	1
GABARAP	0.000169244952714214	-0.55151635911794	0.289	0.425	1
PRSS23	0.000173908146357897	-0.58328328900403	0.275	0.419	1
LTBP1	0.000175233758329586	-0.49829126955535	0.289	0.339	1
VIM	0.000179465119830177	0.281211719563477	0.993	0.995	1
LRP10	0.000180193408262605	0.257611514232245	0.401	0.228	1
C19orf70	0.000186091706242302	0.350586614394495	0.162	0.046	1
TUBA1A	0.000187625073276931	0.561059292033599	0.599	0.395	1
RNF144B	0.000187982203458273	-0.5681889168887	0.38	0.427	1
AC007952.4	0.000198588863883024	0.43902465707462	0.239	0.094	1
AC004947.1	0.000206041649783784	-0.526613367592632	0.092	0.196	1
CCDC178	0.000218324407772759	0.288457972103174	0.141	0.035	1
KIAA2026	0.000222104995779652	0.382304079320796	0.394	0.22	1
SPRY1	0.000223043518240953	0.814839407768618	0.387	0.215	1
EGR3	0.000223213358690127	0.606400797425071	0.718	0.54	1
SOX7	0.000231539635269726	0.329571962697321	0.401	0.223	1
UBE2Q2	0.000234090767092429	0.51029323425792	0.38	0.204	1
MYO10	0.000234882819441904	0.342350776182236	0.211	0.078	1
GDI2	0.000235995332562547	0.394200615975305	0.437	0.253	1
PSMA3	0.000255401021904863	-0.287089857402658	0.359	0.352	1
RRBP1	0.000259379584457328	0.267834964578087	0.613	0.419	1
PUM1	0.000260627915142802	-0.347752295623874	0.331	0.366	1
SF3B5	0.000263400488768168	-0.320945521738205	0.289	0.28	1
USHBP1	0.000266627937299948	0.305626946911889	0.261	0.113	1
MAT2A	0.000270527773606655	-0.25166188619227	0.444	0.414	1
ARID5B	0.000275484650615103	0.545033161239379	0.542	0.347	1
RBIS	0.000278248902264526	-0.520937794495119	0.12	0.266	1
KPNB1	0.000282047068076145	0.255331754506859	0.43	0.258	1
ZBTB20	0.000282397622240843	0.431645565841674	0.69	0.495	1
TLE5	0.000283042393690309	-0.641366077666651	0.197	0.355	1
FOXC1	0.000287022061176471	0.295798828001839	0.563	0.384	1
MAD1L1	0.000287310237163116	0.282982130545259	0.162	0.048	1
LINC00472	0.00028771234586354	-0.696804970133494	0.085	0.199	1
NEDD9	0.000289089122040654	0.323081287271595	0.831	0.661	1
SLC9A3R2	0.000293160553224228	0.530273104706441	0.838	0.742	1
NPR3	0.000294370451677523	-0.733345312796483	0.38	0.487	1
OPTN	0.000301181921512712	0.358398302810856	0.472	0.293	1
JAG1	0.00030162589438167	-0.610326495559243	0.592	0.683	1
CCDC85B	0.000301850815374565	0.259843296628407	0.817	0.64	1
CD53	0.000306726603239407	-0.365427980267486	0.035	0.151	1
FERMT2	0.000317126659816343	0.39304813395675	0.542	0.349	1
ALAS1	0.000318247212480829	0.26448495074223	0.275	0.132	1
SLCO2A1	0.000320605596960011	-0.619818913975797	0.345	0.481	1
MYL12A	0.000321373153151953	0.367306588896396	0.866	0.726	1
RPS24	0.000322396435937028	-0.268004411060286	0.986	0.978	1
RTN4	0.000323901526156436	0.271624105897146	0.739	0.554	1
A2M	0.000328138563911586	-0.361876319348223	0.972	0.96	1
TIPARP	0.000329543499533343	-0.539821059142843	0.507	0.567	1
SNHG32	0.000334723948075497	-0.502561579515748	0.148	0.255	1
RPL37	0.000341100571391111	-0.315686430951647	0.965	0.968	1
RHEB	0.000345272065858016	0.342872229699424	0.542	0.352	1
NOL7	0.000349952941971067	0.395304837071276	0.549	0.355	1
CNOT7	0.00035037599641859	0.267594530579891	0.331	0.175	1
ARPC5	0.000373649641700327	0.314499211574397	0.592	0.398	1
MGST2	0.000379042304527917	0.3402703868856	0.669	0.478	1
NGRN	0.000380037875372014	-0.513557342742791	0.169	0.261	1
EGFL8	0.000380548255719169	-0.540020038487002	0.092	0.212	1
ENO1	0.00038862539769625	0.406628067152994	0.556	0.363	1
LMCD1	0.000391491220829821	0.754497683799251	0.521	0.352	1
TAGLN	0.000416343835949099	0.35896593513141	0.415	0.237	1
CCND1	0.00042905299940921	0.394138169502659	0.535	0.347	1
GADD45B	0.000431428346536405	0.603108844774957	0.803	0.634	1
ACTR3	0.000441108915149856	0.302908422487669	0.556	0.366	1
CFAP36	0.000443910451382327	-0.393152913940485	0.57	0.556	1
CIAO2B	0.000450889512614772	-0.533538209552142	0.12	0.263	1
IER5L	0.000454646705733311	0.279351501408034	0.43	0.258	1
H3F3B	0.000457305140217288	0.28319588683491	0.979	0.965	1
RPS29	0.00046450875906403	-0.418901509182511	0.944	0.946	1
HSD17B12	0.00047072408567823	0.342065110547642	0.62	0.43	1
WLS	0.000480250796535429	-0.303243863779023	0.289	0.282	1
SVIP	0.000499778790012216	0.49553176003577	0.317	0.159	1
FNDC3B	0.000504029151945672	-0.250658546309614	0.401	0.323	1
MYO6	0.000504557386238838	0.272043385850159	0.338	0.18	1
FAM213A	0.000510647333510458	0.258590378886074	0.134	0.035	1
RNF152	0.000535470910571003	0.298022886785005	0.169	0.059	1
RSRP1	0.000547054656855623	-0.271706311452065	0.507	0.478	1
FAM198B	0.000570499634155963	0.31070676157973	0.218	0.089	1
TGFBR2	0.000596397119141047	0.292423780218985	0.563	0.379	1
ZNF503	0.000599252236447513	-0.305380414528577	0.232	0.188	1
EVA1C	0.000605340863176185	0.264407475281613	0.514	0.331	1
EEF2	0.000608781288164993	-0.317998602940888	0.775	0.772	1
MED30	0.000624187232406516	0.373713708448328	0.232	0.099	1
RPS19	0.000632755001269074	-0.327622818602934	0.951	0.965	1
MAP3K8	0.000634364119624684	0.276281600598118	0.282	0.134	1
RBM4	0.00064140191252807	-0.515942554812734	0.261	0.368	1
CFH	0.00064294781209967	0.403887719108495	0.535	0.349	1
GNG10	0.000657423200445106	-0.441106363345163	0.141	0.261	1
CHD7	0.000666932595845868	0.260726893297826	0.19	0.073	1
MRTFB	0.0007014646325409	-0.589921331328586	0.183	0.288	1
ANAPC4	0.000705128261697498	0.32312725175589	0.155	0.051	1
CYCS	0.000722334381232325	-0.26104224616657	0.535	0.468	1
TUG1	0.00073104456602122	-0.486795983479251	0.12	0.223	1
PPIB	0.000758622285630927	-0.362179154992464	0.507	0.556	1
TSPAN7	0.000762313692075376	0.296750050499607	0.592	0.409	1
SHFL	0.000768331251907108	-0.419007212193002	0.106	0.172	1
HSPA1B	0.000787906616627002	-0.527366884220486	0.458	0.403	1
KMT2A	0.000792157802751163	0.365598583117101	0.606	0.427	1
DNAJB4	0.000814409702901339	0.436740207907712	0.563	0.384	1
NDUFS1	0.00081470834290562	0.324086975230364	0.359	0.196	1
AFF4	0.000815809256274488	-0.47896670141686	0.5	0.53	1
ST8SIA6	0.000817998486061052	0.340204661042877	0.127	0.035	1
NDUFB7	0.000846803509187912	-0.390747503669736	0.415	0.433	1
PERP	0.000870335621551167	0.323996804156798	0.148	0.046	1
LACTB	0.000875790066519582	0.422016235662728	0.239	0.105	1
NECTIN2	0.000894479435035462	0.313712676972433	0.394	0.228	1
PHLDA3	0.000921958053501166	0.268640227037737	0.134	0.038	1
TTF1	0.00093039448094201	0.29703608496049	0.197	0.078	1
SSB	0.000988123324441924	-0.262597876236128	0.472	0.417	1
STC1	0.00100130681788211	-0.519486589556158	0.373	0.546	1
COMMD6	0.0010092403414356	-0.250954468076634	0.648	0.634	1
RAB14	0.00100969063475619	0.255799411136747	0.5	0.328	1
KANK1	0.00101475798351458	0.281789549045513	0.225	0.097	1
SETBP1	0.0010332674254579	-0.341914618821058	0.204	0.199	1
GPX3	0.00104449664084793	-0.347911256409234	0.246	0.204	1
LIMS2	0.00105447644354777	-0.438857274278827	0.43	0.438	1
CALM2	0.0011278407615593	0.304461451392018	0.908	0.782	1
BTBD7	0.00114567337719204	0.54620011977736	0.465	0.304	1
COL18A1	0.00115103085814008	-0.252485499392968	0.324	0.312	1
FAM129A	0.00116772097211129	0.33407594092481	0.113	0.03	1
RESF1	0.0011773231463765	-0.583400466880746	0.12	0.253	1
AKAP9	0.00127450389148591	0.25487265298398	0.641	0.468	1
PTPRB	0.00128181078133979	-0.420649995501561	0.803	0.823	1
GFOD1	0.0013047161231567	-0.305250814770887	0.451	0.419	1
H2AFZ	0.00131105618432856	-0.348110126265221	0.592	0.583	1
CPNE8	0.00132225901125292	0.322301688860884	0.408	0.245	1
FUNDC2	0.00133270349602746	0.263440932880927	0.451	0.296	1
BCAM	0.00133611204893157	0.295627398086155	0.521	0.349	1
DEPP1	0.0013465608845367	-0.936432451778061	0.387	0.484	1
RGCC	0.00141077443809546	0.713795231141579	0.176	0.07	1
MYLIP	0.00141715086062162	-0.58761201578111	0.246	0.331	1
NR4A1	0.0014291992948004	0.2887119876329	0.852	0.728	1
TJP2	0.00144577353778008	-0.434201931609176	0.148	0.169	1
RPS16	0.00146731043636069	-0.272712472700802	0.958	0.962	1
COX15	0.00149162683736072	0.352523546552729	0.155	0.054	1
HCFC2	0.00150835907022919	0.309208818864585	0.19	0.075	1
IL6	0.00151623189391094	0.452874281157944	0.204	0.086	1
SYNE2	0.00152305410427006	0.362295575094197	0.908	0.78	1
HSPB1	0.0015487210873464	0.293064404678542	0.873	0.755	1
CFAP97	0.00158435763661911	0.391889153948538	0.451	0.282	1
KLF3	0.00159109530358269	0.279264175180711	0.493	0.323	1
ZC3H14	0.00159436296707215	0.261097791780809	0.31	0.169	1
SOCS2	0.0016158585810667	-0.599871070925262	0.43	0.489	1
CDV3	0.00166018218036167	0.38833595363005	0.627	0.452	1
DNAJC10	0.00167431550993646	0.343340087830476	0.345	0.194	1
PPDPF	0.00168589066211718	0.40918325124761	0.556	0.387	1
RBX1	0.00170090957652662	-0.314858402681498	0.366	0.395	1
BCL6B	0.00171534005793717	0.341928452625055	0.246	0.116	1
KPNA2	0.00173116175200966	0.441648955703525	0.359	0.204	1
CFDP1	0.00175571711567797	-0.37006866792316	0.303	0.32	1
SRFBP1	0.00177841175704458	0.391335034931781	0.268	0.132	1
NFKBIZ	0.00178146332567685	0.415397584734969	0.585	0.411	1
NDUFB11	0.00179222430524599	-0.275455576883325	0.338	0.331	1
PRXL2C	0.00180501286222518	-0.505804337745323	0.134	0.247	1
PREX2	0.00182507768261405	0.276657056327693	0.542	0.382	1
RBP7	0.00182807592455541	0.291505626672353	0.275	0.137	1
CHD2	0.00191001697338049	-0.316702361254816	0.366	0.382	1
NOTCH4	0.00192187004919066	-0.352205781336508	0.493	0.5	1
ARL6IP5	0.0019545463711814	0.313050901312698	0.676	0.505	1
ATP5ME	0.00197409857849356	-0.345654980995085	0.514	0.54	1
MGST3	0.00207277646984925	0.295646210991127	0.669	0.5	1
EXOC6	0.00214111539077569	-0.367726289517025	0.423	0.46	1
LINC-PINT	0.00218672575616688	-0.610587907547951	0.127	0.218	1
STAG1	0.00219850052016755	0.251463790983681	0.31	0.177	1
CRIP1	0.00222092016454287	-0.657515151904015	0.232	0.347	1
GPS2	0.00222814675094035	-0.376863861413199	0.169	0.196	1
NES	0.00228538180702769	0.285977083652698	0.697	0.53	1
PXDC1	0.00229113442928719	0.284492419241434	0.451	0.29	1
FBN1	0.00229670525870302	-0.308748600673271	0.366	0.368	1
SERTAD4-AS1	0.00240365390391649	0.326635571847737	0.31	0.169	1
C3orf58	0.00244407653929344	0.36459806798738	0.155	0.056	1
SNHG5	0.00244513256233338	-0.532829577250857	0.19	0.323	1
CITED2	0.00245159111951126	0.425972959909238	0.282	0.145	1
RLF	0.00246303222737761	-0.295499043881788	0.254	0.234	1
UBE2G2	0.00248960799119769	-0.329512551593684	0.261	0.272	1
NDUFS5	0.00263588785997912	-0.285105651816081	0.563	0.602	1
DIPK1B	0.00269058623584244	-0.513707786813358	0.169	0.293	1
PSMB10	0.00272435112620488	-0.371537586917421	0.099	0.153	1
SPPL2A	0.00273913635757487	-0.415760862764468	0.232	0.263	1
UBE3A	0.00275220138431802	0.408903080400976	0.472	0.309	1
BMI1	0.0027773723937049	-0.528972621777738	0.106	0.21	1
ENG	0.00281591307848681	-0.413714762061066	0.423	0.454	1
TMEM167A	0.00283056142214163	0.280862131612024	0.268	0.14	1
THRAP3	0.0028317205727244	-0.269918709830136	0.43	0.403	1
COL8A1	0.00284728605355219	0.514998508921443	0.352	0.204	1
ST6GALNAC3	0.00297383222959185	0.263559921531605	0.183	0.075	1
IL32	0.0030311117408514	0.366508612226126	0.599	0.433	1
ARHGAP29	0.00309354356658895	0.346079691906896	0.669	0.508	1
SLC35G2	0.00310030731419869	0.448391661284128	0.197	0.086	1
HIPK3	0.00313211846654478	0.418658453631906	0.549	0.387	1
EVA1B	0.00313387427983313	0.332873344163953	0.232	0.11	1
CYB5R3	0.00331971150915886	-0.253089381094258	0.507	0.524	1
NFIA	0.00332337357645984	-0.38556611718507	0.577	0.618	1
TGM2	0.00341857945481593	-0.39330187783031	0.437	0.551	1
NONO	0.00349123528590575	-0.277639476752747	0.352	0.331	1
PWWP3A	0.00349523194923087	-0.310660822956604	0.042	0.116	1
PPP2CA	0.00351934742030831	-0.393634465297423	0.268	0.306	1
DAZAP2	0.00359188585310797	-0.349537130847861	0.373	0.395	1
SNHG16	0.00362051935758066	-0.446797942722634	0.092	0.177	1
TLE1	0.00365548021197563	-0.467259774703038	0.225	0.306	1
ELMO1	0.00365763248432316	0.309323091357264	0.408	0.258	1
EGFL7	0.00370185332229993	0.359513870905696	0.62	0.457	1
LUZP1	0.00371435929071699	0.333599215515766	0.542	0.384	1
HNRNPD	0.00375916733013539	0.327678225424773	0.655	0.492	1
GSN	0.00377565314463434	0.411085236302369	0.866	0.78	1
EIF1AX	0.00380491585427682	0.368079076576123	0.683	0.524	1
SEPTIN9	0.00380970232956227	-0.468306574125031	0.141	0.22	1
CEBPD	0.00383605187718415	-0.318429144022311	0.577	0.589	1
FKBP5	0.00384519043147058	-0.379276450141167	0.282	0.341	1
KIF13A	0.00391271143720869	0.319247932035608	0.232	0.116	1
SNU13	0.00392781797009076	-0.303526461631615	0.528	0.524	1
NOP56	0.00403177193055229	-0.302313261402743	0.331	0.309	1
MT1A	0.00404200788728168	-0.45357503756496	0.12	0.247	1
MEF2A	0.00410079691303743	0.256114821764629	0.549	0.395	1
ANXA7	0.00411064556746903	0.343802691263612	0.437	0.282	1
NRIP1	0.00411714880268412	-0.285697802975002	0.204	0.194	1
KLF10	0.00412653995789565	0.441486096611408	0.57	0.409	1
TXNIP	0.0041926868041965	0.296173004308723	0.845	0.71	1
MAP1B	0.00420585849042939	0.484575422494918	0.394	0.245	1
CHSY1	0.00422105854645886	-0.327172425784873	0.352	0.371	1
NPNT	0.00425868530682539	-0.378162447733281	0.303	0.317	1
ITM2A	0.00430989951797713	0.519042569220203	0.556	0.409	1
ZDHHC20	0.00437360163254446	-0.397697903182457	0.148	0.245	1
CRY1	0.00448064200600723	0.292793027533798	0.169	0.075	1
ERICH1	0.00448683672433175	0.403117786307136	0.317	0.18	1
NCOA7	0.00451477840566176	0.337988948249855	0.465	0.312	1
SBDS	0.00461185205518368	0.295966854464579	0.634	0.473	1
ADGRF5	0.00469587834709622	-0.387969657228653	0.415	0.414	1
RDX	0.00476807306050171	0.275208753108157	0.775	0.626	1
SARNP	0.00481857034420922	-0.273153732825775	0.134	0.161	1
IVD	0.00492325698882909	0.384298236159249	0.204	0.094	1
S100A10	0.00493188865988563	0.316074360457901	0.838	0.71	1
CD9	0.00496749874139463	0.358747481558631	0.824	0.731	1
TASOR	0.00497424144388953	-0.404841446158287	0.085	0.183	1
RCAN1	0.00504034871854228	0.443342320132049	0.423	0.272	1
BRD4	0.0053072972451919	-0.308582883758542	0.345	0.341	1
ZNF655	0.0054274631734779	-0.275495205009666	0.148	0.145	1
PLAAT3	0.00544073006850936	-0.40475322265574	0.092	0.202	1
ZEB1	0.00546401536364846	0.366621210764851	0.577	0.419	1
NSRP1	0.00547158511821134	-0.433785463755361	0.331	0.374	1
SUPT5H	0.00555172261072906	-0.252789875267252	0.225	0.22	1
EPS15	0.00566419030065628	0.348638410936685	0.31	0.177	1
MGAT4B	0.00567725698048239	-0.307033683207275	0.099	0.129	1
MFGE8	0.00568527811638339	-0.410082153925073	0.246	0.301	1
PPP1R12A	0.00578672599787104	0.308118836983144	0.577	0.433	1
RPL18A	0.00583862353328676	-0.281863650072758	0.944	0.96	1
SRGN	0.00585587877835413	0.334886035099933	0.951	0.925	1
MEIS2	0.00587106290031807	-0.369052158673172	0.359	0.414	1
ZFC3H1	0.00605045266003192	0.372845001121864	0.331	0.204	1
PSMD7	0.00615479698504364	0.2734139355406	0.345	0.207	1
CITED4	0.0061812027584961	0.387155551678632	0.345	0.207	1
LITAF	0.00623443765175084	-0.298695707323138	0.169	0.183	1
TMEM100	0.00626059550316779	-0.382548610119481	0.07	0.175	1
PCMTD1	0.00638119615486079	-0.351051509766854	0.599	0.608	1
MARCKS	0.00639694160504507	0.330336043541001	0.211	0.102	1
PBX1	0.00646203514489995	-0.318517648821566	0.282	0.272	1
HMGXB4	0.00646691454102416	0.549339314827798	0.239	0.124	1
JUN	0.0064787374021999	0.456140088613643	0.852	0.745	1
THSD7A	0.00652154635600965	-0.254032160025441	0.507	0.481	1
ICE1	0.00654847758872681	0.320580042838157	0.296	0.169	1
POLK	0.00660435050702817	0.34515473102433	0.289	0.161	1
CD83	0.00663259242741782	0.36905840956624	0.204	0.097	1
HERPUD1	0.0067114725927808	-0.330488866743781	0.521	0.532	1
TANC2	0.00682379406384377	-0.274554348163252	0.225	0.21	1
RAB1B	0.00687757517697424	-0.304468790693393	0.169	0.188	1
PER1	0.00696910928560469	-0.3499187602599	0.268	0.258	1
TEAD4	0.00697642914272352	0.348839229439881	0.169	0.073	1
MICOS13	0.0071479532417357	-0.422463877411062	0.113	0.18	1
RPL26	0.00717094272235372	-0.264623132416737	0.951	0.965	1
F2R	0.00722347241034792	-0.48741101018853	0.183	0.277	1
TPM1	0.00737318154792601	-0.339482013859457	0.408	0.379	1
EIF2AK4	0.00737500808086886	0.362061790418001	0.437	0.29	1
MYRIP	0.00737952453881446	0.300025082478215	0.324	0.194	1
BCAP31	0.0074055724270219	0.362656296231095	0.451	0.306	1
RETREG2	0.00754595560109251	-0.287564801174343	0.085	0.126	1
RPL39	0.00756626631351139	-0.334747469877279	0.901	0.946	1
HYAL2	0.0077127781657416	0.355355042018175	0.69	0.548	1
FSTL1	0.00773972957200045	-0.256413811169572	0.507	0.497	1
GOSR1	0.00778578538575735	0.388119704556327	0.303	0.175	1
NDUFA7	0.00780199773025944	-0.265959535000302	0.204	0.228	1
SMAD2	0.00785548509667917	-0.421917060748872	0.359	0.446	1
RPS27	0.00788437929865431	-0.277322467272048	0.965	0.981	1
CALHM2	0.00795056655760293	-0.308394024294692	0.155	0.175	1
RO60	0.00795522260832677	-0.365543055019975	0.169	0.255	1
ACTA2	0.00801721037385412	-0.461113923370483	0.042	0.129	1
LINC00639	0.00806784774034392	-0.354481991222715	0.085	0.137	1
ESCO1	0.00823565756463305	0.255490357910277	0.197	0.094	1
MAP1LC3B	0.00827013620008874	-0.328343513929878	0.577	0.581	1
TCIM	0.00828104832594197	0.513376291881933	0.514	0.374	1
GNAS	0.00830343160326083	-0.271612779523684	0.817	0.839	1
GUK1	0.00832051104438688	0.305622601297189	0.746	0.605	1
SNRPD3	0.00836753939156567	0.262724487526522	0.387	0.25	1
SELENOW	0.00839348848642655	-0.285314680640708	0.725	0.769	1
MEG8	0.00841423699095442	-0.485335555257028	0.049	0.124	1
RBP1	0.00857067903270731	-0.370943955292263	0.232	0.258	1
IRF6	0.00858591249765414	0.300713871390901	0.218	0.113	1
HLA-DQB1	0.00861295654056957	-0.375487478610043	0.261	0.325	1
BHLHE40	0.00873205419172907	0.382409437464498	0.704	0.567	1
CLDN15	0.00883957740310662	-0.3581376307517	0.049	0.126	1
FOXO3	0.00886356172457205	-0.328417339552013	0.239	0.277	1
RBM27	0.00891584753724234	-0.386330953814967	0.141	0.234	1
TM9SF1	0.00893323324928524	-0.278444689444774	0.077	0.108	1
LBR	0.00898722756370595	0.266310255802783	0.373	0.239	1
KIFAP3	0.0089976027647242	0.312221792116536	0.275	0.153	1
CARMIL1	0.00903178167676801	-0.313467417563002	0.141	0.175	1
RAD23A	0.00913046958467569	0.259927760353356	0.451	0.306	1
RFK	0.00916737563843176	0.32132835106997	0.275	0.156	1
AP3B1	0.00923699161380583	0.33403334612256	0.239	0.126	1
CCND3	0.00926930799552405	0.343703750376822	0.345	0.212	1
MPRIP	0.0093295513208592	0.262366598418237	0.282	0.167	1
LRP6	0.00944094558624574	-0.388508808320123	0.296	0.336	1
ACTR6	0.0094478784585618	0.331257201012184	0.254	0.137	1
GIPC2	0.00950584184427968	-0.266515128244468	0.31	0.306	1
PRKAR2A	0.00977400623522142	0.352712067581565	0.282	0.161	1
ZCRB1	0.00982896404230119	-0.262973276110909	0.282	0.245	1
SKIL	0.00987984470753667	0.325155934142975	0.655	0.508	1
NNMT	0.00998961141370066	-0.5558291305526	0.528	0.64	1
DNAJC19	0.0100619509096923	0.307449672268944	0.268	0.151	1
CTSH	0.010104433021775	0.515379238869964	0.359	0.234	1
YBX1	0.0101060313058178	0.275100282912127	0.894	0.796	1
C2CD4B	0.0101639236942241	0.62356936456919	0.472	0.333	1
GIMAP6	0.0102741458556989	-0.345110588349507	0.289	0.304	1
HSPA1A	0.010472353152834	-0.701077565321166	0.599	0.562	1
PLAAT4	0.0104864590189677	-0.262262295180771	0.07	0.108	1
LPGAT1	0.010802815797574	0.319086696162495	0.331	0.207	1
GALNT1	0.0110914373050431	0.286257235021586	0.254	0.14	1
MAP4K3-DT	0.011134399645906	-0.413238812623208	0.063	0.134	1
KCNQ1OT1	0.0111623935629971	-0.559930462308892	0.408	0.462	1
MAGI2-AS3	0.011319573449375	-0.361828500491333	0.099	0.161	1
HS6ST1	0.0113257623604037	-0.300498590711655	0.113	0.145	1
RPS6KA5	0.0113463733090447	-0.555390774193987	0.162	0.253	1
KMT2C	0.0113566460171282	-0.378191551135367	0.401	0.417	1
CDC16	0.0113609210939337	0.257689353846735	0.261	0.145	1
C17orf49	0.0113729761327982	-0.39213415053699	0.141	0.226	1
DCN	0.0113741322956262	-0.831828885266396	0.113	0.18	1
ETNK1	0.0114602830283436	-0.390289884776747	0.239	0.293	1
CPD	0.0114901926834466	0.332917828607642	0.261	0.151	1
NIBAN1	0.0117590441279692	-0.265444900572525	0.035	0.105	1
MIR222HG	0.0117650838027347	0.280286921386993	0.479	0.336	1
ARL13B	0.0118455372329169	0.376495679215534	0.254	0.14	1
MDM2	0.0118903386480448	0.291307820268062	0.211	0.108	1
KIAA0232	0.0118991067309921	0.291637522565487	0.218	0.113	1
OGT	0.0119496695701526	-0.289433297807442	0.148	0.183	1
TOMM6	0.0119709344938689	-0.35079102996446	0.148	0.212	1
VAMP2	0.0119854871146116	0.270321590608021	0.458	0.323	1
ERVK3-1	0.0119889110402411	-0.257522794290734	0.225	0.202	1
PALLD	0.0121459449648075	0.432429160464732	0.387	0.255	1
THSD4	0.0122527591589293	-0.466250155252583	0.239	0.293	1
RALB	0.0123437413073514	0.40123385040918	0.444	0.304	1
COIL	0.0125160362152969	0.285270617299585	0.155	0.067	1
CRIM1	0.0125906680194529	0.26764648152636	0.542	0.401	1
NUMA1	0.0129198240924588	-0.285072186673102	0.261	0.296	1
SIK2	0.0129228052812886	0.447710987880231	0.148	0.065	1
MAP4K5	0.0130768287705319	-0.270268369900285	0.197	0.218	1
WEE1	0.0133196211620206	-0.376168198726623	0.239	0.237	1
MEG3	0.01358617744163	-0.618488453039854	0.261	0.366	1
DBNDD2	0.0137260204965067	-0.349350112041588	0.092	0.151	1
FLI1	0.0140195527664288	0.280009939318942	0.31	0.188	1
TSC22D1	0.0141223443338554	-0.349165540504224	0.88	0.887	1
KLC1	0.0144936149191107	-0.346239279611592	0.239	0.272	1
MT1X	0.0145636298130993	-0.574169064640429	0.359	0.444	1
COX5A	0.0145808377978447	-0.291801633699791	0.296	0.352	1
CCDC186	0.0147551433023367	0.270421535403261	0.268	0.161	1
PALM2-AKAP2	0.0149018614023245	-0.403198234920066	0.218	0.325	1
SEL1L	0.0152244025380163	-0.27869449540734	0.134	0.239	1
BAG3	0.015248847341471	-0.364270764514844	0.324	0.336	1
SELENOH	0.0153317491809211	-0.296080745523904	0.373	0.419	1
PSMA4	0.0154090666851296	-0.269796963556439	0.359	0.363	1
ATP6V1D	0.0159292594466588	0.252240825259268	0.232	0.126	1
CKS2	0.0163910234674049	-0.283798645267567	0.141	0.151	1
PTGIS	0.0166891156662188	0.284671445682602	0.38	0.255	1
MDM4	0.01670537985775	-0.312335914373224	0.268	0.293	1
MYSM1	0.0170041545448749	-0.255906360046033	0.148	0.161	1
ZFAND5	0.0171734746501342	-0.375103624914296	0.711	0.71	1
SYNPO	0.0171872095397759	-0.40192502186011	0.43	0.481	1
ZNF347	0.0174441342228066	0.328309249744934	0.162	0.075	1
ABCC4	0.0175577176244369	-0.256228682653023	0.254	0.344	1
NAMPT	0.0177234818382448	-0.354299979811242	0.521	0.546	1
SPECC1L	0.0177631356432695	-0.251242433178282	0.077	0.129	1
MTPN	0.0179169007032979	0.252460900405024	0.479	0.344	1
PAK2	0.0184299523232518	0.380940594089913	0.563	0.425	1
SETD7	0.0185972774524247	-0.268691905106346	0.162	0.156	1
NTRK2	0.0188279987858676	0.699762200965949	0.155	0.089	1
PTPA	0.0188823673477577	-0.29364661163444	0.077	0.164	1
RIT1	0.0193322905568381	0.254244616160239	0.352	0.231	1
TCF12	0.0194744286215803	-0.305868378867127	0.31	0.288	1
SCAF11	0.0198958574717383	0.355375873959794	0.655	0.519	1
PIK3R1	0.0200526931172064	-0.39130728563937	0.162	0.223	1
TAPBP	0.0202062867890944	-0.326881258246146	0.394	0.409	1
RCOR3	0.0202242603490298	0.275353597425341	0.204	0.108	1
DAP3	0.020309127312124	0.347294408588145	0.225	0.124	1
ACACB	0.0204566944834949	0.256836368640977	0.232	0.129	1
RWDD4	0.020492696643308	0.276537730224832	0.183	0.094	1
NENF	0.0205512632533342	-0.344145285848719	0.345	0.374	1
PSMA6	0.0205536920027664	-0.351859064266307	0.268	0.349	1
NCSTN	0.0209854298498939	0.267543561533382	0.218	0.118	1
C2orf49	0.0210664695152484	0.281653622240575	0.197	0.102	1
FGFR1	0.0211179446168805	-0.289329056090207	0.31	0.32	1
TAF10	0.0215543707053194	0.292175118817324	0.338	0.22	1
CCS	0.0216716608232391	0.42479297681017	0.155	0.075	1
YTHDC1	0.0218103280667388	0.254346314013318	0.528	0.401	1
CAPZB	0.0218265852481881	0.292673213572707	0.472	0.339	1
OSBPL1A	0.0219805431743725	-0.33441732736464	0.148	0.207	1
HSPD1	0.0220639437455165	-0.358136643646803	0.472	0.513	1
MORC3	0.0226172537691543	0.300830756584631	0.268	0.159	1
FGL2	0.022858391297906	-0.457012432784476	0.387	0.427	1
PRPF38B	0.02338762598879	0.298714989041305	0.493	0.363	1
TTC3	0.0235173047269131	-0.331129302947411	0.401	0.46	1
MYO1E	0.0237872476879179	0.493869523589247	0.296	0.183	1
CCNYL1	0.0239968452847325	0.31247116248284	0.254	0.148	1
TMEM248	0.0240344752812846	-0.334752006136085	0.197	0.228	1
CCDC88A	0.0244765024866483	-0.325703589722538	0.352	0.392	1
CKB	0.0245248751538961	-0.261625749270458	0.225	0.242	1
MARCKSL1	0.0248186441344641	-0.291940782580583	0.366	0.387	1
NFIX	0.0248723195689279	-0.264020790975299	0.232	0.234	1
DUSP2	0.0249598595340745	0.310247338953193	0.218	0.121	1
LINC00963	0.0253451836361457	-0.296282111649743	0.085	0.153	1
BCAP29	0.0255034098706232	-0.28283377499834	0.415	0.441	1
TTC28	0.0257130377490089	-0.271616310824096	0.338	0.36	1
TMC7	0.0257658702416977	0.276690029658555	0.162	0.081	1
PCMTD2	0.0257910373052884	0.253886412144847	0.218	0.121	1
OSBPL8	0.0258647140765352	0.266880132143139	0.408	0.285	1
CREBBP	0.0260261226799592	-0.272450052767604	0.282	0.266	1
SNX5	0.0260581233992292	0.385331005218555	0.282	0.177	1
NDUFS2	0.0263836025863842	0.351521636965491	0.275	0.167	1
ITGA2	0.0264288204746305	-0.328003956051402	0.077	0.14	1
CNDP2	0.026593992690841	-0.34031833126503	0.275	0.328	1
IDO1	0.0268385147693815	-0.374812795869148	0.106	0.167	1
PDE4B	0.0273020283404021	0.275576877298565	0.275	0.169	1
SNRNP35	0.0277187722002093	0.297113801021355	0.141	0.065	1
SHB	0.0278101951800855	0.253224613433501	0.134	0.059	1
TOMM5	0.0279455264237845	-0.282101695957258	0.127	0.223	1
NSMCE1	0.0281565300250637	-0.27514084544527	0.134	0.121	1
SYNGR2	0.0282397453917969	-0.266646235786112	0.268	0.29	1
PNISR	0.0290124726505902	0.323623162539307	0.556	0.444	1
LINC00342	0.0291277725464798	-0.348872627771018	0.077	0.142	1
CST3	0.029882656448456	0.381250835520944	0.739	0.629	1
FN1	0.0301461887640596	-0.283393430041127	0.831	0.871	1
ATXN7L3B	0.0305793700608724	-0.254316519189206	0.218	0.22	1
ABL2	0.0311626707858074	-0.377323869860871	0.352	0.376	1
SHROOM4	0.0312063448911898	0.29071002513197	0.324	0.215	1
ZNF281	0.0314565531514489	0.252036480999842	0.211	0.118	1
MAPK9	0.031857600433666	0.254563405323775	0.176	0.091	1
AASS	0.0319952911076788	-0.429997601475412	0.099	0.161	1
RPL23A	0.032222017469366	-0.250991021823309	0.93	0.957	1
OXA1L	0.0323086977920887	-0.250182786827149	0.12	0.175	1
RBFOX2	0.0324147538240425	-0.384475482963554	0.296	0.282	1
TRIB2	0.0337335539670711	0.405068193016389	0.176	0.091	1
MRPL47	0.0339142831427776	-0.27062696230198	0.19	0.21	1
AOPEP	0.0340868913407568	-0.265342667203821	0.12	0.177	1
MGMT	0.0341258317654024	0.44127677480188	0.246	0.148	1
SUGP2	0.0343090901852119	-0.273393690221268	0.113	0.132	1
PUS7L	0.0345211222361172	0.284247136383736	0.19	0.105	1
RNF125	0.0346075782622542	-0.256792269181532	0.155	0.177	1
TLK1	0.0350678587166359	0.378262877409053	0.331	0.223	1
NUMB	0.0351520647010877	-0.288357314552084	0.232	0.242	1
ATL2	0.0356338127228924	-0.281539518633626	0.134	0.156	1
PBDC1	0.0361371571742752	-0.29181843070796	0.063	0.124	1
TCEAL9	0.0370667300116252	-0.257740061313373	0.366	0.358	1
ZBTB16	0.037360942463836	-0.281480210779823	0.415	0.484	1
APPBP2	0.0374059359085768	0.648372027544806	0.268	0.172	1
EMCN	0.0377172525019403	0.317999298845471	0.768	0.656	1
TRIP11	0.0382622339844878	-0.288109097365809	0.331	0.368	1
ABI3BP	0.03888431729096	-0.304690964240956	0.486	0.61	1
LUC7L3	0.0397793929030219	-0.278356264441132	0.359	0.36	1
MZT2A	0.0397973628577508	-0.306238936019934	0.155	0.215	1
CAPZA2	0.0404021673818256	0.297675631175177	0.69	0.583	1
PHF3	0.0419818025910614	-0.357348525759553	0.338	0.417	1
SEPTIN11	0.0425854979615787	-0.375811819663491	0.141	0.212	1
BBX	0.042585668458255	0.288898592202705	0.486	0.374	1
TNFRSF12A	0.0428369992533155	0.332218691346171	0.261	0.161	1
RPF2	0.0430104709602754	0.273780159657018	0.275	0.175	1
FOXN3	0.0430217474877041	-0.296926499482615	0.197	0.245	1
ACO2	0.0434083136492932	0.258259978279803	0.162	0.083	1
KIN	0.0435430205874044	-0.250114805333101	0.134	0.161	1
MRPS24	0.0446633232531269	-0.274283660196565	0.113	0.175	1
AC004540.2	0.0455653063850572	-0.307837960425405	0.246	0.28	1
MARCH2	0.0458775685693212	0.278090479453429	0.19	0.113	1
SNHG14	0.0464835564398454	-0.333077411120898	0.106	0.18	1
TSHZ2	0.0471139614931012	-0.281571654384257	0.218	0.207	1
C19orf25	0.0471142611766504	0.343589226104614	0.134	0.065	1
SEMA3G	0.0476701865772702	-0.267722336921635	0.535	0.556	1
TPM3	0.0479512403206706	0.255151776737825	0.775	0.675	1
SDHD	0.0486398629398888	0.255953073539461	0.345	0.237	1
TUBB	0.0496316969287562	0.269475088656494	0.521	0.403	1
AREG	0.0498112287857578	-0.763097429768808	0.099	0.142	1
CARD6	0.0498585178237039	-0.275976672715866	0.141	0.172	1
SF3B3	0.0500544545450933	-0.290958150575636	0.099	0.129	1
STAT6	0.050476901896061	-0.266904101334508	0.141	0.159	1
PDLIM3	0.0519045265384342	0.296824815474992	0.317	0.212	1
CSTB	0.0528201306609014	-0.345178219139286	0.317	0.36	1
NDUFB3	0.0532083351119188	-0.251316110977201	0.275	0.285	1
DDX50	0.0532370489852678	0.296122374072977	0.239	0.151	1
F8	0.0538250009940139	-0.342922700178386	0.338	0.352	1
SHROOM1	0.0539754743142124	-0.253145789029407	0.239	0.253	1
RPS6KA2	0.0539767554217338	0.391515314093	0.282	0.183	1
RREB1	0.0542902633202769	0.252237648790401	0.162	0.089	1
DDX39B	0.0565787349514397	-0.29773939015849	0.232	0.317	1
ECSCR	0.0577813871270675	0.253567437844324	0.704	0.594	1
HDAC1	0.0582769415190721	0.336524731599326	0.218	0.132	1
MRPS5	0.0595961189146709	0.364567898774025	0.225	0.142	1
USP54	0.05975951563019	-0.262310047288995	0.19	0.218	1
HES1	0.0598724112375691	0.535702301631341	0.423	0.328	1
ST6GALNAC1	0.0599951662157263	-0.303851646619682	0.106	0.164	1
TYW3	0.0612117237226903	0.27365998412558	0.218	0.132	1
ARHGEF37	0.0615241598392916	0.285004646738442	0.148	0.078	1
PCNX4	0.0630021054494857	-0.364186947112387	0.176	0.183	1
CERT1	0.0630138593875562	-0.353128248041915	0.127	0.175	1
KRAS	0.0637682726054202	0.262070725037032	0.387	0.28	1
SLC7A6OS	0.0638053176164839	0.412388297446079	0.113	0.054	1
CDK13	0.0638342609933578	0.403020619471766	0.331	0.231	1
DOCK4	0.0641064158269987	0.365954791729506	0.324	0.239	1
HPF1	0.064253426709628	-0.275859486175722	0.092	0.156	1
C2CD5	0.0656765909335478	0.328872651768073	0.127	0.062	1
TLNRD1	0.0657556009313949	-0.317810230398412	0.141	0.153	1
FAM133B	0.0661467702463415	0.259270702890803	0.549	0.435	1
RIOK2	0.0661687499373999	0.31338934780565	0.127	0.062	1
FAM49B	0.0663813307678566	0.270661617568733	0.162	0.094	1
IGFBP5	0.0669344484597812	-0.592176399518227	0.141	0.185	1
TRAPPC5	0.0670845392210126	-0.268115976901263	0.169	0.204	1
NOP14	0.0671937606388824	0.345889945680178	0.148	0.078	1
KLHL20	0.0679984942490368	0.269687073535274	0.141	0.073	1
C11orf96	0.0681270136972502	-0.587894983853071	0.204	0.25	1
KDM5A	0.0736552749064209	-0.376376503294648	0.211	0.239	1
SLC2A3	0.0746099496477016	0.259902451108538	0.345	0.245	1
PPIC	0.0761407801912573	0.343159120416666	0.254	0.164	1
ISYNA1	0.0762848511147564	-0.261011901783957	0.12	0.161	1
SIPA1L2	0.0768202794384711	-0.269515424055695	0.218	0.237	1
ITGA1	0.0768721858125939	0.265552606860563	0.218	0.137	1
ANKRD36	0.0773175308914951	0.43932682951802	0.204	0.124	1
MGAT4A	0.0780085633887339	-0.265004838659793	0.204	0.21	1
MFSD14A	0.0830568874344697	-0.295015090802048	0.162	0.199	1
BNIP3	0.085372456146056	-0.294546457450154	0.106	0.153	1
AC005332.6	0.085470198781116	-0.292599443260869	0.12	0.183	1
GCNT2	0.0868815390534788	-0.260867672846657	0.31	0.309	1
CBL	0.0888886341541275	-0.303893830190803	0.12	0.134	1
AC004889.1	0.0920361379313689	-0.284389718675622	0.099	0.153	1
PTGS2	0.0921520931408621	0.445479179497879	0.373	0.274	1
CNTLN	0.0928460204987016	0.253565022228666	0.254	0.169	1
PSMD3	0.0936935480047552	0.281716446835731	0.218	0.142	1
IRF9	0.0937815092428204	-0.27521493806612	0.345	0.401	1
SHPRH	0.0940350071590576	-0.288199680258883	0.134	0.153	1
NBEA	0.0952341584858649	-0.304723906338201	0.113	0.156	1
PEAR1	0.0953852192017791	-0.309243151803676	0.113	0.129	1
INTS12	0.099345977351162	0.410610712593315	0.141	0.086	1
PLEKHG1	0.100058604621802	0.432571559394402	0.401	0.301	1
ARPC5L	0.102891579071608	-0.251025697961296	0.38	0.411	1
NTPCR	0.102995100722503	-0.265859655096944	0.204	0.245	1
PIGP	0.105847376102512	0.294209756731859	0.134	0.073	1
IER3	0.110732649306656	0.309694738617359	0.303	0.218	1
UGCG	0.113236241545347	-0.267173409515759	0.493	0.535	1
JARID2	0.114126022729005	-0.277998823950099	0.106	0.129	1
TRA2B	0.116786743641602	-0.27712320075882	0.535	0.562	1
PRKAA1	0.118141180083989	-0.269778859293713	0.218	0.272	1
PLAA	0.118511083014759	0.326170854034391	0.106	0.054	1
NOS1	0.118989269950871	-0.250834044517119	0.099	0.151	1
THBS1	0.119258243435173	0.277739438897045	0.176	0.194	1
MAP7D1	0.120432725792274	0.28801989225106	0.282	0.196	1
TMEM141	0.120568520404707	-0.265158060420364	0.106	0.161	1
PLEKHG2	0.120673073055973	-0.255644729385326	0.12	0.175	1
GTF2F1	0.123927340268311	0.264531860646471	0.246	0.169	1
TRIM13	0.131239311428916	0.38439484706458	0.162	0.097	1
CXCL3	0.134724432398886	0.587152083006658	0.141	0.094	1
DHRS3	0.135439313057508	-0.26217581617868	0.289	0.315	1
SFRP4	0.138672212931275	-0.304444313152108	0.106	0.169	1
CYP51A1	0.144577443305357	-0.254122945975672	0.211	0.258	1
SIK3	0.145158266562717	-0.306899653657882	0.155	0.153	1
LYST	0.146254354889669	0.292272251740927	0.444	0.349	1
NSA2	0.149786589680142	-0.293324021210785	0.437	0.433	1
EBF1	0.151344654893981	0.320797348000691	0.197	0.132	1
CYP1B1	0.156437210781748	0.525620950487196	0.148	0.099	1
TATDN1	0.158727086882782	0.277633602347256	0.134	0.089	1
RIPOR2	0.159087850251935	-0.267095581358727	0.176	0.223	1
MTF2	0.159500985241116	-0.359520766281849	0.12	0.172	1
APBB2	0.160985153540859	0.313931467276974	0.394	0.32	1
TSHZ1	0.166103727080194	0.2552937905353	0.148	0.091	1
HDAC2	0.168399478722939	-0.339902956136608	0.211	0.25	1
MRPS10	0.170753264083307	0.29808333439111	0.176	0.113	1
DOCK9	0.171216302990153	-0.280496204708958	0.57	0.613	1
CDC42BPB	0.173773610938276	0.335086123120493	0.289	0.223	1
MAP2	0.175544604968902	0.42342669604138	0.239	0.167	1
GJA5	0.177100029720594	-0.332137596005391	0.415	0.468	1
CADPS2	0.178930482800113	0.25767662387393	0.204	0.137	1
TEAD1	0.179710101883169	-0.286030630248157	0.246	0.282	1
IFIT2	0.181866533099659	-0.512807896383676	0.254	0.309	1
CCL8	0.204066439586376	0.329673107003344	0.134	0.083	1
UIMC1	0.209181554636521	0.303783457559375	0.12	0.07	1
CBLB	0.218901052744169	0.405676205801818	0.141	0.089	1
PPP1R12C	0.227802327221159	0.302073817976965	0.155	0.099	1
SLC4A7	0.231133945260122	0.275156471506517	0.148	0.094	1
MYH11	0.235802768366231	-0.276426349702579	0.085	0.108	1
B3GNT5	0.236690194811285	-0.390070190826181	0.204	0.245	1
CD44	0.253398598171511	-0.257417152467546	0.099	0.126	1
RNF2	0.255575144698324	0.296904825896146	0.113	0.067	1
ETV3	0.262714022423548	0.252837573991479	0.211	0.153	1
EOGT	0.279958410572339	0.36478817162571	0.239	0.177	1
CNKSR3	0.28350445169753	-0.676704595596956	0.246	0.25	1
SOX4	0.302507949297763	-0.259208202144549	0.211	0.239	1
DDIT4	0.311760532526532	0.281827056495003	0.38	0.315	1
TNKS	0.315900646871974	0.283685509540512	0.183	0.134	1
RALGAPB	0.323362373580457	0.261461460938894	0.162	0.116	1
SAT1	0.328932710958204	0.259439013690775	0.845	0.825	1
XPC	0.351537844108301	0.250098798360341	0.19	0.145	1
PIBF1	0.354558819815702	0.641213992536145	0.232	0.177	1
APOLD1	0.378339666201344	0.250299882724669	0.577	0.554	1
LMBR1	0.383300734368128	0.289761222011146	0.162	0.116	1
ATF6	0.411089493898249	0.262200214780407	0.303	0.245	1
FLT1	0.419579761629509	0.329435919319692	0.704	0.648	1
STX8	0.420646533771958	0.283407352889876	0.134	0.094	1
SENP5	0.430852885408338	0.613771624774518	0.162	0.118	1
CASP8	0.555423875598799	0.292831155328594	0.113	0.083	1
ITPKC	0.617167471048252	0.339749886651701	0.204	0.177	1
UBN1	0.644045193338114	0.251024630391699	0.162	0.132	1
