	p_val	avg_log2FC	pct.1	pct.2	p_val_adj	perDiff	FC
MFAP5	2.55542505933385e-82	2.33743634242965	0.934	0.33	7.50834990933471e-78	0.604	5.05403740745823
S100A10	6.94354892261543e-79	1.32303083032707	0.963	0.935	2.04015354444287e-74	0.0279999999999999	2.50191162539231
MARCKS	2.77367997935568e-69	1.72099009289614	0.928	0.38	8.14962651534285e-65	0.548	3.29662570153916
GPX3	1.83033545470565e-66	1.54555253680026	0.851	0.234	5.37789163301613e-62	0.617	2.91915848095233
SCARA5	2.90012753213159e-61	1.42105619650386	0.886	0.324	8.52115471490905e-57	0.562	2.67781481936845
CFD	2.41067407639297e-59	1.27767841099792	0.96	0.66	7.08304257125782e-55	0.3	2.42448513951466
PCOLCE2	9.16350174777955e-57	1.62033047152699	0.771	0.202	2.69242008353259e-52	0.569	3.07445453310191
SFRP2	1.61367181029761e-56	1.33527780298147	0.856	0.277	4.74129051301645e-52	0.579	2.52324064194938
THSD4	5.70879852435806e-54	-1.72866517159113	0.109	0.617	1.67735918242689e-49	-0.508	-3.31421034896031
FBN1	1.46489225251768e-52	1.37391321127623	0.947	0.891	4.30414641634745e-48	0.0559999999999999	2.59172601478418
SLPI	4.02812708905067e-52	1.80681141497713	0.894	0.421	1.18354430130487e-47	0.473	3.4986816919374
MFAP4	5.51309822536687e-52	1.4044410468998	0.926	0.648	1.61985852057729e-47	0.278	2.6471520180712
PLAC9	1.24731677569091e-51	1.12449147518557	0.957	0.879	3.66486615033505e-47	0.078	2.1802468309296
CST3	2.55770658465486e-50	0.804445851872858	0.963	0.947	7.5150534870329e-46	0.016	1.74647483114991
SFRP4	7.22881290480799e-50	-1.82981213188641	0.854	0.928	2.12396980769068e-45	-0.0740000000000001	-3.55490777353358
POSTN	1.79965544743653e-49	-2.17869174311729	0.152	0.657	5.28774763565802e-45	-0.505	-4.52742814133783
RAMP1	4.10822940923617e-48	-1.58349802538069	0.141	0.62	1.20707996502177e-43	-0.479	-2.99695625425016
C17orf58	2.21192644324549e-45	1.48804981031525	0.761	0.249	6.4990822755439e-41	0.512	2.80509534799713
NEGR1	6.96988845263482e-43	0.880030436468976	0.777	0.262	2.04789262515316e-38	0.515	1.84041412796991
PROCR	1.57900913569593e-42	1.06055293222924	0.731	0.218	4.63944464250177e-38	0.513	2.08573075280706
RBP1	2.86187572952791e-41	-1.08403856275361	0.694	0.838	8.4087632684989e-37	-0.144	-2.11996223191526
HLA-DRB1	2.91482310169566e-41	1.06158047460688	0.707	0.202	8.56433323740219e-37	0.505	2.08721681887328
GSN	4.01557288361172e-39	0.769268436212771	0.976	0.975	1.17985562466279e-34	0.001	1.704405292189
RPS26	1.73705800420376e-38	-0.994475613192449	0.891	0.907	5.1038238279515e-34	-0.016	-1.99235621789547
TPM2	2.23501078419758e-38	-1.19967010755029	0.372	0.717	6.56690868612932e-34	-0.345	-2.29687143808129
SERPING1	2.83905078237155e-38	0.70275268366659	0.96	0.891	8.3416990087641e-34	0.069	1.62760733100203
CFH	3.21831962918011e-38	0.859774255469582	0.723	0.237	9.45606673445701e-34	0.486	1.814754326213
TGM2	4.95088861244417e-38	-1.42146067268529	0.106	0.526	1.45467009210835e-33	-0.42	-2.67856568086567
FBLN2	6.53094308041181e-38	0.89974121046864	0.824	0.364	1.9189216958866e-33	0.46	1.86573127960726
APOE	1.32322529936868e-37	-1.8511730957158	0.024	0.383	3.88790057460506e-33	-0.359	-3.60793437043994
NTM	2.08151103872243e-37	0.976617027563494	0.566	0.112	6.11589573397426e-33	0.454	1.96784559778566
C12orf75	3.40824981150491e-37	1.01358054090542	0.59	0.134	1.00141195961637e-32	0.456	2.01891551644676
SEMA3C	4.18464399029993e-37	1.17101140090903	0.949	0.819	1.22953209722993e-32	0.13	2.25169496624059
FN1	1.30868027346341e-36	0.930096779969084	0.771	0.296	3.84516437949018e-32	0.475	1.90540381155247
TNXB	1.24966510258546e-35	0.883625628385627	0.918	0.76	3.6717660044166e-31	0.158	1.8450061539958
NR2F2	6.5178873654263e-35	-0.890028730661622	0.63	0.804	1.91508566570956e-30	-0.174	-1.85321302936701
EBF2	3.15335624323976e-34	0.890106985954535	0.455	0.059	9.26519131388706e-30	0.396	1.85331355488185
C3	3.26937458376054e-34	0.866692332859564	0.899	0.511	9.60607640200522e-30	0.388	1.82347741731031
CLEC3B	4.27251247413193e-34	1.02071675244405	0.729	0.271	1.25534961514944e-29	0.458	2.02892671031975
CHRDL1	4.67159322552162e-34	0.889856062961915	0.904	0.57	1.37260752152276e-29	0.334	1.85299124245178
IGKC	8.1399959433281e-34	0.682222830679581	0.407	0.037	2.39169360806866e-29	0.37	1.60461015275634
VEGFD	5.37494975986515e-33	1.09769250076754	0.431	0.053	1.57926773844358e-28	0.378	2.14012119804129
S100A4	1.37622589011329e-32	0.79119509858341	0.965	0.91	4.04362691033088e-28	0.0549999999999999	1.73050738537907
SFRP1	7.05282921583029e-32	-1.40386539463795	0.468	0.748	2.07226228019526e-27	-0.28	-2.64609598403139
MT2A	8.92122097749723e-32	2.01810621439547	0.761	0.38	2.62123314760823e-27	0.381	4.0505174264644
SH3BGRL3	1.07723651632931e-31	1.12859466826362	0.878	0.601	3.16513633227879e-27	0.277	2.1864565337546
IL18	1.3007297642967e-31	0.598541018917685	0.394	0.047	3.82180419345657e-27	0.347	1.51418451439394
PRSS23	1.29033021517228e-30	1.11995672344994	0.819	0.455	3.79124823821919e-26	0.364	2.17340452841807
KCNAB1	2.11667787000392e-30	0.756724972118201	0.348	0.025	6.21922291764553e-26	0.323	1.68965063190904
APOD	4.01796183190531e-30	0.881299929952335	0.88	0.526	1.18055754545042e-25	0.354	1.84203430543461
CD34	6.96729026010065e-30	0.763929526853466	0.928	0.732	2.04712922422277e-25	0.196	1.6981095411665
CACNA1D	2.04696214056633e-29	-0.914677261799153	0.069	0.414	6.014384161412e-25	-0.345	-1.88514730764493
COLEC12	2.89261956500613e-29	0.741277361995604	0.694	0.268	8.49909480590103e-25	0.426	1.6716552671665
GPX4	4.69021074458036e-29	0.791803480691436	0.92	0.695	1.3780777209726e-24	0.225	1.73123729136509
S100A11	4.79891843016978e-29	0.735889137571469	0.934	0.903	1.41001821315249e-24	0.031	1.66542355906954
FBLN5	6.87808537145719e-29	0.669796135527142	0.867	0.495	2.02091904384155e-24	0.372	1.59084815192088
PDGFD	8.9456934132536e-29	0.741673418417016	0.418	0.062	2.62842363868217e-24	0.356	1.67211424198099
LMNA	9.20231133545116e-29	-0.749702829521375	0.843	0.907	2.70382311658226e-24	-0.0640000000000001	-1.68144644565354
ITGA11	3.41751358252972e-28	0.475709568710123	0.553	0.162	1.00413384081888e-23	0.391	1.39060199917532
CD248	4.49105515012544e-28	0.87010104522348	0.878	0.748	1.31956182420986e-23	0.13	1.82779091301062
RAMP2	9.03341166628692e-28	0.964093213523867	0.737	0.349	2.65419701578842e-23	0.388	1.95083696390822
C1QTNF3	2.73294926057302e-27	0.469634549617925	0.527	0.153	8.02995151741564e-23	0.374	1.38475864921723
CRABP2	3.19222107266963e-27	-1.08004393195954	0.176	0.505	9.37938395571789e-23	-0.329	-2.11410045727921
CREB5	4.73149259958322e-27	0.965611255548425	0.681	0.274	1.39020715560954e-22	0.407	1.9528907666984
PDE5A	1.32081607682863e-26	-0.732950033104905	0.051	0.364	3.88082179693787e-22	-0.313	-1.66203415861388
CPXM2	1.91957072512357e-26	0.599410758216031	0.527	0.15	5.64008270455807e-22	0.377	1.51509762685692
MGST1	2.89177248097507e-26	0.790667338363623	0.827	0.461	8.49660590360096e-22	0.366	1.72987445471516
CNTN4	3.9843983386393e-26	0.597818616409132	0.513	0.143	1.170695919859e-21	0.37	1.51342650466652
MT1X	5.31005162815079e-26	1.25121237517283	0.375	0.053	1.56019936938326e-21	0.322	2.38041378099482
HLA-DRB5	8.39787489841994e-26	0.629861858683871	0.285	0.016	2.46746360265375e-21	0.269	1.54741681778509
MYLK	1.20450118094922e-25	-0.95857360142514	0.162	0.502	3.53906536986501e-21	-0.34	-1.94338750934936
APBB1IP	1.23950950503308e-25	0.63738405714097	0.519	0.143	3.64192682768819e-21	0.376	1.55550610501593
ACTA2	1.27913272562633e-25	-1.56565821852971	0.391	0.614	3.75834777443529e-21	-0.223	-2.96012524486251
FAIM2	1.76710512800033e-25	0.657158552261104	0.644	0.246	5.19210828709056e-21	0.398	1.57697364807666
PI16	2.13718211544615e-25	1.07066486275875	0.904	0.695	6.27946849160389e-21	0.209	2.10040110935651
FILIP1	3.7927421756128e-25	0.551815518270773	0.351	0.047	1.11438350603855e-20	0.304	1.46592929244117
TRAC	4.82871977052935e-25	0.590215689956112	0.473	0.128	1.41877444297693e-20	0.345	1.50547180597612
DCN	5.282378370942e-25	0.417280150056672	1	0.997	1.55206841295018e-20	0.003	1.33540759453992
TIMP2	7.18398839386739e-25	0.61477375434131	0.963	0.882	2.11079946988612e-20	0.081	1.53131783464183
IGFBP6	9.32714055861715e-25	0.635262082538837	0.984	0.984	2.74050043893289e-20	0	1.5532198850527
ALDH1A2	1.60562170005237e-24	-0.851055494861084	0.104	0.433	4.71763767909388e-20	-0.329	-1.80382014136767
PDGFRL	3.66174617335247e-24	0.789989138147016	0.88	0.632	1.07589426065442e-19	0.248	1.72906144470038
ANXA2	4.50288944162782e-24	0.543380573546066	0.979	0.953	1.32303897573909e-19	0.026	1.45738351146384
PTGDS	4.6094678059236e-24	-1.99488141387045	0.295	0.561	1.35435383073647e-19	-0.266	-3.98583341174079
PLA2G5	3.63923754186631e-23	0.460386329561754	0.391	0.078	1.06928077455116e-18	0.313	1.37591021451648
ITM2A	4.14632085610328e-23	1.01732092542427	0.854	0.601	1.21827199394027e-18	0.253	2.02415662268831
CTSC	4.5783945159533e-23	-0.855045744405212	0.146	0.377	1.3452238766774e-18	-0.231	-1.80881610744047
STXBP6	7.86996145651614e-23	0.399931463807967	0.386	0.081	2.31235207515357e-18	0.305	1.3194452281567
TJP1	1.02776605808967e-22	-0.784522471998889	0.487	0.66	3.01978223187908e-18	-0.173	-1.72252207509216
NNMT	1.32364330258607e-22	0.768861709092677	0.604	0.234	3.88912875165839e-18	0.37	1.70392485098175
ALDH1A1	1.32463089967036e-22	-0.72023075770037	0.763	0.844	3.89203050941145e-18	-0.081	-1.64744552080739
IGSF10	1.69889877653201e-22	-0.689775278776195	0.043	0.305	4.99170438520636e-18	-0.262	-1.61303224509654
NR4A1	2.2867189324012e-22	-0.883979713877641	0.766	0.835	6.71883756718122e-18	-0.069	-1.84545903563012
DPP4	4.27967776802038e-22	0.574709847015462	0.436	0.109	1.25745492179975e-17	0.327	1.48937789121916
CYTOR	4.46327323791433e-22	0.69610620700986	0.652	0.283	1.31139894276399e-17	0.369	1.62012621185032
FOXL2	5.78009058919982e-22	-0.647735981019392	0.069	0.343	1.69830621691869e-17	-0.274	-1.56670763387953
NBL1	6.07796404928064e-22	-0.639884703919729	0.832	0.863	1.78582739695964e-17	-0.031	-1.5582046270674
FAM180B	1.08364578272018e-21	0.581741315763789	0.423	0.103	3.18396803878844e-17	0.32	1.49665460320906
TPM4	1.12951341173105e-21	-0.728081013021294	0.646	0.776	3.31873630634819e-17	-0.13	-1.65643433538392
CADM3	1.28945069233202e-21	0.450099714201224	0.447	0.137	3.78866402420993e-17	0.31	1.36613467609917
ESR1	1.82671061810838e-21	-0.752304151837599	0.247	0.567	5.36724113812603e-17	-0.32	-1.68448099541869
SELENOK	2.23027643232085e-21	-0.781221762012247	0.734	0.682	6.55299821344511e-17	0.0519999999999999	-1.71858565977593
RNASE4	2.27006552639706e-21	0.755001293348335	0.801	0.601	6.66990652965984e-17	0.2	1.68763310518995
NR2F1	2.3781041901078e-21	-0.833827696604851	0.657	0.829	6.98734573137475e-17	-0.172	-1.7824081032074
IGHA1	2.50147376642479e-21	0.431245419355345	0.277	0.028	7.34983022050931e-17	0.249	1.34839709039566
CLDN11	2.936219625151e-21	0.753779215660461	0.492	0.159	8.62720050261865e-17	0.333	1.68620415074373
MTRNR2L8	4.77357381899422e-21	-0.266248618117413	0.013	0.187	1.40257145949688e-16	-0.174	-1.20267648701384
SPARCL1	5.1174294841883e-21	-0.748666785985296	0.931	0.972	1.50360313104421e-16	-0.0409999999999999	-1.68023938088152
WNT4	6.97718757765219e-21	-0.463285353880819	0.005	0.202	2.05003725406577e-16	-0.197	-1.37867781778024
TC2N	7.11723828859076e-21	0.47179321601162	0.34	0.059	2.09118695395374e-16	0.281	1.38683217781808
PEG3	8.21799799219e-21	-0.938047514015083	0.234	0.495	2.41461217006527e-16	-0.261	-1.91593353515528
PDK4	9.70909927102269e-21	0.82301856538078	0.734	0.396	2.85272754781189e-16	0.338	1.76910363629989
SDC2	1.31138594439868e-20	0.796116277262013	0.811	0.523	3.8531141818322e-16	0.288	1.73642040028251
TENT5A	1.69357526111676e-20	0.53562857332166	0.625	0.271	4.97606283221325e-16	0.354	1.44957358725107
TIMP1	1.97387997542801e-20	0.506436279581072	0.965	0.963	5.79965414380257e-16	0.002	1.4205368724152
CRISPLD2	2.77728323841848e-20	-1.03470639774814	0.314	0.604	8.16021361112117e-16	-0.29	-2.04869667425261
SLC31A2	3.42724337140594e-20	0.363043975276718	0.255	0.025	1.00699264738649e-15	0.23	1.28613668600155
IGLC2	3.90773640159904e-20	0.345298899926574	0.197	0.003	1.14817110951783e-15	0.194	1.27041416176616
HTRA3	4.49745704064483e-20	0.884565736725914	0.697	0.361	1.32144282768226e-15	0.336	1.84620881351691
ADAMTS16	7.44000527090046e-20	0.52838991430086	0.457	0.14	2.18602234869597e-15	0.317	1.44231863135745
FBP1	1.19039697078816e-19	0.392606558969925	0.293	0.044	3.49762437956979e-15	0.249	1.31276306965114
ABCA9	1.19560145384714e-19	0.506844509945755	0.684	0.333	3.51291619169367e-15	0.351	1.42093888969744
CCND1	1.28002118275241e-19	0.493124745848726	0.316	0.053	3.76095823916314e-15	0.263	1.40749007183639
STRA6	2.38504951291266e-19	-0.478362709695479	0.003	0.178	7.00775247883997e-15	-0.175	-1.39316169310046
CPVL	3.28478846692363e-19	0.585019202438184	0.407	0.109	9.65136547351502e-15	0.298	1.50005895511147
SPON1	5.22764294714378e-19	-0.664861767777989	0.098	0.358	1.53598605072978e-14	-0.26	-1.58541635883849
CSRNP1	5.35156316733311e-19	-0.782119289194986	0.535	0.642	1.57239628982581e-14	-0.107	-1.71965515624129
MAGED2	7.68945315119647e-19	-0.487356742259697	0.657	0.648	2.25931512488455e-14	0.00900000000000001	-1.40187405448029
FSTL1	1.01388833879976e-18	0.698375076809549	0.931	0.85	2.97900671706145e-14	0.0810000000000001	1.62267612522911
HES4	1.11268046948495e-18	-0.698347146338987	0.056	0.305	3.26927775544069e-14	-0.249	-1.622644710642
LEPR	1.18663256005369e-18	-0.990989367231691	0.407	0.564	3.48656378794977e-14	-0.157	-1.98754753821994
MT1M	1.27604508953396e-18	0.975406932100732	0.271	0.034	3.74927568206867e-14	0.237	1.96619571159185
MT1E	1.4198480314864e-18	0.851261608218023	0.351	0.078	4.17179748611335e-14	0.273	1.80407786595514
CPB1	1.5641425991198e-18	0.487110689076252	0.194	0.006	4.59576378473379e-14	0.188	1.40163498374723
IRF1	1.8586187872732e-18	-0.957229703670341	0.582	0.701	5.46099372076611e-14	-0.119	-1.94157804998091
NAV1	2.26640918317499e-18	0.516389069948722	0.54	0.212	6.65916346200476e-14	0.328	1.43037068063331
RSPO3	2.6745722440559e-18	0.486593984325001	0.386	0.103	7.85842816748504e-14	0.283	1.40113307464104
TAGLN	2.83973353570911e-18	-0.909464754662738	0.654	0.692	8.3437050746205e-14	-0.0379999999999999	-1.87834849471795
TSHZ2	3.08946666586694e-18	0.660699637685663	0.694	0.361	9.07747095765026e-14	0.333	1.58084907361091
VGLL3	3.09226003169463e-18	0.509607254605213	0.41	0.115	9.08567842512515e-14	0.295	1.42366257865823
MDK	3.39095552493311e-18	-0.851072401118972	0.383	0.592	9.96330552335847e-14	-0.209	-1.80384127960293
CILP	3.5871219190032e-18	0.454045331038864	0.388	0.109	1.05396816224152e-13	0.279	1.36987602227587
SBSPON	3.84460212303599e-18	-0.506269518195252	0	0.146	1.12962099579044e-13	-0.146	-1.42037268178576
MIR4435-2HG	5.07465276570033e-18	0.398582294428238	0.439	0.14	1.49103447561807e-13	0.299	1.31821189544772
ADAMTS5	5.8403781151966e-18	1.04651500086505	0.761	0.508	1.71601989780707e-13	0.253	2.06553427603539
CNN1	7.31852903405679e-18	-0.606916463922401	0.09	0.352	2.15033020078657e-13	-0.262	-1.52300055115887
LINC01697	7.78107447693251e-18	0.541354304239633	0.359	0.087	2.28623530281231e-13	0.272	1.45533804892376
CD44	9.25170236760234e-18	0.612118469960218	0.606	0.28	2.71833518964892e-13	0.326	1.52850203179489
CAV1	9.8934511597251e-18	-0.749118121071285	0.439	0.648	2.90689381975043e-13	-0.209	-1.68076511195997
CD24	1.19322567411777e-17	0.777663841278668	0.41	0.121	3.50593567569285e-13	0.289	1.71435256977168
NHSL1	2.9977629947117e-17	0.420661550458692	0.298	0.056	8.80802723106192e-13	0.242	1.33854120460615
NOX4	3.89791648477345e-17	0.457877483515984	0.266	0.04	1.14528582155613e-12	0.226	1.37351958650759
S100A13	4.73838350908672e-17	0.586037451562237	0.931	0.86	1.39223184263986e-12	0.0710000000000001	1.50111806520009
LAMC1	6.27706129431469e-17	0.549570415016852	0.697	0.386	1.84432614949554e-12	0.311	1.46364980646049
MGLL	6.54654663344652e-17	0.396605531359671	0.346	0.087	1.92350633183926e-12	0.259	1.31640693450989
CEBPB	6.74459430998298e-17	-0.73306830541527	0.766	0.794	1.9816967001592e-12	-0.028	-1.6621704179563
MIDN	1.30443838893804e-16	-0.766923921054064	0.479	0.62	3.83270087437776e-12	-0.141	-1.70163772264183
ADAMTSL1	1.41936536453865e-16	0.600574068456216	0.367	0.1	4.17037931408748e-12	0.267	1.51631981126077
WNT10B	1.51596257216446e-16	0.364161001886641	0.274	0.047	4.45420122953361e-12	0.227	1.28713288074662
TNFAIP3	2.2369420316997e-16	-1.13921860454622	0.221	0.386	6.57258307754005e-12	-0.165	-2.20261692271556
CXCL14	2.37613890901815e-16	0.850062633812161	0.402	0.125	6.98157134247713e-12	0.277	1.80257918150722
FTL	2.57940838055557e-16	0.397190522213197	0.971	0.972	7.57881770374838e-12	-0.001	1.31694082569586
KLF10	2.82700014219294e-16	-0.783537120639671	0.316	0.539	8.3062918177913e-12	-0.223	-1.72134600535256
LINC01133	2.86128317708518e-16	0.638370258033118	0.63	0.321	8.40702223091168e-12	0.309	1.55656978507746
PPP1R15B	3.21742559421678e-16	-0.70185356282128	0.396	0.542	9.45343988092775e-12	-0.146	-1.62659328457134
TMOD1	4.29502173093315e-16	-0.377007184109678	0.077	0.324	1.26196328498278e-11	-0.247	-1.29864506950569
MGP	4.35470429151801e-16	0.526235989968088	0.971	0.969	1.27949921493382e-11	0.002	1.44016687566993
ASPH	6.04628509310417e-16	0.509888431038618	0.678	0.364	1.77651948605587e-11	0.314	1.42394007276893
AGTR1	6.9422933831867e-16	0.392648182527082	0.319	0.078	2.03978464184791e-11	0.241	1.31280094505472
NR4A2	7.32563243269981e-16	-1.09611287814057	0.378	0.579	2.15241732137586e-11	-0.201	-2.13777923821665
DNER	7.49375262352435e-16	0.276279126518792	0.348	0.1	2.20181439584392e-11	0.248	1.21106737346506
CD59	7.52973449140326e-16	0.567699712124731	0.891	0.741	2.21238658826411e-11	0.15	1.48215847575386
MYH9	7.6579081303614e-16	-0.609161629936717	0.295	0.47	2.25004656686279e-11	-0.175	-1.52537253625606
RHOBTB3	8.35585505156307e-16	0.520305528955435	0.793	0.505	2.45511733125026e-11	0.288	1.43425895824643
TGFBR2	9.88635497808475e-16	0.574612330608824	0.513	0.215	2.90480881966086e-11	0.298	1.48927722277053
FOSB	1.02936880672834e-15	-0.650619924416899	0.872	0.931	3.02449142792921e-11	-0.0590000000000001	-1.56984261046834
HLA-DPA1	1.0866387391528e-15	0.327949493738332	0.449	0.184	3.19276194337875e-11	0.265	1.25522804714745
GAS6	1.33356311466926e-15	-0.703220558393698	0.378	0.579	3.91827514352123e-11	-0.201	-1.62813525950374
CSRP1	1.33666291162858e-15	-0.594216903739799	0.62	0.732	3.92738296694709e-11	-0.112	-1.50965292206317
NET1	1.4590167854769e-15	0.340670969185488	0.473	0.193	4.28688311908822e-11	0.28	1.26634540946491
PAWR	1.50134183057352e-15	-0.678338602884148	0.271	0.498	4.4112425665911e-11	-0.227	-1.60029580463391
FMO3	1.67909250772773e-15	-0.611679896168642	0.027	0.202	4.9335096062056e-11	-0.175	-1.52803744362534
RARRES2	1.85702681983639e-15	-0.512963390016242	0.843	0.903	5.45631620204328e-11	-0.0600000000000001	-1.42697829410452
REXO2	1.94347538458056e-15	0.623137931034349	0.862	0.673	5.7103193749746e-11	0.189	1.54022159664083
PPP1R15A	2.16227600775751e-15	-0.580538795604534	0.827	0.857	6.35319936599313e-11	-0.03	-1.49540762625329
DCLK1	2.35259171221541e-15	0.653552935607115	0.5	0.206	6.91238496883133e-11	0.294	1.57303736011639
CHL1	2.65036000250111e-15	0.317590637682106	0.202	0.019	7.78728775934875e-11	0.183	1.2462475234391
FGL2	3.92250885706604e-15	0.369944866316404	0.282	0.065	1.15251155238314e-10	0.217	1.29230344333901
TRIL	3.96817667611953e-15	0.306037446501755	0.221	0.028	1.16592967097744e-10	0.193	1.23630735002033
NPR1	4.42128339533589e-15	0.443579667969077	0.479	0.19	1.29906148721759e-10	0.289	1.35997456342147
GAS7	4.84576718814039e-15	0.592202144080938	0.755	0.495	1.42378331521941e-10	0.26	1.50754612549026
CPQ	5.40959562952591e-15	0.540318919201477	0.835	0.598	1.5894473878673e-10	0.237	1.45429396502553
TLE1	5.88642957831963e-15	-0.654853155752805	0.229	0.467	1.72955073870187e-10	-0.238	-1.57445568952024
AL583785.1	6.15634068493045e-15	0.492217785647978	0.287	0.062	1.80885602004626e-10	0.225	1.40660552155102
IGFBP3	7.64729915081218e-15	-0.897809160170022	0.699	0.757	2.24692943649163e-10	-0.0580000000000001	-1.86323437349659
ZFHX4	8.55097695714891e-15	0.290885085343741	0.447	0.184	2.51244804954949e-10	0.263	1.22339059080149
VSIR	8.57177004040693e-15	0.561563129452592	0.668	0.383	2.51855747327236e-10	0.285	1.47586742234788
KRT13	9.30620468125706e-15	0.81849787125775	0.16	0.006	2.73434905944695e-10	0.154	1.7635688149866
TPT1	1.19464975887009e-14	0.274337293811312	0.984	1	3.51011992151209e-10	-0.016	1.20943840253161
PAM	1.25782097016561e-14	0.486934724141768	0.644	0.343	3.69572957454058e-10	0.301	1.40146403731676
PMP22	1.27046682958908e-14	0.469909705688534	0.936	0.85	3.73288563869864e-10	0.0860000000000001	1.38502278063474
BMP4	1.33148908997084e-14	0.378915445330813	0.372	0.118	3.91218124415233e-10	0.254	1.30036393150575
TBC1D12	1.33265329780213e-14	0.339217474493264	0.407	0.143	3.91560191960221e-10	0.264	1.26507022698493
NRP1	1.4851918691894e-14	-0.621894299648353	0.285	0.52	4.36379075005229e-10	-0.235	-1.53889446754116
PRELP	1.81309430294066e-14	0.549977726486008	0.84	0.642	5.32723368090023e-10	0.198	1.46406309235957
MEST	2.17539837572076e-14	0.431719561076152	0.295	0.069	6.39175550754273e-10	0.226	1.34884031392404
ADAMTS4	3.15279136110028e-14	-1.03623527931245	0.146	0.352	9.26353157718485e-10	-0.206	-2.05086891075456
TOX3	3.35321492312622e-14	-0.395752787129045	0.021	0.19	9.85241608712945e-10	-0.169	-1.31562906621982
EPB41L2	3.79393346682203e-14	0.475511151018066	0.878	0.632	1.11473353122165e-09	0.246	1.39041075912923
ADAMTSL3	4.78232908349701e-14	0.380044819365544	0.436	0.181	1.40514393131309e-09	0.255	1.30138228409848
NUPR1	5.0149143978848e-14	0.513858426489523	0.923	0.826	1.47348214838651e-09	0.0970000000000001	1.42786385470266
FLNA	5.33430830306482e-14	-0.595290695618479	0.471	0.586	1.5673264656065e-09	-0.115	-1.51077696867217
PAMR1	5.5185532341861e-14	0.316464563325835	0.649	0.358	1.62146131126856e-09	0.291	1.24527516282819
RPS9	6.09743918986844e-14	0.338620598581553	0.952	0.944	1.79154958276715e-09	0.00800000000000001	1.26454694677237
ADIRF	6.48043271391996e-14	0.571754617605684	0.923	0.798	1.90408074000396e-09	0.125	1.48633015880857
NINJ2	7.32565145136293e-14	0.388618636528807	0.25	0.047	2.15242290943946e-09	0.203	1.30913931812481
VCAN	7.49705292902886e-14	-0.563012015900436	0.513	0.433	2.20278409160726e-09	0.08	-1.47735036806861
PAPPA	8.0945003472721e-14	-0.744602093792502	0.152	0.361	2.37832609203549e-09	-0.209	-1.6755120866919
BSG	8.30549614269907e-14	-0.497706625677141	0.713	0.741	2.44032087664784e-09	-0.028	-1.41196724941127
TPPP3	8.44162022955974e-14	0.649126728720549	0.755	0.517	2.48031685584924e-09	0.238	1.56821865702412
TWIST1	1.14391112160362e-13	0.423877467461612	0.362	0.115	3.36103965749575e-09	0.247	1.34152827991005
SH3D19	1.15013481906457e-13	0.450245267067868	0.707	0.421	3.37932612537553e-09	0.286	1.36627251177733
CD74	1.21232210192886e-13	0.593419668086808	0.676	0.389	3.56204479988738e-09	0.287	1.50881891583272
C16orf89	1.2974131905059e-13	0.487729289168597	0.481	0.206	3.81205943634443e-09	0.275	1.40223610693678
IER2	1.37587506114308e-13	-0.712733459830631	0.872	0.9	4.0425961046506e-09	-0.028	-1.63890639677799
MIR22HG	1.5022135335119e-13	-0.588957273309871	0.545	0.639	4.41380380416467e-09	-0.094	-1.50415920372334
MARCH3	1.50870876644615e-13	0.548667101070482	0.282	0.069	4.43288809757208e-09	0.213	1.46273365896034
MOXD1	1.567125995027e-13	-0.430458607780587	0.021	0.184	4.60452959858832e-09	-0.163	-1.34766190717508
SULF1	1.68385258858411e-13	0.642568489367482	0.535	0.252	4.94749567577784e-09	0.283	1.56110598798715
AC006115.2	1.71613165901009e-13	-0.492914868474872	0.08	0.268	5.04233804050345e-09	-0.188	-1.40728533083025
DBN1	1.95231838979756e-13	0.531978710725777	0.737	0.467	5.73630189290318e-09	0.27	1.4459109576581
LUM	2.41317154679804e-13	0.527810932622127	0.957	0.857	7.09038063880201e-09	0.1	1.44173991687168
TES	2.65165536100772e-13	0.278624054624239	0.178	0.022	7.79109378171288e-09	0.156	1.2130374191248
CALD1	2.82821659621137e-13	-0.442243031738104	0.957	0.96	8.30986600298825e-09	-0.003	-1.35871515002888
GAL	2.85936394134676e-13	0.274507998493407	0.199	0.031	8.40138313246506e-09	0.168	1.20958151594574
APCDD1	2.88837034974755e-13	-0.486867810928325	0.144	0.349	8.48660976162825e-09	-0.205	-1.40139903793371
CCL2	3.04250813802221e-13	-1.28868645876926	0.128	0.346	8.93949741113685e-09	-0.218	-2.44305519592372
PCOLCE	3.39205476893529e-13	0.553216546743082	0.838	0.651	9.96653532208566e-09	0.187	1.46735357559735
ACKR3	3.56514801297662e-13	0.435646806933603	0.899	0.71	1.04751178917279e-08	0.189	1.35251707434838
CYP1B1	3.76772001490002e-13	-0.694274064010166	0.58	0.723	1.10703149477792e-08	-0.143	-1.61807004695002
MT1A	3.88844161001743e-13	1.21832819432566	0.245	0.053	1.14250191385532e-08	0.192	2.3267693326036
TRIO	4.01162896082991e-13	0.656805672622298	0.428	0.168	1.17869682127105e-08	0.26	1.57658797139235
NEAT1	4.57319529080348e-13	-0.659572765444433	0.947	0.947	1.34369624034388e-08	0	-1.57961477298045
NFKBIZ	4.68633373129232e-13	-0.772239082379039	0.697	0.766	1.37693857692831e-08	-0.0690000000000001	-1.70791844034063
NDNF	4.73785268122147e-13	-0.310972749917482	0.008	0.143	1.39207587479649e-08	-0.135	-1.24054386570723
THBS2	4.76113223472669e-13	0.428449128963546	0.601	0.318	1.3989158732074e-08	0.283	1.34578610331722
EIF4A3	4.96828115062367e-13	-0.677074253505917	0.596	0.726	1.45978036767625e-08	-0.13	-1.59889395143369
CD63	5.09406719876382e-13	0.311801101928705	0.957	0.963	1.49673882434079e-08	-0.00600000000000001	1.24125635313111
DACT2	5.81625372666118e-13	0.25859357059514	0.133	0.003	1.70893166996759e-08	0.13	1.19631189627478
CDH13	6.30593536200585e-13	-0.345123697843206	0.029	0.199	1.85280992806456e-08	-0.17	-1.27025989098334
GRN	6.48191133862253e-13	0.402742983379988	0.641	0.358	1.90451518951407e-08	0.283	1.32201906600912
SVEP1	7.0120702349867e-13	0.254589483200201	0.449	0.202	2.06028647644379e-08	0.247	1.19299622936799
C1R	7.29223828041704e-13	0.443427582433181	0.944	0.888	2.14260545155213e-08	0.0559999999999999	1.35983120564113
FEZ1	7.37892081147604e-13	0.352621784029038	0.402	0.153	2.16807451282789e-08	0.249	1.27687896957304
ACKR4	9.21936846721348e-13	0.376882553037563	0.386	0.14	2.70883484303666e-08	0.246	1.29853288742151
MARCKSL1	9.27104289089897e-13	-0.678368935354732	0.207	0.439	2.72401782220394e-08	-0.232	-1.60032945099321
TMEM106C	9.58653545974607e-13	0.348145508801976	0.38	0.137	2.81671584878259e-08	0.243	1.27292331459447
CEP152	1.0223738247857e-12	0.342380098966266	0.306	0.097	3.00393877198535e-08	0.209	1.2678465106164
TMEM255A	1.09502161331429e-12	0.297299091052378	0.279	0.075	3.21739250424005e-08	0.204	1.22884171027759
GALNT15	1.09510526924171e-12	0.289305439941681	0.21	0.037	3.21763830208599e-08	0.173	1.22205180078195
PGR	1.33413997304797e-12	-0.567983971929591	0.176	0.411	3.91997006880956e-08	-0.235	-1.48245053996482
AC093425.1	1.33517045611008e-12	0.272143924638816	0.138	0.006	3.92299783414263e-08	0.132	1.20760105691537
RPL36AL	1.35740893446256e-12	0.370324212244036	0.934	0.91	3.98833893123789e-08	0.024	1.29264328959302
RBPMS	1.39636153963699e-12	-0.539194964417758	0.38	0.564	4.1027894757614e-08	-0.184	-1.45316141513623
MAOB	1.46158256086442e-12	-0.415591140527251	0.043	0.212	4.29442188033185e-08	-0.169	-1.33384510468493
IGFBP2	1.573237965215e-12	-0.926149208323577	0.287	0.48	4.62248778939471e-08	-0.193	-1.90019728031561
FGF9	1.620629521159e-12	0.478342138732698	0.348	0.115	4.76173365906937e-08	0.233	1.39314182856069
NEDD9	1.8055828967754e-12	0.3014111846461	0.239	0.053	5.30516366730547e-08	0.186	1.23234925708103
SMURF2	1.87371230854369e-12	0.492539198184741	0.519	0.249	5.50534150496306e-08	0.27	1.40691892875124
SPCS2	1.94338198027749e-12	-0.268587660366214	0.809	0.735	5.71004493445132e-08	0.0740000000000001	-1.20462796859323
ACP5	1.99625620576775e-12	-0.387269029589087	0.04	0.209	5.86539998378681e-08	-0.169	-1.30791522203681
VEGFB	2.18481658838363e-12	0.509738845782293	0.816	0.636	6.41942809998878e-08	0.18	1.42379243976771
COL12A1	2.20557738314437e-12	0.534884319867546	0.705	0.442	6.48042746715479e-08	0.263	1.44882597816564
TPM1	2.25562743323979e-12	-0.581954137002926	0.875	0.891	6.62748452434516e-08	-0.016	-1.49687540065606
PHGDH	2.29320932804002e-12	0.427739916335379	0.646	0.371	6.7379076476472e-08	0.275	1.34512469261529
MRVI1	2.39706749616532e-12	-0.26802113165929	0.003	0.118	7.04306371723296e-08	-0.115	-1.20415501878233
ZNF331	2.56056062941956e-12	-1.07134662461278	0.471	0.567	7.52343924136056e-08	-0.096	-2.10139391221146
GALNT12	2.66064990598587e-12	0.399886966045271	0.346	0.115	7.81752155376769e-08	0.231	1.31940453247705
SERF2	2.89837255356197e-12	0.373454534482162	0.944	0.922	8.51599823687579e-08	0.0219999999999999	1.29545107846961
CLMP	3.11785250346242e-12	-0.358241251605795	0.407	0.402	9.16087422567328e-08	0.00499999999999995	-1.28186226292554
ADI1	3.18674204156531e-12	0.547074449398783	0.793	0.573	9.36328546652718e-08	0.22	1.46111977679627
BCL2	3.1932039962341e-12	-0.538156345624224	0.191	0.414	9.38227198173502e-08	-0.223	-1.45211563791656
NQO1	3.21746402580473e-12	0.478256892478619	0.524	0.259	9.45355280061945e-08	0.265	1.39305951274873
KCNN3	3.85863370798444e-12	0.334813798885332	0.303	0.093	1.13374375607999e-07	0.21	1.26121461994183
KDM6B	3.88576327845733e-12	-0.714345943188791	0.261	0.458	1.14171496647633e-07	-0.197	-1.64073920733631
GOLIM4	3.92238008423572e-12	0.509925840733796	0.737	0.474	1.15247371635014e-07	0.263	1.42397699661854
FBLN1	4.27953169723862e-12	0.313432360724397	0.968	0.991	1.25741200328265e-07	-0.023	1.24266063847687
CAVIN2	4.7137265441321e-12	-0.654947874353442	0.346	0.545	1.38498713319689e-07	-0.199	-1.57455906211878
HLA-DRA	4.86149724923132e-12	0.541246607452473	0.447	0.193	1.42840512176915e-07	0.254	1.45522941239442
COL14A1	4.90273221275767e-12	-0.675064207933608	0.295	0.517	1.44052077875246e-07	-0.222	-1.59666783170909
PTHLH	4.98337717739139e-12	0.443776078799654	0.301	0.09	1.46421588226114e-07	0.211	1.3601597251566
RTN4	5.54402529355485e-12	0.436457541757189	0.92	0.829	1.62894551175229e-07	0.0910000000000001	1.35327734649271
CD55	6.0506754589767e-12	0.73466279620998	0.862	0.745	1.77780946335653e-07	0.117	1.66400849217281
AIF1L	6.45134923862153e-12	0.360688780207735	0.205	0.034	1.89553543329178e-07	0.171	1.28403878482375
CDON	6.52006150170011e-12	0.317831429925774	0.423	0.181	1.91572447042953e-07	0.242	1.2464555450744
ACVRL1	7.13399627284785e-12	0.26897758445104	0.378	0.146	2.09611078488816e-07	0.232	1.20495359315453
FTH1	8.09666115287377e-12	0.282952956373531	0.979	0.994	2.37896097993737e-07	-0.015	1.21668268420717
RPL18	8.1946948031827e-12	-0.477379329949077	0.939	0.95	2.40776522707114e-07	-0.011	-1.39221240018484
OAZ1	8.31206114592767e-12	0.388652467517808	0.915	0.875	2.44224980589647e-07	0.04	1.30917001761147
SLC9A3R2	8.89469187383355e-12	-0.372647729487269	0.029	0.181	2.61343836636977e-07	-0.152	-1.29472681992834
EFEMP1	9.6958086731239e-12	-0.45497704377117	0.854	0.838	2.84882250433726e-07	0.016	-1.37076099319516
PKP2	1.00324109235162e-11	-0.38477219918247	0.037	0.199	2.94772297754754e-07	-0.162	-1.30565360876693
CHDH	1.06051136714342e-11	-0.337693068684321	0.032	0.184	3.11599449894079e-07	-0.152	-1.26373421219704
HIST3H2A	1.1361312839422e-11	0.25468620756945	0.282	0.09	3.33818093847898e-07	0.192	1.1930762155555
WNT11	1.15113293548648e-11	0.323441456215043	0.202	0.034	3.38225879104637e-07	0.168	1.25131191563955
FABP5	1.25279804593584e-11	-0.395450448315716	0.011	0.137	3.6809712185687e-07	-0.126	-1.31535338491272
SASH1	1.32959224810879e-11	0.374829280162975	0.577	0.312	3.90660794339325e-07	0.265	1.29668610355267
MYL9	1.38956674578688e-11	-0.554770640727831	0.654	0.688	4.08282501247101e-07	-0.0339999999999999	-1.4689350838068
REL	1.44624699633465e-11	-0.625544450865316	0.218	0.455	4.24936292463048e-07	-0.237	-1.54279294183
GLUL	1.53211132957868e-11	0.485239075307377	0.867	0.688	4.50164950856807e-07	0.179	1.39981781631077
SARAF	1.56984135956198e-11	-0.369190956159213	0.713	0.72	4.61250788266502e-07	-0.00700000000000001	-1.29162829984467
RESF1	1.57606063530192e-11	-0.511812571270796	0.17	0.336	4.63078135864409e-07	-0.166	-1.42584046627546
DHRS3	1.58322505392565e-11	0.558026756529099	0.644	0.393	4.65183185344433e-07	0.251	1.47225416665391
SLC7A2	1.68490900967292e-11	-0.357863943059083	0.029	0.181	4.95059965222096e-07	-0.152	-1.28152706086707
CLU	1.74953112062098e-11	0.480535915520576	0.934	0.791	5.14047233860856e-07	0.143	1.39526186569522
SPRY2	1.81650857346637e-11	0.539024572763255	0.545	0.29	5.33726549055889e-07	0.255	1.45298979746973
GPNMB	1.8623403436798e-11	0.519489076267528	0.891	0.76	5.47192839779999e-07	0.131	1.43344750935226
SETD7	2.00820920181017e-11	0.418149780801848	0.601	0.336	5.90052027675864e-07	0.265	1.33621279698941
CMTM3	2.11654361727106e-11	0.485710150885837	0.545	0.287	6.21882845626583e-07	0.258	1.40027496604724
MALAT1	2.15896080678722e-11	-0.451979423801788	1	1	6.34345864250221e-07	0	-1.36791579409173
LIMCH1	2.18632200421335e-11	0.378888006609703	0.418	0.178	6.42385131277967e-07	0.24	1.30033920002547
KANK1	2.26346686477977e-11	0.366765288670061	0.356	0.134	6.65051834209591e-07	0.222	1.28945845224388
LOX	2.28449896452927e-11	0.478375143667113	0.391	0.159	6.71231485757989e-07	0.232	1.39317370021709
MICOS10	2.37844082000752e-11	-0.296633838505448	0.63	0.586	6.98833481734608e-07	0.044	-1.22827519995928
MEG3	2.40856227555608e-11	-0.804647434146103	0.851	0.879	7.07683767803887e-07	-0.028	-1.7467188764635
ITGB5	2.6457121314047e-11	0.270710029134343	0.471	0.231	7.77363138449329e-07	0.24	1.20640141772859
OGFRL1	2.71349527570789e-11	0.295274653526464	0.311	0.106	7.97279181908492e-07	0.205	1.22711856810514
NOVA1	2.76283229789624e-11	0.274549087826672	0.484	0.243	8.11775385767873e-07	0.241	1.20961596647366
HLA-B	3.01188143614209e-11	0.493546740769371	0.896	0.757	8.84951003567269e-07	0.139	1.40790182935957
MAP1B	3.10980785717501e-11	0.515187354444542	0.774	0.539	9.13723744595163e-07	0.235	1.42917972697931
PLAT	3.27471754807281e-11	0.533268333126674	0.766	0.526	9.62177509974752e-07	0.24	1.44720403261352
SLC16A9	3.46608140833849e-11	-0.402756487665843	0.061	0.224	1.01840403939802e-06	-0.163	-1.32203144077053
RGCC	3.64013931854526e-11	0.730010467353008	0.346	0.128	1.06954573457497e-06	0.218	1.65865112578952
SEMA3B	3.75894780773191e-11	0.456412750803565	0.492	0.24	1.10445404486779e-06	0.252	1.37212579359034
MT-ND2	4.00648749862531e-11	-0.451238710965507	0.965	0.981	1.17718615684609e-06	-0.016	-1.36721365490436
DST	4.96489793512402e-11	0.458282138445361	0.862	0.657	1.45878631129814e-06	0.205	1.37390489276423
GARS-DT	5.34394800529693e-11	0.395522372028202	0.287	0.087	1.57015880291635e-06	0.2	1.31541896180474
ANXA1	5.59012066312053e-11	0.398007828932077	0.949	0.832	1.64248925323807e-06	0.117	1.31768710227846
SAMD11	5.6448591032165e-11	-0.454582689739768	0.088	0.277	1.65857250170707e-06	-0.189	-1.37038635320911
SPTBN1	5.82540970959458e-11	0.385348693725442	0.949	0.854	1.71162188087308e-06	0.095	1.30617544641619
DUSP1	6.36040879159768e-11	-0.48640569157154	0.918	0.925	1.86881531114723e-06	-0.00700000000000001	-1.40095021826359
COL6A2	6.47346476129782e-11	0.32200441189261	0.939	0.916	1.90203341616453e-06	0.0229999999999999	1.25006612539524
EPB41L3	6.71106233253475e-11	0.366208515697268	0.396	0.165	1.97184433454536e-06	0.231	1.2889609132087
NTRK2	6.97627672465991e-11	0.336393781638714	0.173	0.025	2.04976962723957e-06	0.148	1.26259660910209
LINC02511	7.04873071274737e-11	0.316007594097429	0.16	0.025	2.07105805801943e-06	0.135	1.2448807882023
BHLHE40	7.08697445954709e-11	-0.56101331861894	0.415	0.526	2.08229483570413e-06	-0.111	-1.47530507668704
SPATS2L	7.36144211340965e-11	-0.339505459163282	0.652	0.651	2.16293892176202e-06	0.001	-1.26532278014832
MAF	8.44921298653897e-11	0.279000574604418	0.697	0.442	2.48254775970488e-06	0.255	1.21335404350984
EGR3	8.69468543559371e-11	-0.637196623479714	0.239	0.455	2.55467247468614e-06	-0.216	-1.5553040281683
ALDH1A3	8.8010615702482e-11	0.419123071118053	0.25	0.065	2.58592791057033e-06	0.185	1.33711455496711
H2AFJ	9.11921462726968e-11	0.444229539131581	0.668	0.417	2.67940764178438e-06	0.251	1.36058731061604
CHGB	9.98579973064807e-11	-0.413926696512666	0.032	0.181	2.93402767685902e-06	-0.149	-1.33230712870634
FBXO32	1.10404064061986e-10	-0.48541034984707	0.13	0.265	3.24389221026927e-06	-0.135	-1.39998401039717
H2AFX	1.23075295956887e-10	-0.475104621194854	0.234	0.371	3.61619834580525e-06	-0.137	-1.39001901742846
IL1R1	1.23526050986729e-10	-0.532221066598504	0.199	0.377	3.62944243009206e-06	-0.178	-1.44615387417017
TOB1	1.2904677045019e-10	-0.530807633678074	0.452	0.548	3.79165220936748e-06	-0.096	-1.44473774638736
SLC39A6	1.39509313432811e-10	-0.590082166769942	0.263	0.349	4.09906264728286e-06	-0.086	-1.50533247917129
AOX1	1.41903300730174e-10	0.361298410153284	0.596	0.343	4.16940278205397e-06	0.253	1.28458148711663
SEMA3D	1.6262324238407e-10	0.453532817441293	0.407	0.178	4.77819610772874e-06	0.229	1.36938946387148
AADACL2	1.86195598250837e-10	0.320769605206192	0.263	0.078	5.4707990678061e-06	0.185	1.24899664808138
LITAF	1.9479736553911e-10	-0.4802431730145	0.638	0.735	5.72353619427014e-06	-0.097	-1.39497877674979
PTMS	1.97695249478971e-10	-0.312934224493851	0.846	0.807	5.80868182019114e-06	0.0389999999999999	-1.24223164453574
CHST7	2.01305787077257e-10	0.291088509030423	0.255	0.072	5.91476663590397e-06	0.183	1.22356310416253
TUBB3	2.0146074025434e-10	-0.318591853283747	0.016	0.14	5.91931947015301e-06	-0.124	-1.24711270665244
CFI	2.0523797939551e-10	0.49997398469726	0.59	0.34	6.03030231059887e-06	0.25	1.41418806089066
HIST1H4C	2.06021940579825e-10	0.418953777433727	0.771	0.542	6.05333665811641e-06	0.229	1.336957659877
IGFBP5	2.07522680451361e-10	-0.46713241162716	0.981	0.991	6.09743139702188e-06	-0.01	-1.38235907465363
SSR3	2.15852833103856e-10	0.453444822936829	0.843	0.648	6.34218794225751e-06	0.195	1.36930594305165
APOC1	2.20067777581933e-10	-0.364465809630392	0.011	0.128	6.46603144091235e-06	-0.117	-1.28740485057113
MZT2A	2.35086132080223e-10	-0.383390988794041	0.654	0.676	6.9073007327811e-06	-0.022	-1.30440419756811
ROBO3	2.36734581038288e-10	0.318187101520786	0.239	0.065	6.95573546006697e-06	0.174	1.24676287508614
PLEKHA5	2.40387923329375e-10	-0.33978568420289	0.593	0.692	7.06307796326371e-06	-0.099	-1.26556857676798
NDRG2	2.41047046219859e-10	-0.496858044567793	0.269	0.461	7.08244431203188e-06	-0.192	-1.41113698633168
PPIC	2.83962500694482e-10	0.557764765250766	0.686	0.464	8.34338619540526e-06	0.222	1.47198683175675
SIPA1L2	3.33331532139923e-10	0.268696183381648	0.215	0.05	9.79394707733521e-06	0.165	1.20471858703507
ISYNA1	3.36539916481241e-10	-0.373116248760282	0.051	0.202	9.88821582605184e-06	-0.151	-1.29514735438652
IFI27	3.55930301990468e-10	0.542093161209791	0.862	0.717	1.04579441330839e-05	0.145	1.45608357172986
TGFBR3	3.7704955400248e-10	0.325145285724237	0.566	0.324	1.10784699957009e-05	0.242	1.25279059378454
PLXDC1	4.02298681867803e-10	0.279721675267277	0.279	0.09	1.18203398706398e-05	0.189	1.21396066450695
FUS	4.13669725438295e-10	-0.345453391570594	0.854	0.844	1.2154443872828e-05	0.01	-1.27055021191951
KLF9	4.22871134003408e-10	-0.53246927570779	0.745	0.798	1.24247996592881e-05	-0.053	-1.44640269976001
QPRT	4.32405187681012e-10	-0.42990387977536	0.221	0.355	1.27049292244435e-05	-0.134	-1.34714381979535
CAV2	4.81097198972708e-10	-0.456185759230723	0.128	0.299	1.41355979002161e-05	-0.171	-1.37190992226476
ATP5ME	4.9611859603627e-10	0.447860064948437	0.83	0.673	1.45769565887377e-05	0.157	1.36401552497695
KLHL4	5.49046403984421e-10	0.430248254655629	0.29	0.097	1.61320814418702e-05	0.193	1.34746542474485
FAP	5.58575701873134e-10	-0.435273912339754	0.096	0.274	1.64120712724364e-05	-0.178	-1.35216753330399
METRNL	5.81926734758206e-10	0.502299938008011	0.63	0.408	1.70981713206656e-05	0.222	1.41646989337347
PGF	5.92589850096236e-10	-0.432373073899824	0.061	0.212	1.74114749755276e-05	-0.151	-1.34945145078599
KLHL13	6.16336668013866e-10	0.301942284118331	0.279	0.09	1.81092039795834e-05	0.189	1.23280300545256
CCDC80	6.62203062738844e-10	0.331999276839749	0.992	0.981	1.94568503893927e-05	0.011	1.25875654254481
TRIOBP	6.72031534472507e-10	0.40719864338499	0.673	0.43	1.97456305458712e-05	0.243	1.32610833839545
RPS12	7.28458076422228e-10	0.290844795740896	0.989	0.991	2.14035552014379e-05	-0.002	1.22335642610875
GASK1B	8.21193470384002e-10	-0.538659892355905	0.322	0.442	2.41283065468227e-05	-0.12	-1.45262256119911
LINC00632	8.41148417370566e-10	0.31130648307775	0.263	0.081	2.4714622799182e-05	0.182	1.24083086919893
NDUFA6	8.6567959709685e-10	0.278525969294052	0.564	0.33	2.54353979218997e-05	0.234	1.21295495046172
LSP1	8.94256069365571e-10	0.280021929643394	0.63	0.389	2.62750318300992e-05	0.241	1.21421334086883
GLRX	9.19401881722123e-10	0.294195359243621	0.386	0.174	2.70138660887594e-05	0.212	1.22620089199594
CCBE1	9.74759658721296e-10	-0.298153369649818	0.027	0.159	2.86403882925491e-05	-0.132	-1.22956957306986
ICAM1	9.88993794335535e-10	-0.591047504434195	0.112	0.305	2.90586156651667e-05	-0.193	-1.50634006592709
PRG4	1.03687893119643e-09	0.704072587110396	0.168	0.028	3.04655767564135e-05	0.14	1.62909708973784
ERN1	1.04956477743645e-09	-0.477135386030456	0.162	0.324	3.08383122906378e-05	-0.162	-1.39197701222876
MT-CYB	1.06309820895585e-09	-0.429034743050514	0.989	0.988	3.12359515755409e-05	0.001	-1.3463324913294
THRB	1.15592728579871e-09	0.251885513123712	0.146	0.019	3.39634555113377e-05	0.127	1.19076235117411
SLC38A2	1.25106779175025e-09	-0.578099231966835	0.654	0.745	3.67588738572058e-05	-0.091	-1.49288106364543
POLR2L	1.30104283107186e-09	0.420540975663544	0.84	0.673	3.82272404625534e-05	0.167	1.33842933925498
ETS2	1.31176348921327e-09	-0.457265595739442	0.162	0.318	3.85422348400644e-05	-0.156	-1.37293716151821
TMSB10	1.44771792128712e-09	0.320893515189059	0.979	0.947	4.25368479632583e-05	0.032	1.2491039263316
PDLIM1	1.45491338958521e-09	0.255766845040146	0.593	0.361	4.27482652127925e-05	0.232	1.19397021311611
PIM1	1.50302012865122e-09	-0.511526539958862	0.168	0.34	4.41617374200301e-05	-0.172	-1.42555780460322
UFM1	1.56091598111304e-09	-0.362121749467058	0.516	0.536	4.58628333570633e-05	-0.02	-1.2853148009941
RPL34	1.56215063326492e-09	0.264134083878282	0.992	0.991	4.58991099065898e-05	0.001	1.2009150351766
RPS14	1.59646054875541e-09	0.277630087256978	0.973	0.963	4.69072038435316e-05	0.01	1.21220196580905
SGCE	1.6284692277126e-09	0.391745362117212	0.681	0.445	4.78476828486515e-05	0.236	1.31197966773548
HSD3B7	1.6780997896592e-09	0.277878615105348	0.298	0.109	4.93059280197667e-05	0.189	1.21241080543787
ZNF516	1.74107153311006e-09	-0.441044472998002	0.152	0.336	5.11561637858398e-05	-0.184	-1.35758682865888
DIO2	1.75070327256335e-09	-0.397347928270275	0.021	0.143	5.14391635544563e-05	-0.122	-1.31708451910702
ABI3BP	1.91708892073207e-09	0.371714226685451	0.774	0.548	5.63279066689496e-05	0.226	1.29388933165898
THBS1	1.91810668244081e-09	-0.76516871348951	0.29	0.417	5.63578105434759e-05	-0.127	-1.69956873979863
ADAMTS1	1.97273445969896e-09	-0.711718892974234	0.806	0.888	5.79628838948748e-05	-0.082	-1.63775425059974
SOD3	2.12952738611097e-09	-0.422741669060328	0.801	0.822	6.25697736587124e-05	-0.0209999999999999	-1.34047254324932
SVBP	2.19636732928095e-09	0.265305515064149	0.505	0.274	6.4533664868933e-05	0.231	1.20189054322012
RPS3A	2.19815829928504e-09	0.258014847721008	0.979	0.978	6.4586287149593e-05	0.001	1.19583210380539
ANOS1	2.31107168580141e-09	0.322242688676848	0.226	0.062	6.79039082722171e-05	0.164	1.25027260446871
F3	2.41633078121837e-09	-0.482159519633325	0.785	0.798	7.09966310137581e-05	-0.013	-1.39683297256662
ARL2	2.42141397534373e-09	0.37381723991875	0.684	0.449	7.11459854235494e-05	0.235	1.29577680650282
FOXP1	2.45564945268787e-09	-0.49236013025109	0.497	0.626	7.2151892218875e-05	-0.129	-1.4067443122011
LBH	2.49981306464052e-09	-0.344611594818195	0.066	0.227	7.34495074652677e-05	-0.161	-1.26980907603242
EMP2	2.67584285956183e-09	-0.270831050780376	0.83	0.791	7.86216148996456e-05	0.0389999999999999	-1.20650262193674
DDR2	2.69566334594644e-09	0.483086924688096	0.827	0.626	7.92039804305984e-05	0.201	1.39773118485777
ECM1	2.76111763122387e-09	-0.555205414524891	0.218	0.346	8.11271582406198e-05	-0.128	-1.46937783207221
BRD2	2.99875789283206e-09	-0.558339639494301	0.636	0.71	8.81095044071915e-05	-0.074	-1.47257349484907
RPL23A	3.03710443168096e-09	0.262330777446274	0.963	0.978	8.92362024116499e-05	-0.015	1.19941488105856
TIA1	3.09339895024525e-09	-0.336015470382826	0.21	0.271	9.08902479561059e-05	-0.061	-1.26226556763162
PTCH1	3.28888881675522e-09	-0.41629784751002	0.077	0.212	9.66341312139018e-05	-0.135	-1.3344986513714
FGF7	3.31745267239441e-09	-0.584552094327946	0.598	0.657	9.74733944202925e-05	-0.0590000000000001	-1.49957335263599
EDNRA	3.59411840485591e-09	-0.260585079528344	0.008	0.109	0.000105602386971476	-0.101	-1.1979644360743
MEG8	3.71443636112322e-09	-0.962766331882239	0.322	0.399	0.000109137569162523	-0.077	-1.94904355665448
CYB5D1	3.86899503006636e-09	-0.402382572197863	0.082	0.221	0.00011367881197341	-0.139	-1.32168884310658
PCYOX1	3.91686539989195e-09	-0.368300159640467	0.715	0.726	0.000115085339179625	-0.011	-1.2908310261177
CFL1	4.0436103668674e-09	-0.26196617050885	0.859	0.804	0.000118809359799298	0.0549999999999999	-1.19911179570909
TPST1	4.44791003832039e-09	0.322141896922876	0.359	0.162	0.00013068849274593	0.197	1.25018525907466
MT-ND5	4.52742356584818e-09	-0.393137146868244	0.979	0.984	0.000133024759211751	-0.005	-1.3132459605453
MAP3K20	4.55696721602119e-09	-0.487820675661133	0.468	0.573	0.000133892810741135	-0.105	-1.40232493340018
SEMA4A	4.61879425626652e-09	-0.439936411699784	0.176	0.38	0.000135709412837623	-0.204	-1.35654453500385
ZFHX3	4.81148523060818e-09	0.418707717646481	0.399	0.187	0.00014137105904573	0.212	1.33672965364169
TCF12	5.00434898618803e-09	-0.391006880008411	0.261	0.47	0.000147037781912177	-0.209	-1.31130826764423
SCPEP1	5.28106156519854e-09	0.305030503096699	0.665	0.433	0.000155168150908664	0.232	1.23544475802668
S100A6	5.33442895562005e-09	0.337614603978444	0.997	0.997	0.000156736191574028	0	1.26366548260831
KCTD12	5.34547240341954e-09	-0.524371871382032	0.412	0.514	0.000157060670157273	-0.102	-1.43830722544145
NR4A3	5.80693484663783e-09	-0.63194709001836	0.258	0.452	0.000170619359663913	-0.194	-1.54965502820069
MYADM	6.13861624945816e-09	-0.39820939345041	0.819	0.832	0.00018036482264158	-0.013	-1.31787121431417
CPE	6.13981701985476e-09	0.468287154947945	0.819	0.636	0.000180400103677373	0.183	1.38346596756341
TSPO	6.93195328389545e-09	0.321884484807766	0.883	0.701	0.000203674651387416	0.182	1.24996221531644
TM4SF1	7.11233516740437e-09	-0.624312953936878	0.293	0.464	0.000208974631888675	-0.171	-1.54147656238644
MT-CO2	7.29853722087417e-09	-0.391721972356907	0.971	0.991	0.000214445620623725	-0.02	-1.31195839737665
TOMM7	7.31215505452073e-09	0.285503600228532	0.939	0.925	0.000214845739811928	0.0139999999999999	1.21883564726302
NXN	7.46594838410845e-09	-0.314091673978684	0.074	0.234	0.000219364495421874	-0.16	-1.24322866556917
C1QTNF4	8.08690881361134e-09	0.526608635433281	0.362	0.171	0.000237609554761528	0.191	1.44053891616133
TCF25	9.22266264863045e-09	-0.299176902117243	0.721	0.729	0.00027098027394206	-0.00800000000000001	-1.23044221134566
CCNL1	1.00460632431279e-08	-0.499363584870941	0.803	0.888	0.000295173430209584	-0.085	-1.4135898488395
SESTD1	1.11948833000001e-08	0.373703174213952	0.548	0.321	0.000328928061120604	0.227	1.29567436083852
GADD45B	1.12491043488656e-08	-0.58270714687431	0.673	0.72	0.000330521183978368	-0.0469999999999999	-1.49765689371687
PBX1	1.13663763130542e-08	-0.302894427546743	0.848	0.804	0.000333966868830159	0.0439999999999999	-1.23361689381669
CAB39L	1.21423946188903e-08	0.252178105272002	0.388	0.202	0.000356767838692235	0.186	1.19100387348973
NDUFB5	1.36888364210033e-08	0.252104185473706	0.503	0.287	0.000402205391721919	0.216	1.19094285123055
PLPP1	1.4648173853342e-08	-0.310222037391514	0.718	0.698	0.000430392644158896	0.02	-1.23989851132963
ANGPTL2	1.48229752811425e-08	0.285174642671145	0.42	0.215	0.000435528659710528	0.205	1.21855776491191
COL1A1	1.50961773108222e-08	-0.452764647324666	0.715	0.794	0.000443555881746579	-0.0790000000000001	-1.36866051975441
COMMD6	1.55279536027545e-08	0.368226552385715	0.896	0.798	0.000456242332756133	0.098	1.29076516874543
ZNF141	1.5853395296474e-08	-0.534426948864911	0.181	0.29	0.000465804460600999	-0.109	-1.44836673629956
ECRG4	1.61850144765525e-08	0.500418800004879	0.141	0.022	0.000475548095350065	0.119	1.41462415408082
MCC	1.62727888263262e-08	-0.391292246494108	0.117	0.262	0.000478127081295117	-0.145	-1.31156767135238
RASSF2	1.70321353504677e-08	-0.415031388029522	0.388	0.47	0.000500438200867443	-0.082	-1.33332768535165
RPL27A	1.74096604286123e-08	0.269044085329226	0.976	0.953	0.000511530642713487	0.023	1.20500913664548
HSP90AB1	1.85686485340141e-08	-0.310916860868165	0.973	0.966	0.000545584031226403	0.00700000000000001	-1.24049580879126
ANGPTL1	1.90705026056527e-08	-0.525661870465517	0.21	0.38	0.000560329507559287	-0.17	-1.43959387626889
GFPT2	2.09579022146898e-08	0.489165819528114	0.535	0.324	0.000615785082872015	0.211	1.40363304661448
WDR45B	2.13902419091292e-08	-0.496021036747354	0.388	0.371	0.000628488087774034	0.017	-1.41031852498163
SGCG	2.15200737440427e-08	0.276753174310036	0.181	0.044	0.000632302806747463	0.137	1.21146537729014
ADH1B	2.20658060673436e-08	0.38039234761995	0.907	0.779	0.00064833751387069	0.128	1.30169580953384
UACA	2.35008000492913e-08	-0.478372377452621	0.449	0.639	0.000690500507048278	-0.19	-1.39317102895707
SYNE2	2.37113332948376e-08	0.420891616020214	0.42	0.212	0.000696686394868917	0.208	1.33875467784956
ACTN1	2.45461773779898e-08	-0.342663675973479	0.035	0.153	0.000721215783720096	-0.118	-1.26809574378497
LINC01578	2.61054190244977e-08	-0.351952667031046	0.511	0.53	0.000767029421777791	-0.019	-1.27628689481035
NIBAN1	2.62861196277935e-08	0.28317123922604	0.293	0.115	0.00077233876690383	0.178	1.21686678483265
NOTCH3	2.71293668690738e-08	-0.327313463239114	0.037	0.159	0.000797115057347127	-0.122	-1.25467478582723
UAP1	3.02347430543067e-08	0.380864510981463	0.838	0.66	0.000888357220421641	0.178	1.30212189657063
TCEAL4	3.03081636766863e-08	-0.38814912973712	0.729	0.76	0.000890514465148398	-0.031	-1.30871334466572
EBF1	3.31844867953358e-08	0.390889930012838	0.83	0.645	0.000975026591020557	0.185	1.31120197263657
SPRYD3	3.37522725564275e-08	0.371264044639336	0.391	0.19	0.000991709272252954	0.201	1.29348564629264
DIO3OS	3.46360198768446e-08	-0.316811609936262	0.077	0.224	0.00101767553602145	-0.147	-1.24557475525503
TLE4	3.66837160556343e-08	-0.482900373325039	0.295	0.477	0.00107784094514665	-0.182	-1.39755045934568
LINC00662	3.98695301359174e-08	0.31756245104584	0.314	0.131	0.00117144653445352	0.183	1.2462231751316
ADD1	4.01348661841506e-08	-0.28374783364816	0.737	0.717	0.00117924263822271	0.02	-1.21735322084963
SRRM2	4.5881856157838e-08	-0.295361103735489	0.864	0.86	0.0013481006976296	0.004	-1.22719210258902
NTN4	5.10393619780697e-08	0.263195989383583	0.362	0.174	0.00149963853363965	0.188	1.20013440894519
DMKN	5.29876165338419e-08	-0.349464074336936	0.101	0.246	0.00155688214899734	-0.145	-1.27408724737834
ADGRA2	5.40037397153285e-08	-0.385123604271527	0.394	0.495	0.00158673788031578	-0.101	-1.30597167266265
HEYL	5.58221442355167e-08	-0.299625446943852	0.056	0.168	0.00164016624192795	-0.112	-1.23082482463389
PCDH9	5.58749606506246e-08	0.381025845503589	0.245	0.084	0.00164171809383665	0.161	1.30226751914139
TNNT3	5.67779083690833e-08	0.323443291804012	0.428	0.224	0.00166824850370041	0.204	1.25131350772641
UQCR10	5.89393107894477e-08	0.277389833886143	0.777	0.573	0.00173175482961555	0.204	1.21200011347599
LRRFIP1	5.99277360597592e-08	-0.442687234805419	0.154	0.305	0.00176079674090784	-0.151	-1.3591335602576
SSBP3	5.99320222857846e-08	-0.332554731673499	0.261	0.364	0.00176092267880092	-0.103	-1.25924127216564
PTGIS	6.08507299098663e-08	0.264281123265394	0.867	0.72	0.00178791614621169	0.147	1.20103743859842
SOBP	6.37219431324829e-08	0.262757076782859	0.338	0.156	0.00187227813311861	0.182	1.19976934635028
GSTO1	6.52838802775263e-08	0.363527881378657	0.678	0.47	0.00191817097031428	0.208	1.2865681519464
CBLB	6.66637902405157e-08	0.259388137102099	0.516	0.308	0.00195871548484683	0.208	1.19697094835719
GALNT16	7.12733649287969e-08	0.308902034185179	0.213	0.065	0.00209415400833791	0.148	1.23876457695577
PPP1CB	7.27536186476004e-08	-0.340360535984367	0.609	0.592	0.00213764682310379	0.017	-1.26607295176832
TSHZ3	7.33998885555378e-08	-0.384313480887681	0.146	0.299	0.00215663552553881	-0.153	-1.30523853006154
FILIP1L	7.50283778141159e-08	-0.582852701503389	0.737	0.738	0.00220448379693435	-0.001	-1.49780800111274
RASSF8	7.61181608053727e-08	-0.475177638211266	0.359	0.492	0.00223650380078346	-0.133	-1.39008937021057
COPRS	7.82530047964512e-08	0.257464109095067	0.548	0.333	0.00229922978692933	0.215	1.19537569048114
VAT1	7.89704628597996e-08	0.376580794542887	0.785	0.611	0.00232031013974663	0.174	1.29826131072541
CBR3	8.22820050844304e-08	0.291649743967194	0.58	0.364	0.00241760987339073	0.216	1.22403918533698
PPP1R12A	8.46921423880131e-08	-0.386436287077321	0.601	0.673	0.0024884245276446	-0.0720000000000001	-1.30716049404577
ARHGAP20	8.65364134813615e-08	0.367527283641221	0.444	0.24	0.00254261290090936	0.204	1.29013969142183
SEPTIN2	8.66849728464887e-08	-0.271526135353761	0.609	0.589	0.00254697787217553	0.02	-1.20708405002175
SLC25A44	8.7538792308331e-08	-0.401655001310976	0.093	0.24	0.00257206479560338	-0.147	-1.32102246534994
SKIL	8.86447124588696e-08	-0.380484580694762	0.537	0.604	0.00260455894146651	-0.0669999999999999	-1.30177903103349
PCDH18	8.98601532065552e-08	0.340516685231159	0.551	0.336	0.002640271021515	0.215	1.26620999184357
ZNF207	9.1379482107219e-08	-0.347982532363213	0.367	0.445	0.00268491194327431	-0.078	-1.27277952482231
RAB32	9.55549232513597e-08	0.34128899980853	0.593	0.38	0.00280759475497145	0.213	1.26688801055543
ESD	9.74933272256785e-08	0.331965415172551	0.806	0.636	0.00286454894054489	0.17	1.25872699846674
ITGA6	9.83646674869998e-08	-0.353974804204711	0.051	0.165	0.00289015066010303	-0.114	-1.27807704216652
RAP1A	1.00050125848195e-07	0.325680915960806	0.585	0.371	0.00293967279767167	0.214	1.25325580443948
NFE2L2	1.02157046570709e-07	-0.290011735747061	0.896	0.875	0.00300157834234056	0.021	-1.22265022342211
RAI14	1.08729763447934e-07	-0.404961954118071	0.122	0.271	0.00319469790962719	-0.149	-1.32405399278309
TMOD2	1.10508908354142e-07	0.352525809474038	0.5	0.293	0.00324697274526141	0.207	1.27679402867334
BASP1	1.15420903933209e-07	0.308625362939752	0.356	0.171	0.00339129699936555	0.185	1.23852703702717
MT-CO1	1.20452465104212e-07	-0.299548602669958	0.987	1	0.00353913432969197	-0.013	-1.23075926724415
NDUFB1	1.38030675896901e-07	0.387886574058234	0.758	0.595	0.00405561731920275	0.163	1.30847519395051
OGN	1.38542033384041e-07	-0.421465128583664	0.952	0.953	0.00407064202488989	-0.001	-1.33928697693935
ADH1C	1.39041226468949e-07	0.279929307993791	0.258	0.1	0.00408530931611065	0.158	1.21413539034608
ATF3	1.45273792281176e-07	-0.564773445784406	0.745	0.816	0.0042684345648055	-0.071	-1.4791552112562
TSC22D3	1.4578080510295e-07	0.465480558909897	0.771	0.614	0.00428333161553487	0.157	1.38077721100483
TRMT10C	1.62993554298723e-07	-0.349327720748413	0.25	0.349	0.00478907661240508	-0.099	-1.27396683512634
SGMS2	1.67669035770513e-07	0.30327934667008	0.309	0.134	0.00492645160900923	0.175	1.23394607363005
ZEB1	1.69411777868985e-07	0.340862333078171	0.681	0.477	0.0049776568573465	0.204	1.26651339289369
PXN	1.91969140392586e-07	0.300585480425278	0.471	0.268	0.00564043728301496	0.203	1.23164414282016
C11orf96	2.01339974006505e-07	-0.960491106122666	0.473	0.561	0.00591577111625912	-0.0880000000000001	-1.94597220820099
CXCL12	2.01655818067824e-07	0.379116680682052	0.434	0.24	0.0059250512464688	0.194	1.30054532635094
CTSB	2.02834441140582e-07	-0.294229814799179	0.468	0.489	0.00595968154959258	-0.021	-1.22623017742098
AKR1C3	2.17871946898591e-07	0.285852791260328	0.263	0.103	0.00640151354377439	0.16	1.21913069089761
JUNB	2.20463855885079e-07	-0.449863133681453	0.902	0.928	0.0064776690136154	-0.026	-1.36591066870746
SYNGR1	2.22170824867105e-07	-0.363673327301156	0.215	0.346	0.00652782317624528	-0.131	-1.28669786440768
PGRMC1	2.30257715142259e-07	-0.254448227476625	0.726	0.72	0.00676543218630986	0.00600000000000001	-1.19287942762456
SDCBP	2.50677065344701e-07	0.353978901754433	0.886	0.801	0.00736539353395802	0.085	1.27808067217253
DNAJC15	2.66441102376465e-07	-0.397462395415481	0.25	0.386	0.00782857247002528	-0.136	-1.31718902413527
DDX24	2.69617304312104e-07	-0.311018538758828	0.761	0.76	0.00792189563529825	0.001	-1.24058323921727
APLP2	2.7139354527697e-07	-0.328775344120757	0.777	0.763	0.00797408514732794	0.014	-1.25594679039689
HLA-DPB1	2.72202125650563e-07	0.348484587759944	0.415	0.221	0.00799784285586483	0.194	1.27322252698876
OMD	2.83895302363297e-07	-0.458597826424594	0.745	0.813	0.00834141177403839	-0.0679999999999999	-1.37420556109947
CDH11	2.94479875816443e-07	-0.437837671506119	0.223	0.355	0.00865240771123872	-0.132	-1.35457255574165
YWHAZ	3.06388874317772e-07	-0.301638516069779	0.827	0.816	0.00900231790520479	0.011	-1.23254345874988
SOCS2	3.15042701462479e-07	-0.327917073911164	0.149	0.29	0.00925658465437056	-0.141	-1.25519984034146
HOXA5	3.15608877857228e-07	-0.410602166067416	0.231	0.343	0.00927322004920108	-0.112	-1.32924050963966
TMEM47	3.33603527645296e-07	-0.418635562423942	0.423	0.505	0.00980193884927409	-0.082	-1.3366627998639
IQCG	3.3621447139161e-07	-0.519761047922371	0.069	0.187	0.00987865359842827	-0.118	-1.43371776316872
MOB3B	3.47468420463845e-07	-0.377691029108769	0.117	0.252	0.0102093171300687	-0.135	-1.29926077997799
ELMSAN1	3.57926805892091e-07	-0.412128184859345	0.343	0.424	0.0105166054107214	-0.081	-1.3306472651338
BTG2	3.5826111660577e-07	-0.596142038587093	0.803	0.841	0.0105264281281107	-0.0379999999999999	-1.51166875029035
VKORC1	3.85476127141716e-07	0.354797201165336	0.731	0.548	0.0113260595676779	0.183	1.27880580762554
MRPS24	3.88909892435251e-07	0.295941275966392	0.582	0.377	0.0114269504595325	0.205	1.22768571068981
TGFB1I1	4.07925021135316e-07	-0.284732079448347	0.314	0.386	0.0119856529709978	-0.072	-1.21818401569377
PIGT	4.16031643172029e-07	0.295408240875137	0.503	0.302	0.0122238417396805	0.201	1.22723219926149
DDX3X	4.17527376386785e-07	-0.389390000946329	0.795	0.819	0.0122677893729965	-0.0239999999999999	-1.30983946158394
HSP90AA1	4.2795412258369e-07	-0.299922014400817	0.981	0.975	0.012574148029754	0.00600000000000001	-1.23107786501897
TNFAIP6	4.56945548482489e-07	-0.329216550160499	0.059	0.19	0.0134259741055125	-0.131	-1.25633094368977
MAT2A	4.6467076960956e-07	-0.378977009148824	0.455	0.502	0.0136529565526681	-0.047	-1.30041942284264
MEDAG	4.93681799168171e-07	0.418676201599256	0.734	0.539	0.0145053586231592	0.195	1.33670045275478
AHNAK2	5.03029696259544e-07	0.304842307058891	0.447	0.252	0.0147800185354979	0.195	1.23528360779219
TSPAN8	5.11221986728851e-07	-0.701885525456511	0.202	0.315	0.0150207244140671	-0.113	-1.62662932183651
SLC7A8	5.31440498935232e-07	-0.32523092497386	0.173	0.218	0.015614784739715	-0.045	-1.25286496239866
FKBP5	5.3167551642161e-07	0.499169207523472	0.309	0.14	0.0156216900234998	0.169	1.41339940572566
SMC5	5.33082301598364e-07	-0.441000828806716	0.351	0.458	0.0156630241855631	-0.107	-1.35754575976951
MAN1A1	5.53486069167952e-07	0.389582600343137	0.394	0.209	0.0162625276842928	0.185	1.31001433646954
CTSZ	6.04383677966541e-07	0.281604799386963	0.473	0.277	0.0177580012260129	0.196	1.21554626032237
TFRC	6.09657869175598e-07	-0.361831386668397	0.271	0.33	0.0179129675121174	-0.059	-1.28505613922702
BCLAF1	6.21322861963813e-07	-0.330714298769215	0.676	0.695	0.0182557083302208	-0.0189999999999999	-1.25763589376177
PLTP	6.35663583174262e-07	0.300954664706828	0.646	0.445	0.0186770674008262	0.201	1.23195935970882
GSK3A	6.53697192833126e-07	-0.323444429351636	0.146	0.262	0.0192069309198229	-0.116	-1.25131449437239
WFS1	6.93079483541317e-07	-0.298527835546958	0.136	0.215	0.020364061385411	-0.079	-1.22988876154715
PIM3	6.98060745137153e-07	-0.370558713715512	0.157	0.271	0.0205104208136198	-0.114	-1.29285341812467
PPP1R14A	7.12014541840905e-07	-0.381017287906438	0.04	0.143	0.0209204112683695	-0.103	-1.30225979453748
KIF21A	7.24379067125129e-07	-0.314924056551864	0.202	0.383	0.0212837057502706	-0.181	-1.24394617026479
IER3	7.55325090326984e-07	-0.667553006329392	0.269	0.433	0.0221929618039874	-0.164	-1.58837659340932
HMGN1	7.70500027315513e-07	-0.296996949877638	0.516	0.567	0.0226388318025844	-0.0509999999999999	-1.22858438298981
SYAP1	8.18862555715544e-07	-0.369487477524584	0.46	0.489	0.0240598196120341	-0.029	-1.29189379930086
TIMM10	8.40044577623961e-07	0.274707690106758	0.263	0.112	0.0246821897797472	0.151	1.20974895257996
SNHG6	8.73152221768333e-07	0.366083113945025	0.758	0.617	0.0256549585799972	0.141	1.28884887918365
LMO4	9.13016883614015e-07	-0.369311103023855	0.532	0.583	0.026826262074347	-0.0509999999999999	-1.29173587043177
ERVK3-1	9.16200142350729e-07	-0.322469314265226	0.17	0.268	0.0269197925825491	-0.098	-1.25046901882675
EIF3E	9.24198896001853e-07	0.315416693311678	0.886	0.745	0.0271548119623264	0.141	1.24437101282258
WDR86-AS1	9.31417328018469e-07	0.286051082415075	0.314	0.146	0.0273669039318386	0.168	1.21929826577627
SYNPO2	9.85536254022472e-07	-0.295369934972525	0.391	0.548	0.0289570262156883	-0.157	-1.22719961468077
SRPX	9.86199111689298e-07	-0.354867702037163	0.138	0.299	0.028976502299655	-0.161	-1.27886830117039
NFKBIA	1.01925979384752e-06	-0.525084557965508	0.894	0.869	0.0299478912628279	0.025	-1.43901791998452
KANK2	1.02365253250108e-06	-0.301666241445061	0.622	0.667	0.0300769587099468	-0.045	-1.23256714570889
Z95331.1	1.02875263712269e-06	-0.315995030514724	0.077	0.181	0.0302268099839388	-0.104	-1.2448699473148
IL6ST	1.08719889637831e-06	0.252792773050895	0.891	0.748	0.0319440779733874	0.143	1.19151141504111
TSPAN4	1.1017526046002e-06	0.296520569598252	0.745	0.561	0.0323716950283632	0.184	1.22817876937324
HNRNPU	1.16887136995589e-06	-0.332497180352664	0.872	0.841	0.0343437785920439	0.031	-1.25919104009931
BCL3	1.18903507020889e-06	-0.37681506716681	0.141	0.252	0.0349362284328775	-0.111	-1.29847214653689
BLOC1S1	1.24487327667216e-06	0.349332505681284	0.665	0.486	0.0365768666151813	0.179	1.27397106045167
TFPI2	1.27683570830369e-06	-0.511493398391613	0.66	0.791	0.037515986781379	-0.131	-1.42552505708843
RRAS	1.32995879267084e-06	-0.272841100831021	0.694	0.695	0.0390768492462547	-0.001	-1.208184765974
DUSP5	1.41039524183985e-06	-0.344646657149882	0.082	0.187	0.0414402329957386	-0.105	-1.26983993702991
CCN5	1.52011198639594e-06	0.345949854167593	0.66	0.47	0.0446639303842854	0.19	1.27098751099176
CXCL2	1.53523625108449e-06	-0.849247366120673	0.207	0.34	0.0451083115293644	-0.133	-1.80156083086962
THUMPD1	1.55833704997923e-06	-0.334077018277011	0.362	0.411	0.0457870592024898	-0.049	-1.26057068535474
TNFRSF12A	1.59264010323538e-06	-0.36933860207723	0.168	0.293	0.0467949515132621	-0.125	-1.29176049230346
TNS1	1.62261203561655e-06	-0.256795685009166	0.402	0.417	0.0476755868304855	-0.015	-1.19482198175534
ITM2C	1.68389606346869e-06	0.483089047727998	0.412	0.237	0.0494762341368372	0.175	1.39773324173132
