	p_val	avg_log2FC	pct.1	pct.2	p_val_adj	perDiff	FC
JUNB	3.49396702216622e-128	0.614603595086193	0.984	0.989	1.02659739045288e-123	-0.005	1.5311372333859
MUSTN1	3.2458894746902e-111	-1.23479670444986	0.371	0.735	9.53707245453475e-107	-0.364	-2.35348181315208
CRIP1	6.36157310050887e-93	-0.945188100426902	0.641	0.85	1.86915740839152e-88	-0.209	-1.92543991115995
RPL17	4.82130587321765e-91	-0.83101927346389	0.776	0.913	1.41659609166881e-86	-0.137	-1.77894175241749
SEPT7	6.36941045111334e-90	1.10202285062557	0.579	0.234	1.87146017874612e-85	0.345	2.14655457146642
C2orf40	7.09554353049207e-77	0.983120454009268	0.509	0.197	2.08481260012918e-72	0.312	1.97673633848766
EEF1G	2.54818811827457e-76	-0.517814902005354	0.409	0.725	7.48708632911433e-72	-0.316	-1.43178503117765
MICOS10	3.23874263246314e-68	-0.645774543853053	0.31	0.444	9.51607360270319e-64	-0.134	-1.5645790408844
SEPTIN7	3.06587383271984e-67	-0.776227566675859	0.374	0.683	9.00815049529745e-63	-0.309	-1.71264669588182
MICOS13	4.52424583009856e-65	-0.469896964561025	0.256	0.318	1.32931390979956e-60	-0.062	-1.38501054889246
MIF	6.16099228509825e-64	-0.784583794646531	0.475	0.67	1.81022275320757e-59	-0.195	-1.72259529351755
TOMM6	7.12424555341046e-64	-0.436560678787565	0.24	0.299	2.09324582850306e-59	-0.059	-1.35337409458703
SNHG32	9.80310850521185e-62	-0.422350477453014	0.266	0.316	2.88034934100135e-57	-0.05	-1.34010911888977
RPS10	2.61141052647393e-61	0.433705831053908	0.963	0.945	7.67284640888569e-57	0.018	1.3506986457927
SEPTIN10	1.73612344099036e-60	-0.263550713403476	0.167	0.177	5.10107789431789e-56	-0.00999999999999998	-1.20042952941827
CIAO2B	1.59524308960489e-57	-0.349291608908519	0.22	0.243	4.68714324587708e-53	-0.023	-1.27393494709089
GNG10	3.3842094417235e-56	-0.302390254292848	0.244	0.256	9.94348418167198e-52	-0.012	-1.23318586164287
RBIS	8.11485173431055e-56	-0.43224195750104	0.274	0.328	2.38430573657513e-51	-0.054	-1.34932881421375
RNASEK	1.25905920951007e-55	-0.670408037326086	0.358	0.512	3.6993677693825e-51	-0.154	-1.59152303419652
PLAAT3	3.51427958862595e-55	-0.275403725448599	0.18	0.189	1.03256562873008e-50	-0.00900000000000001	-1.21033274274686
ANGPTL1	9.92352658487697e-55	0.412465598617678	0.376	0.149	2.91573058116855e-50	0.227	1.33095850984533
FAM129A	1.18770429613869e-54	0.676791258045092	0.43	0.177	3.48971276291469e-50	0.253	1.59858034714309
NIBAN1	5.05029029036629e-54	-0.733719326150119	0.311	0.501	1.48387629311542e-49	-0.19	-1.66292064691336
NME2	1.66860440383842e-53	-0.701907967443886	0.375	0.649	4.90269345935804e-49	-0.274	-1.62665462522884
MRPS24	2.0136432637612e-53	-0.354182763229027	0.264	0.294	5.91648663758316e-49	-0.03	-1.27826128540866
MINOS1	1.01669538553255e-52	0.610634501742788	0.366	0.134	2.98725438177174e-48	0.232	1.52693061011435
EMD	1.43051304680013e-52	0.344045668172841	0.57	0.32	4.20313343410813e-48	0.25	1.26931106512766
SEPTIN2	1.61294961881831e-52	-0.55426519567908	0.289	0.399	4.73916857001196e-48	-0.11	-1.46842053575712
NDUFA7	5.50034740467605e-52	-0.273805797110339	0.299	0.288	1.61611207444192e-47	0.011	-1.20899292090904
TOMM5	1.36857440977412e-50	-0.302506345285428	0.241	0.251	4.02114533079832e-46	-0.01	-1.23328509781322
ID3	6.6451836903587e-50	0.77336809075569	0.65	0.386	1.95248787190119e-45	0.264	1.70925552743384
PSMA6	4.65200983656574e-49	-0.274490099357738	0.236	0.246	1.36685353017975e-44	-0.01	-1.20956650908099
PRXL2C	9.24955111199423e-49	-0.330496663308077	0.172	0.205	2.71770310772615e-44	-0.033	-1.25744618941247
CZIB	2.90907022879506e-48	-0.273769391286312	0.19	0.202	8.54743014624564e-44	-0.012	-1.20896241284812
MT2A	3.32734943085748e-48	-0.510775065304249	0.971	0.991	9.77641809774545e-44	-0.02	-1.42481544979235
BAG3	4.62921459513201e-48	-0.420471005140056	0.369	0.408	1.36015583234169e-43	-0.039	-1.33836442717871
UBE2V1	1.22734718697337e-47	-0.281170321249752	0.278	0.288	3.60619150476515e-43	-0.00999999999999995	-1.21518024481455
RPL36A	4.90406417843425e-47	-0.452288517371022	0.894	0.959	1.44091213690755e-42	-0.0649999999999999	-1.36820889780377
KRTCAP2	1.23875152875347e-46	-0.307849944868361	0.421	0.421	3.63969974178344e-42	0	-1.23786153380266
TUG1	2.77037606220067e-45	-0.252188954567973	0.145	0.162	8.13991894595801e-41	-0.017	-1.1910128300618
C18orf32	3.03185295222533e-45	-0.256421824149171	0.249	0.252	8.90819034422847e-41	-0.003	-1.19451239498385
TES	3.60179678566558e-44	0.370847975645816	0.237	0.068	1.05827993156426e-39	0.169	1.2931126626346
SEPT2	6.86282328037285e-44	0.607872388217509	0.346	0.138	2.01643473623915e-39	0.208	1.52401001998052
NGRN	1.01601859198953e-43	-0.32915396996234	0.316	0.338	2.98526582698364e-39	-0.022	-1.25627644864264
SARNP	1.87357050827452e-43	-0.256006190820265	0.221	0.218	5.5049248674122e-39	0.003	-1.19416831141848
RPS17	7.2459538731878e-43	-0.546137488055308	0.71	0.837	2.12900616702004e-38	-0.127	-1.46017115754386
ATP5ME	2.11500720773545e-42	-0.267877586526701	0.74	0.685	6.21431417776831e-38	0.0549999999999999	-1.20403521384221
ZFP36	5.48055939208195e-42	0.608158229703968	0.956	0.862	1.61029796058152e-37	0.094	1.52431200233664
HLA-C	1.04121771242656e-41	0.389669621221264	0.766	0.532	3.05930588265172e-37	0.234	1.31009335665944
LINC01578	1.04998834378938e-41	-0.437811471468411	0.275	0.348	3.08507575172196e-37	-0.073	-1.35454795627414
SNHG29	2.34407551651052e-41	-0.557415755341708	0.37	0.615	6.8873626826112e-37	-0.245	-1.4716307787863
DUSP8	2.22276898263182e-40	0.281282553330723	0.515	0.304	6.5309398247688e-36	0.211	1.21527478143436
LINC-PINT	1.52758209813874e-39	-0.305908429638484	0.2	0.224	4.48834172075125e-35	-0.024	-1.23619679487182
C9orf3	2.68937295760336e-39	0.524876248661396	0.316	0.124	7.90191562403021e-35	0.192	1.43881015661597
NOV	4.45321094016892e-39	0.683555061872956	0.215	0.062	1.30844243844043e-34	0.153	1.60609258595115
CD151	6.17008110874588e-39	0.427677044939486	0.824	0.611	1.81289323137171e-34	0.213	1.34506607452764
AOPEP	6.22277791323931e-39	-0.40274119645141	0.251	0.314	1.82837660646797e-34	-0.063	-1.32201742855136
ADRA2C	7.56599102984208e-39	0.332010089607369	0.251	0.087	2.2230394843882e-34	0.164	1.25876597675829
NR4A2	1.17475194942616e-38	0.497018456479688	0.923	0.817	3.45165617780394e-34	0.106	1.41129389805629
PPDPF	9.27385619785815e-38	0.444396078504013	0.784	0.571	2.72484442805468e-33	0.213	1.3607443808418
C19orf70	1.24124295045308e-37	0.484546732805573	0.28	0.104	3.64702003702124e-33	0.176	1.39914621154837
PALM2-AKAP2	1.72405559296146e-37	-0.361075782603652	0.234	0.274	5.06562014323936e-33	-0.04	-1.2843832739418
RBM4	2.49694882872482e-37	-0.298319838453977	0.336	0.347	7.33653504855926e-33	-0.011	-1.22971145806991
RERG	3.02172039923935e-36	0.278554272741136	0.495	0.301	8.87841887704505e-32	0.194	1.21297874699671
C11orf96	4.86597135371913e-36	0.327136638013498	0.969	0.984	1.42971970314976e-31	-0.015	1.25452101489836
HES1	7.17711769692064e-36	0.50200403461576	0.617	0.39	2.10878072170922e-31	0.227	1.41617939867158
IER5L	1.10204185648133e-35	0.315080103953661	0.553	0.344	3.23801938271346e-31	0.209	1.24408072750718
COL4A2	2.30478950407947e-35	-0.408204082966931	0.481	0.538	6.77193252088631e-31	-0.0570000000000001	-1.32703284876753
TOB1	2.97500944732297e-35	0.489033869649772	0.806	0.611	8.74117275812436e-31	0.195	1.40350467524349
FAM96B	9.72885396575413e-35	0.438870390413154	0.272	0.103	2.85853187221788e-30	0.169	1.35554254139427
NDUFA13	1.6244865502069e-34	-0.351496743755029	0.742	0.76	4.77306638181792e-30	-0.018	-1.27588362388297
HSPB6	2.23283294839045e-34	0.294011660787423	0.449	0.255	6.56050976896082e-30	0.194	1.22604476969397
LMNA	5.11213421363825e-34	0.42367710705946	0.929	0.859	1.50204727465119e-29	0.0700000000000001	1.3413419824083
HIF1A	9.58517896934628e-34	-0.261192726274501	0.332	0.338	2.81631728477332e-29	-0.00600000000000001	-1.19846911134685
MYADM	1.12957463774465e-33	0.376525228518349	0.788	0.581	3.31891620062133e-29	0.207	1.2982113085915
FKBP2	2.17408557630923e-33	0.456526038695866	0.316	0.136	6.38789824031177e-29	0.18	1.37223354425009
MGP	4.84115039464542e-33	0.666391828069051	0.897	0.784	1.42242680895472e-28	0.113	1.58709867515752
USP2	1.04113693403087e-32	0.344540280505907	0.349	0.169	3.05906853956951e-28	0.18	1.26974630925197
ID1	1.53176819349331e-32	0.869520755481389	0.529	0.338	4.50064130612205e-28	0.191	1.82705587545536
ABCC9	6.37533473127935e-32	0.257853635203687	0.337	0.177	1.8732008507445e-27	0.16	1.1956984842063
TROVE2	6.77550845767949e-32	0.460796313835773	0.221	0.076	1.99077989503539e-27	0.145	1.37630127547882
EPS8	6.92745536853634e-32	0.340298548932115	0.613	0.406	2.03542493638335e-27	0.207	1.26601855465596
UAP1	7.01754460937776e-32	0.617324181424653	0.454	0.252	2.06189495712737e-27	0.202	1.53402732523337
MAP3K7CL	1.3361928010652e-31	-0.535725692577758	0.274	0.368	3.92600168808977e-27	-0.094	-1.44967117284132
NFKBIA	1.52894719750237e-31	0.500645989527616	0.62	0.407	4.49235265570145e-27	0.213	1.41484694066013
ATP6V0C	1.81263719496046e-31	-0.33808678995353	0.272	0.319	5.32589060623283e-27	-0.047	-1.26407914090592
SNHG14	2.19124504327236e-31	-0.355046766633196	0.141	0.207	6.43831618614286e-27	-0.066	-1.27902704175059
CYR61	3.05828842927175e-31	0.585310937057866	0.278	0.114	8.98586306288625e-27	0.164	1.5003623202482
CCN1	3.76614574520385e-31	-0.717454705803754	0.246	0.397	1.10656894285579e-26	-0.151	-1.64427853342428
PRPH	1.30437519410793e-30	0.358769055327073	0.167	0.046	3.83251519532793e-26	0.121	1.28233131246744
SRGN	1.98561282236423e-30	-0.675526065389391	0.37	0.504	5.83412759467058e-26	-0.134	-1.59717906310124
MAGI2-AS3	5.16767709842697e-30	-0.275981108765949	0.161	0.2	1.51836688505981e-25	-0.039	-1.21081722891482
HSPA1B	8.44536028071477e-30	-0.272986555171803	0.581	0.512	2.48141575767961e-25	0.069	-1.20830658283268
MTHFD2	3.06734635098001e-29	-0.351116012763875	0.565	0.61	9.01247704844946e-25	-0.045	-1.27554695928594
DBNDD2	7.16588025832599e-29	-0.495156351688496	0.334	0.478	2.10547893750134e-24	-0.144	-1.40947349817783
FHL2	7.56423880421356e-29	0.305316303679897	0.278	0.126	2.22252464545403e-24	0.152	1.23568952618532
REL	8.01215977836345e-29	0.377145589422712	0.55	0.354	2.35413278607875e-24	0.196	1.29876966132462
CDKN1B	8.01654538738019e-29	0.299805294016528	0.373	0.204	2.35542136572005e-24	0.169	1.23097826942536
EIF4A1	3.06928881780995e-28	-0.460691963380551	0.685	0.817	9.01818440448919e-24	-0.132	-1.37620173089959
GLUL	3.07532173328864e-28	-0.310484618370297	0.503	0.496	9.03591031674868e-24	0.00700000000000001	-1.24012420240478
S1PR3	5.53832446929405e-28	-0.419109624897557	0.307	0.398	1.62727049556798e-23	-0.091	-1.33710209283697
GZF1	7.85845716595591e-28	0.292146628316485	0.419	0.249	2.30897188450116e-23	0.17	1.22446083415825
RRAS	9.85011913165892e-28	0.260557524832842	0.777	0.593	2.89416200326402e-23	0.184	1.19794155581957
COL6A1	1.24409581311514e-27	0.260247720626498	0.631	0.448	3.65540231809491e-23	0.183	1.19768433757361
AASS	1.37809398642199e-27	-0.32839191470113	0.274	0.309	4.04911575090509e-23	-0.035	-1.25561303797715
C6orf48	2.76065396365438e-27	0.404393123205631	0.245	0.1	8.11135347600931e-23	0.145	1.32353204298834
COL4A1	3.44648688682325e-27	-0.269341734048844	0.45	0.448	1.01264677708641e-22	0.002	-1.20525777299506
BST2	4.40578086971339e-27	0.307418353296019	0.788	0.605	1.29450653513919e-22	0.183	1.23749127488703
HEY2	6.50464443254887e-27	0.27303736667935	0.356	0.196	1.91119462717151e-22	0.16	1.20834913996257
CTH	7.47484505223797e-27	0.294430730673966	0.226	0.095	2.19625897324856e-22	0.131	1.22640095936575
AVPI1	1.25316608399083e-26	0.279387268489616	0.239	0.104	3.68205258798185e-22	0.135	1.21367930939227
GAS5	1.75284310339342e-26	-0.420951665659851	0.361	0.555	5.15020360639054e-22	-0.194	-1.33881040231439
NEAT1	4.1476867619531e-26	-0.422565573050934	0.906	0.94	1.21867332439706e-21	-0.0339999999999999	-1.34030893454951
TMEM47	4.20702858115831e-26	0.289919923399616	0.629	0.441	1.23610913771594e-21	0.188	1.22257241708598
AAED1	2.30399348900816e-25	0.327818696777268	0.21	0.082	6.76959366940377e-21	0.128	1.25511425139216
DNAJB1	3.0752468775343e-25	-0.334685920771735	0.655	0.613	9.03569037557128e-21	0.042	-1.26110283290839
TXNIP	4.90997974966993e-25	0.383176997061366	0.556	0.37	1.44265025004802e-20	0.186	1.30421073255578
ECRG4	5.54172166903498e-25	-0.414690202304413	0.343	0.531	1.62826866079586e-20	-0.188	-1.33301240140533
C8orf59	8.16980780350496e-25	0.374336360862053	0.26	0.116	2.40045292882583e-20	0.144	1.29624314616236
AC020916.1	9.33658642901863e-25	-0.377965381052269	0.233	0.279	2.74327582457425e-20	-0.046	-1.29950787905643
NR4A1	1.06174305830039e-24	0.279295089142065	0.976	0.972	3.1196134538982e-20	0.004	1.21360176521995
SNHG6	1.18431976675441e-24	-0.456954471683809	0.334	0.469	3.4797683386778e-20	-0.135	-1.37264111300473
PTP4A1	2.69488259520939e-24	0.372879031029849	0.235	0.1	7.91810404124422e-20	0.135	1.29493441495714
LDLR	1.80091172155045e-23	-0.391974276773683	0.387	0.454	5.29143882025952e-19	-0.067	-1.31218785809776
IER3	2.87733906918316e-23	0.793522162090636	0.558	0.401	8.45419765307396e-19	0.157	1.73330094187518
MT-ND6	3.4140200531172e-23	0.284983845204736	0.521	0.358	1.0031073720069e-18	0.163	1.21839662041893
PPP1R15B	3.74721761479877e-23	0.31479225676239	0.649	0.47	1.10100747958017e-18	0.179	1.24383253269767
PTGDS	5.50691724287407e-23	-0.443532497921447	0.031	0.129	1.61804242430126e-18	-0.098	-1.35993009871173
BCAS3	1.03992086463495e-22	-0.305208531093882	0.176	0.19	3.0554954844704e-18	-0.014	-1.2355972208277
C4orf3	1.08542692675501e-22	0.259066877850691	0.734	0.565	3.18920139619157e-18	0.169	1.19670443660754
S100A10	1.21993331542038e-22	0.440437503980494	0.198	0.078	3.58440806736815e-18	0.12	1.35701578640421
RASD1	1.99872147203167e-22	0.528355128758098	0.295	0.149	5.87264342912345e-18	0.146	1.44228385530974
KLF4	5.45572693278826e-22	0.463188507108792	0.659	0.484	1.60300168739185e-17	0.175	1.37858527153098
BHLHE40	9.63531794500233e-22	0.318691746901822	0.766	0.6	2.83104911860059e-17	0.166	1.24719906094767
CNN1	2.21164905334328e-21	0.328228233541488	0.73	0.562	6.49826724853323e-17	0.168	1.25547059031214
EMP3	7.41051383073807e-21	0.263880212242465	0.409	0.263	2.17735717374746e-16	0.146	1.2007037282596
GABARAP	9.86254732710302e-21	-0.413016509769052	0.479	0.611	2.89781365564941e-16	-0.132	-1.33146685005621
KLF6	1.03017428458897e-20	-0.408850126978419	0.642	0.724	3.02685808297932e-16	-0.082	-1.32762723190824
FABP4	4.07711190879812e-20	0.29127863909078	0.134	0.044	1.19793702104306e-15	0.09	1.22372436586391
RGS16	4.54739326330199e-19	0.521921868428165	0.436	0.279	1.33611508862339e-14	0.157	1.43586674674363
SOCS3	6.65981761465318e-19	0.402677654340216	0.862	0.747	1.9567876115374e-14	0.115	1.32195920285143
HSPA1A	1.94916547726521e-18	-0.36342069044703	0.816	0.782	5.72703800530065e-14	0.0339999999999999	-1.28647256465193
FILIP1	2.42790085664735e-18	-0.25066355469927	0.482	0.485	7.13365829700124e-14	-0.003	-1.18975420599956
C1orf123	1.15675301172157e-17	0.286666728566398	0.185	0.082	3.39877169904032e-13	0.103	1.21981869209729
BTG2	1.62474290217003e-17	0.260492771086153	0.971	0.961	4.77381959515597e-13	0.01	1.19788778876483
GADD45B	1.93338835151991e-17	0.271475074214113	0.985	0.994	5.6806816544358e-13	-0.00900000000000001	1.20704132859083
CHMP1B	3.01460562824861e-17	0.424377400889819	0.403	0.257	8.85751425692006e-13	0.146	1.34199323683445
HLA-B	4.07553585939777e-17	0.271814479331161	0.644	0.498	1.19747394620825e-12	0.146	1.20732532776272
MT1X	4.44848873779588e-17	-0.293922462366558	0.873	0.935	1.30705496093919e-12	-0.0620000000000001	-1.22596896859009
PALLD	8.35134473188123e-17	0.262152807233572	0.86	0.738	2.45379210912134e-12	0.122	1.1992669309029
PLA2G16	1.04377321142452e-16	0.266962121706254	0.146	0.057	3.06681444980753e-12	0.089	1.20327143341351
CCNL1	4.48153619446291e-16	0.269518163412033	0.93	0.847	1.31676496465709e-11	0.0830000000000001	1.2054051748077
HSPA6	9.47614128142611e-16	-0.794497000032756	0.095	0.175	2.78427983130862e-11	-0.08	-1.73447253980135
ACKR3	1.09226923686356e-15	0.314364179570016	0.543	0.397	3.2093054717525e-11	0.146	1.24346351683795
CLU	1.14266571629818e-15	0.456249408603287	0.807	0.721	3.3573804076273e-11	0.0860000000000001	1.37197045004752
CCN2	1.51695311431482e-15	-0.335937048519385	0.154	0.196	4.4571116404798e-11	-0.042	-1.2621969553991
CSRP1	1.52347399178493e-15	0.281948973322161	0.912	0.834	4.47627128266249e-11	0.0780000000000001	1.21583627951181
TPM4	2.46586423584045e-15	0.256291205323761	0.907	0.81	7.24520229774640e-11	0.097	1.194404251032
COL4A3BP	3.09566780844827e-15	0.27101587538558	0.133	0.051	9.09569115478270e-11	0.082	1.20665719767788
MYH10	7.73471212239003e-15	0.299847124721252	0.262	0.151	2.27261311580064e-10	0.111	1.23101396195466
ACTG1	1.08487789522083e-14	0.289916963200634	0.973	0.954	3.18758823173784e-10	0.019	1.22256990854896
ARID5B	8.72477616103924e-14	-0.250223791247962	0.733	0.762	2.56351373163655e-09	-0.029	-1.1893915994428
SYNM	1.11253643960717e-13	0.280784453486152	0.737	0.607	3.26885456685378e-09	0.13	1.21485527233655
RND3	1.19746928402259e-13	-0.323474504537969	0.439	0.493	3.51840425031519e-09	-0.054	-1.2513405802102
AL078639.1	1.47962174139209e-13	0.406841815474808	0.179	0.088	4.34742460055825e-09	0.091	1.32578038692953
IGFBP6	1.66709718940813e-13	0.310315324004303	0.406	0.281	4.89826496191898e-09	0.125	1.23997868743662
ZNRD1	3.38398685056353e-13	0.302188454680587	0.252	0.148	9.94283016432575e-09	0.104	1.23301337957434
RRAD	1.44328740447588e-11	0.646621190777028	0.611	0.492	4.24066705183104e-07	0.119	1.56549748501545
SNHG5	6.9854756690761e-11	-0.254587304928772	0.326	0.406	2.05247246108794e-06	-0.08	-1.19299442810884
LINC00632	1.65591469298733e-10	-0.320884185661061	0.129	0.175	4.86540855093536e-06	-0.046	-1.24909584873236
GADD45G	5.01053337718849e-10	-0.287330682947835	0.284	0.3	1.47219491688552e-05	-0.016	-1.22038020394632
PTN	5.86384978140875e-10	0.36346516394363	0.605	0.496	1.72291634277352e-05	0.109	1.2865122229397
DCN	1.6616950426108e-09	0.484064420395578	0.414	0.305	4.88239237419907e-05	0.109	1.3986785362788
IER2	2.85273430129227e-09	0.269292391789045	0.897	0.824	8.38190392405694e-05	0.0730000000000001	1.20521655213861
EIF4A3	7.86827518601643e-09	0.262798252196859	0.831	0.741	0.000231185661515535	0.09	1.19980358900248
CYCS	8.86689779223001e-08	0.26845846066892	0.902	0.841	0.00260527190931302	0.0610000000000001	1.20452009368157
RASGEF1B	7.20573621440545e-07	0.287745563539095	0.16	0.098	0.0211718941451661	0.062	1.22073120319018
FOS	8.19546195780602e-07	0.29664171381392	0.968	0.964	0.0240799063244256	0.004	1.22828190482221
