	p_val	avg_log2FC	pct.1	pct.2	p_val_adj	perDiff	FC
RPL17	2.47505639346444e-34	-0.921284478812552	0.686	0.914	7.27221069527721e-30	-0.228	-1.8938006560414
EEF1G	3.45541453720285e-24	-0.72095175144411	0.403	0.745	1.01526989932094e-19	-0.342	-1.64826904534534
SEPT7	6.1367248101588e-23	1.3200682153339	0.37	0.095	1.80309248372086e-18	0.275	2.49677915088587
MIF	1.15756439648797e-19	-0.771858762533583	0.397	0.704	3.40115570976096e-15	-0.307	-1.70746826227161
IGKC	2.54785044845012e-18	0.817621229405478	0.195	0.021	7.48609418763613e-14	0.174	1.76249752232168
IL7R	9.36846206104535e-18	0.637070941570359	0.937	0.907	2.75264152277634e-13	0.03	1.55516854210912
RPL36A	1.99852245951057e-15	-0.474402206189689	0.785	0.94	5.87205869053396e-11	-0.155	-1.38934241389124
SNHG29	1.15479001991852e-14	-0.857634339517163	0.273	0.516	3.39300403652459e-10	-0.243	-1.81206453873099
SEPTIN7	1.23855770857751e-14	-0.834477315350827	0.294	0.537	3.63913025934243e-10	-0.243	-1.78321086914915
SEPT6	5.31909723487195e-14	0.941777908758907	0.276	0.08	1.56285714955008e-09	0.196	1.9208939990393
HLA-A	2.22455288750855e-13	-0.440597111166134	0.929	0.969	6.53618129407761e-09	-0.0399999999999999	-1.35716592308981
TLE5	1.19396093617007e-12	-0.757679661058222	0.253	0.432	3.50809602265489e-08	-0.179	-1.69076911125921
IGHA1	1.73758211545063e-12	0.598951099420151	0.132	0.016	5.10536377161704e-08	0.116	1.51461497667932
CRISP3	8.62314563301028e-12	-0.597608804345767	0.005	0.105	2.53365264989108e-07	-0.1	-1.51320642208486
RARRES3	1.1802534129137e-11	0.660661762380393	0.251	0.078	3.46782057782303e-07	0.173	1.58080757187035
RPL28	1.43415306603476e-11	-0.287372151191371	0.942	0.996	4.21382853862333e-07	-0.054	-1.22041528256612
PTPRC	2.82912099358867e-11	0.45507531556461	0.944	0.891	8.31252330336222e-07	0.0529999999999999	1.37085436825044
LAIR2	6.60967119204578e-11	-0.687152641457143	0.01	0.101	1.94205358964689e-06	-0.091	-1.6101026199111
MT-CO2	6.65425540835645e-11	-0.326155158313068	0.947	0.986	1.95515332408329e-06	-0.039	-1.25366784209217
XCL1	7.43279332901082e-11	-1.03795439890161	0.035	0.173	2.18390333592996e-06	-0.138	-2.05331418869929
SEPTIN6	8.47434447171931e-11	-0.737689433020952	0.243	0.428	2.48993189268057e-06	-0.185	-1.6675030879122
AES	9.50525583579818e-11	0.74243846765838	0.246	0.08	2.79283426967422e-06	0.166	1.67300118547478
CRIP1	1.51283629578591e-10	-0.849086677121771	0.471	0.658	4.44501560427815e-06	-0.187	-1.80136018216921
LGALS3	2.45559512099319e-10	0.713210045052727	0.461	0.255	7.21502958450219e-06	0.206	1.63944788862024
IL32	7.21252458944962e-10	-0.380509455961683	0.805	0.78	2.11918397487209e-05	0.025	-1.30180147678891
KIAA1551	7.91911804737913e-10	0.846978629529434	0.218	0.074	2.32679526468094e-05	0.144	1.79872997972427
GAS5	1.00412064908178e-09	-0.302019826294795	0.284	0.479	2.9503072911321e-05	-0.195	-1.23286926810304
DUSP1	1.1433825477921e-09	0.692898038588215	0.777	0.71	3.35948660192274e-05	0.0670000000000001	1.61652748668174
LINC01578	1.2177706781375e-09	-0.656735694507844	0.261	0.447	3.5780538065036e-05	-0.186	-1.57651150063816
LTB	1.47199886164116e-09	-0.684694012037938	0.714	0.833	4.32502705527405e-05	-0.119	-1.60736103258581
MT-RNR2	2.93146300501859e-09	2.77834759597816	0.111	0.025	8.61322460134563e-05	0.086	6.86066106851572
FOS	3.64448268282017e-09	0.887149920078288	0.818	0.776	0.000107082190186622	0.0419999999999999	1.84951874208806
ATP6V0C	4.09462419230335e-09	-0.620792875742717	0.17	0.331	0.000120308248018257	-0.161	-1.53772004865292
SNHG5	9.16862179935751e-09	-0.533581818856763	0.266	0.444	0.000269392445708722	-0.178	-1.44751853227817
TNFRSF18	1.48355882136487e-08	-0.721844074956682	0.127	0.241	0.000435899252893427	-0.114	-1.64928883409233
GZMK	1.61537962651002e-08	-0.909465661669575	0.023	0.126	0.000474630841861175	-0.103	-1.87834967561579
C17orf49	2.9897101592615e-08	-0.577038997042179	0.104	0.239	0.000878436638994215	-0.135	-1.49178435010655
AAED1	6.97731766764481e-08	0.514457041530106	0.109	0.025	0.0020500754771074	0.084	1.42845643879542
FAM96B	9.36666842760754e-08	0.50890275944519	0.122	0.029	0.00275211451739965	0.093	1.42296754712028
NME2	1.63306266349256e-07	-0.566645400083131	0.203	0.35	0.00479826471787384	-0.147	-1.48107571977742
JUN	1.68416721540662e-07	0.841286488705994	0.678	0.572	0.00494842011230773	0.106	1.79164708805685
SEPT9	1.8672443956586e-07	0.5971180814946	0.157	0.049	0.00548633748332411	0.108	1.51269180279671
SNHG16	1.98818181592068e-07	-0.523766456478275	0.099	0.202	0.00584167581153813	-0.103	-1.43770377847233
HIST1H1D	2.41854108855244e-07	0.687843270901584	0.359	0.218	0.00710615742638479	0.141	1.61087357319411
EIF4A1	2.68909648647684e-07	-0.53541395764323	0.413	0.553	0.00790110329656625	-0.14	-1.4493579643568
RPL10	3.000221067453e-07	0.258784511435681	0.977	0.988	0.00881524954039042	-0.011	1.19647023875828
MT-CO3	6.12405160185519e-07	-0.268008801339746	0.959	0.981	0.0179936884165709	-0.022	-1.20414472724303
CXCR4	7.32474299060084e-07	0.430384709210758	0.911	0.872	0.0215215598549834	0.039	1.34759287821599
SNHG6	8.02632955655155e-07	-0.423573284224105	0.357	0.535	0.0235829615030598	-0.178	-1.34124545686894
RASGEF1B	9.04283674462729e-07	1.02143317987956	0.225	0.115	0.0265696629230639	0.11	2.02993450454829
C19orf70	9.55146772429588e-07	0.438706321121014	0.104	0.023	0.0280641224675262	0.081	1.35538839221297
RGS2	1.15078176133418e-06	0.674236214371038	0.448	0.286	0.0338122697115209	0.162	1.59575173277586
LST1	1.21006628950383e-06	-0.739217816389458	0.165	0.278	0.0355541677182015	-0.113	-1.66927056778089
S100A4	1.47566980369988e-06	0.297370758466001	0.904	0.885	0.0433581301723099	0.019	1.22890275581535
NIBAN1	1.53581758895704e-06	-0.516754148661577	0.124	0.214	0.0451253923987358	-0.09	-1.43073268642782
