	p_val	avg_log2FC	pct.1	pct.2	p_val_adj	perDiff	FC
MT-RNR2	1.6618416092175e-30	4.80866616773604	0.138	0.005	4.88282301620285e-26	0.133	28.0254603834044
RASGEF1B	4.87912134221086e-18	1.9501898770396	0.115	0.021	1.43358343276839e-13	0.094	3.86425386725157
CFD	1.95856812438875e-07	1.62254579895366	0.177	0.093	0.00575466486307903	0.084	3.07917913198348
IGKC	5.06015057435073e-49	1.41263919003506	0.274	0.028	1.48677344175573e-44	0.246	2.66223733253329
CYR61	1.63203365641127e-09	1.28908375124388	0.11	0.032	4.79524128926759e-05	0.078	2.44372806238072
IGHA1	4.07047070290928e-31	1.0796878301107	0.148	0.007	1.1959857019288e-26	0.141	2.11357869616111
SFRP4	1.9214091507957e-13	0.936626576944998	0.57	0.551	5.64548436686792e-09	0.0189999999999999	1.91404742571051
MYH11	1.32369157222069e-15	0.865612316770521	0.409	0.218	3.88927057749882e-11	0.191	1.82211285451216
LUM	6.32676330685851e-13	0.785712479086029	0.456	0.274	1.85892959482117e-08	0.182	1.72394348366837
IGLC2	6.07578309166445e-27	0.746353611542124	0.13	0.008	1.78518658799285e-22	0.122	1.67754749351124
FN1	7.49738462400089e-08	0.73667611011059	0.135	0.052	0.00220288155022394	0.083	1.66633227512152
ID1	4.08493413291103e-14	0.727980913332652	0.269	0.115	1.20023534693192e-09	0.154	1.65631940963424
MGP	8.28216747486419e-08	0.716794045650091	0.45	0.311	0.0024334664474646	0.139	1.64352573356958
TSC22D1	2.73383756293947e-13	0.711026295659721	0.443	0.261	8.03256152742875e-09	0.182	1.63696819954012
CCN4	1.86192371502393e-12	0.678095162482376	0.203	0.078	5.47070425948331e-08	0.125	1.60002579345632
MTRNR2L12	1.20830036909965e-06	0.654756967601881	0.104	0.038	0.0355022814448859	0.066	1.57435072005079
TOB1	4.82249361882547e-11	0.640082007079742	0.383	0.223	1.4169450750833e-06	0.16	1.5584177419058
CDKN1C	1.47471555764375e-11	0.639203113176987	0.354	0.195	4.33300925146886e-07	0.159	1.55746863853359
SEMA5A	3.84475204083009e-12	0.639196001789065	0.169	0.057	1.1296650446367e-07	0.112	1.55746096141815
TGM2	4.0334545107116e-08	0.607702672365226	0.378	0.308	0.00118510960433728	0.07	1.52383074893624
KLF2	1.07710823186748e-08	0.560317279715677	0.451	0.302	0.000316475940687303	0.149	1.47459347650277
THSD7A	2.73471002420408e-09	0.541289852582374	0.157	0.062	8.03512499311644e-05	0.095	1.4552730338989
TWIST2	1.9695940118311e-07	0.519209165203227	0.138	0.056	0.00578706112556215	0.082	1.43316941946832
CFH	6.14718323514621e-09	0.506763829173041	0.112	0.034	0.000180616537815066	0.078	1.42085942783003
FOS	4.36440110369599e-09	0.474587641533096	0.826	0.74	0.000128234833228796	0.086	1.38952100308601
CXCL12	2.22789474470466e-07	0.472714890176945	0.179	0.085	0.00654600033889125	0.094	1.38771844673548
ATP1B2	3.04021242204675e-10	0.465377475870873	0.119	0.033	8.93275213845776e-06	0.086	1.3806785556257
JUNB	1.81550304231095e-10	0.464259038041999	0.805	0.673	5.33431103891804e-06	0.132	1.37960861036947
SLC22A3	1.99301509081698e-10	0.452712218830205	0.141	0.048	5.85587693983844e-06	0.093	1.36861078262728
KANK2	1.45098809573329e-09	0.448756575261787	0.307	0.173	4.26329322288355e-05	0.134	1.36486340618455
RASD1	8.0523951272238e-09	0.447986865701368	0.242	0.129	0.00023659547362809	0.113	1.36413541573118
SVEP1	1.41203296731847e-07	0.447349734285875	0.154	0.07	0.00414883526457512	0.084	1.36353311128287
CCNI	3.59367715764918e-08	0.447222873534693	0.385	0.249	0.00105589422246048	0.136	1.36341321676269
A2M	8.50462199872032e-08	0.442792623345704	0.196	0.1	0.002498828035664	0.096	1.35923284827742
RPL4	2.02334538741658e-07	0.437744185828796	0.461	0.324	0.00594499341730739	0.137	1.35448478318647
SMC3	3.21366423312301e-08	0.434004951517476	0.169	0.075	0.000944238824976203	0.094	1.35097872126279
ZC3H13	1.83712236942039e-08	0.426063277296006	0.198	0.095	0.000539783294583098	0.103	1.34356235371781
RHOBTB3	2.61336185151805e-08	0.410966058767972	0.232	0.125	0.000767857979213032	0.107	1.3295758278548
ANTXR1	2.75951168924167e-10	0.402695905559363	0.214	0.101	8.10799724532986e-06	0.113	1.32197592677371
NOVA1	1.32463479067572e-09	0.395996919281648	0.182	0.084	3.8920419419634e-05	0.098	1.31585171516778
SH3BP5	2.44221569990925e-07	0.394059455057206	0.304	0.191	0.00717571816947336	0.113	1.31408578096095
NUCKS1	1.07935038324667e-06	0.391995624861912	0.453	0.324	0.0317134729605536	0.129	1.31220727516695
CDC42EP4	3.6679382996821e-08	0.390325516281503	0.205	0.1	0.00107771363121259	0.105	1.31068910218791
EGR1	1.20119716862608e-08	0.385568135410917	0.782	0.655	0.000352935752085716	0.127	1.30637413784674
CBX6	9.60512997812177e-09	0.382773088391015	0.209	0.1	0.000282217929017174	0.109	1.30384564619054
ALCAM	9.01472816534294e-09	0.379644072398609	0.206	0.104	0.000264870742954106	0.102	1.30102084071552
DST	3.17712822537148e-07	0.378908163411114	0.391	0.268	0.00933503815178649	0.123	1.30035736801065
RASSF8	8.84422426078147e-08	0.355727630538214	0.174	0.083	0.00259860997230281	0.091	1.27963080681967
GFRA1	5.27361047768254e-12	0.354309295624442	0.135	0.044	1.54949223055268e-07	0.091	1.27837340096381
MARCKS	1.86530982738783e-09	0.3446360752473	0.143	0.06	5.48065333483091e-05	0.083	1.26983062302186
CHGB	3.79246186157385e-07	0.343960149402019	0.174	0.084	0.0111430114416763	0.09	1.26923582628521
PLD3	4.15026168151977e-07	0.343339409741833	0.159	0.076	0.0121942988726414	0.083	1.26868983733916
NR2F2	2.35799964397556e-07	0.338237955757724	0.407	0.279	0.00692827455392899	0.128	1.26421159824848
RUNX1T1	8.39972326184276e-08	0.337836437922884	0.232	0.132	0.00246800668879464	0.1	1.26385980326751
EIF4B	3.16796995235508e-08	0.337629691371741	0.317	0.193	0.00093081293140097	0.124	1.26367869781824
TNS1	1.17302243632358e-10	0.337392322261787	0.196	0.085	3.44657452240595e-06	0.111	1.26347079968017
PTCH1	7.00641999633661e-11	0.335578022415989	0.218	0.102	2.05862632332362e-06	0.116	1.26188288675672
BHLHE40	1.90079911825241e-07	0.324097852079928	0.253	0.148	0.00558492796924923	0.105	1.25188136574647
SIAH2	1.22536680869064e-06	0.312921618564925	0.107	0.043	0.0360037275729484	0.064	1.2422207902561
CCBE1	6.837950144501e-07	0.312811125184482	0.192	0.101	0.0200912651145728	0.091	1.24212565447586
TNS2	6.35749825164589e-08	0.29609339573932	0.187	0.095	0.0018679601362986	0.092	1.22781516640461
PTPRA	1.01640934928258e-06	0.294060201621244	0.2	0.114	0.0298641395006207	0.086	1.22608602181929
SOCS3	4.38230352840289e-07	0.292391482319462	0.446	0.322	0.0128760842271534	0.124	1.22466866711801
GNG12	1.62521221532575e-06	0.292186844550356	0.157	0.083	0.0477519853107012	0.074	1.22449496742151
NFIC	3.44344327000232e-08	0.288250253241875	0.333	0.213	0.00101175250159208	0.12	1.22115831926455
NOP53	3.19750104089895e-07	0.287913948992624	0.305	0.201	0.00939489755836929	0.104	1.22087369024919
NORAD	1.74537760195845e-07	0.286479661707553	0.398	0.274	0.00512826847007433	0.124	1.21966053472424
NCOR2	2.39212365290249e-07	0.278405644014774	0.196	0.1	0.0070285377169581	0.096	1.21285379044322
HTRA1	7.49198013458408e-07	0.278355130428909	0.149	0.069	0.0220129360314349	0.08	1.21281132511284
EPN2	6.87320053487313e-07	0.271792111833752	0.187	0.101	0.0201948378115642	0.086	1.20730660957486
H1FX	1.20640017266896e-07	0.270933764957424	0.201	0.106	0.00354464498733594	0.095	1.20658852320624
PLXDC1	1.44107299499988e-07	0.269489898303274	0.125	0.054	0.00423416067390865	0.071	1.20538155888497
RBMS3	1.17848555670312e-07	0.267272293430229	0.336	0.223	0.00346262626270512	0.113	1.20353015815258
EGFR	3.91319083304283e-07	0.257003698049654	0.278	0.181	0.0114977373056464	0.097	1.19499426797293
C1orf21	8.29134590521345e-07	0.25630711816126	0.261	0.166	0.0243616325386981	0.095	1.19441742531002
STK24	5.31298286299217e-07	0.255158339763956	0.183	0.095	0.0156106062480436	0.088	1.19346672211179
IER2	1.48698752912338e-07	0.255084040630117	0.623	0.489	0.00436906675807032	0.134	1.19340525987765
ENAH	6.1360758381254e-08	0.251281714490286	0.138	0.058	0.00180290180275801	0.08	1.19026409601511
