	p_val	avg_log2FC	pct.1	pct.2	p_val_adj
RPL17	4.279234075806e-107	-1.11449582760119	0.739	0.959	1.25732455615332e-102
SNHG29	3.08857555710076e-92	-1.0694064851182	0.414	0.852	9.07485270187345e-88
EEF1G	3.06115347545541e-91	-0.971496991181189	0.511	0.875	8.99428114158308e-87
KIAA1551	1.05076962622546e-78	1.31736834169951	0.346	0.042	3.08737131577565e-74
LRFN5	9.95106635365886e-78	1.1686762588273	0.305	0.026	2.92382231603205e-73
NME2	1.57129776855453e-75	-0.777968353151608	0.451	0.847	4.61678710356693e-71
AC024230.1	3.44997559883836e-71	2.67642587607529	0.333	0.221	1.01367183045069e-66
RPL36A	1.25723599600487e-69	-0.665412694738402	0.739	0.966	3.6940108034615e-65
EIF4A1	5.70159485652521e-63	-0.745816515791772	0.674	0.918	1.67524260074424e-58
MT-RNR2	2.24625580368389e-62	3.85939742707348	0.252	0.023	6.599948802384e-58
MIF	7.60674966290699e-60	-0.650875476851815	0.6	0.889	2.23501518595533e-55
RPS27	6.44541116501304e-57	-0.55064865126818	0.935	0.996	1.89379070850413e-52
RPL26	1.7666724504785e-56	-0.365220848149233	0.746	0.973	5.19083699399594e-52
TNNT1	5.78343357840247e-56	0.493809551430064	0.358	0.079	1.69928845400621e-51
MT-ND3	6.48017071337301e-56	-0.624442086932683	0.898	0.978	1.90400375900326e-51
ITM2B	2.12119224094222e-55	0.305556367736015	0.871	0.973	6.23248704233644e-51
CYR61	3.3829130587806e-54	1.10523256540662	0.314	0.056	9.93967514930916e-50
IFITM3	5.32179848338182e-54	0.355330004395635	0.788	0.93	1.56365083038725e-49
GAS5	3.00580311232259e-52	-0.540989411844581	0.519	0.841	8.83165070462622e-48
BTG1	4.69222613732415e-52	-0.800141152459498	0.586	0.835	1.37866988366858e-47
GABARAP	2.15035890295317e-51	-0.610055784389986	0.481	0.798	6.318184528657e-47
SLC26A3	5.71579338929613e-50	2.03855691616099	0.217	0.023	1.67941441364299e-45
RESF1	1.18959157556144e-49	-0.78114543800637	0.295	0.625	3.49525796731462e-45
EEF1A1	1.7017290790949e-49	-0.309576999575862	0.947	0.999	5.00002038019664e-45
PRUNE2	5.94486835100226e-49	1.05980891816863	0.529	0.264	1.74672121889148e-44
RPL41	7.63118607574157e-49	-0.334624536713915	0.873	0.993	2.24219509277439e-44
MARCKS	8.14302744381174e-49	-0.812155528958069	0.522	0.77	2.39258432354077e-44
CCN1	9.66723300569945e-49	-0.653536934691183	0.346	0.694	2.84042640173461e-44
RASGEF1B	2.41300682139398e-46	2.18946908634954	0.392	0.182	7.08989664261978e-42
C6orf48	5.29497341573146e-45	0.63789217891812	0.296	0.061	1.55576908901022e-40
RNASEK	7.08502411831171e-45	-0.59104521855762	0.441	0.748	2.08172178644235e-40
SNHG6	8.62786574472614e-45	-0.335021339384578	0.474	0.786	2.53503951311544e-40
EIF1	1.33772294853902e-44	-0.410927803199448	0.857	0.988	3.93049756739736e-40
MT-RNR1	5.02087283222934e-44	2.14392994367438	0.203	0.022	1.47523285556562e-39
IGKC	6.67089765314688e-44	0.304759206606487	0.242	0.037	1.96004314844762e-39
PLCB1	8.7130353059299e-44	1.25729703701461	0.543	0.325	2.56006403358832e-39
HNRNPA1	1.84487428461111e-43	-0.270241179979733	0.727	0.946	5.42060962304438e-39
H3F3B	3.45277140732811e-43	-0.404192193096944	0.831	0.985	1.01449329490115e-38
PDE4D	4.03828255171503e-43	1.76561606215088	0.594	0.44	1.18652817934491e-38
SEPT7	1.21654314827487e-42	0.692420617899979	0.325	0.08	3.57444707826123e-38
CTGF	6.36032387761768e-42	0.818285012181675	0.192	0.02	1.86879036172163e-37
CERT1	6.91631804634838e-42	-0.595487724922729	0.229	0.51	2.03215256837808e-37
ATP6V0C	1.64337116324869e-41	-0.490414514120862	0.351	0.672	4.82855315185729e-37
MT-ATP6	4.20368832194631e-41	-0.445183071252199	0.91	0.983	1.23512770275426e-36
SEPTIN7	4.58431961292945e-41	-0.486156522573813	0.358	0.676	1.34696478867093e-36
SERPINA5	1.88863682934228e-40	-0.633935660836607	0.086	0.343	5.54919273197348e-36
LINC01578	1.91009867147349e-40	-0.542610759540497	0.328	0.642	5.6122519165234e-36
MT-CYB	6.52199312431708e-40	-0.476582229164888	0.903	0.977	1.91629201978684e-35
INO80D	2.55965566655786e-39	1.64682828621472	0.577	0.413	7.52078027948032e-35
KRT19	2.94001322130625e-39	-0.806267955070899	0.783	0.948	8.63834684684202e-35
DDX5	3.72205651627881e-39	-0.583963323640942	0.841	0.959	1.09361464561304e-34
RBIS	6.64513666421187e-39	-0.473277654813577	0.358	0.669	1.95247405467873e-34
RAP2B	7.95536521176731e-39	-0.875784523930257	0.439	0.652	2.33744540652147e-34
RPL15	3.46465401330491e-38	-0.282315128457474	0.871	0.992	1.01798464218925e-33
CCN2	4.42736636373384e-38	-0.939009863581469	0.219	0.517	1.30084878499228e-33
S100A6	5.62818119309281e-38	-0.415210142712509	0.801	0.971	1.65367219815453e-33
LDHB	7.98779885777866e-38	0.606319655601094	0.709	0.631	2.34697506039253e-33
MUM1	8.80740943163436e-38	0.334665432670038	0.178	0.02	2.58779303920281e-33
ATP5F1E	1.8031952823763e-37	-0.338561681195429	0.718	0.933	5.29814837867804e-33
SEPT2	3.80868596801338e-37	0.630199808752484	0.284	0.069	1.11906811112169e-32
MTRNR2L8	4.04271136963093e-37	-0.356909768398619	0.026	0.224	1.18782945462496e-32
MFGE8	1.04160751019472e-36	0.60109096032501	0.481	0.273	3.06045118645413e-32
C9orf3	5.54905618012881e-36	0.495996111264359	0.208	0.034	1.63042368684545e-31
C19orf70	2.52190617393723e-35	0.518298612175103	0.245	0.053	7.40986472026238e-31
AP001324.1	2.54214514911818e-35	1.56965922191395	0.169	0.021	7.46933087713904e-31
SNHG16	3.26123404409916e-35	-0.393711493571621	0.353	0.648	9.58215786837216e-31
AC073621.1	5.33964357214988e-35	1.47578082309651	0.169	0.02	1.56889407436908e-30
HSPD1	5.53042706135201e-35	0.673738521982197	0.824	0.868	1.62495007916645e-30
SEPTIN2	6.85214688244231e-35	-0.447993105006086	0.333	0.629	2.0132977969992e-30
PAM	9.04991974012135e-35	1.00458127581274	0.524	0.316	2.65904741804246e-30
CLDN10	1.16270591432585e-34	-0.740125120046997	0.393	0.605	3.41626251747222e-30
S100A11	4.92318655881951e-34	-0.356440885182308	0.751	0.944	1.44653067471235e-29
RPL39	6.41553311029553e-34	-0.289872058737704	0.868	0.987	1.88501193846703e-29
RPL28	9.14078729536193e-34	-0.286852798748241	0.871	0.989	2.68574612312324e-29
MICOS10	1.98685189870823e-33	-0.31400126596687	0.362	0.638	5.83776824878451e-29
ERP27	2.75867221183802e-33	-0.645262711817615	0.362	0.584	8.10553069282247e-29
TNFAIP3	3.96094421115565e-33	-0.811260290674506	0.384	0.617	1.16380462812175e-28
ARL6IP1	4.95914103501336e-33	-0.550709747101693	0.55	0.774	1.45709481890763e-28
RPL13AP5	5.09604923134058e-33	1.36572258370313	0.159	0.02	1.49732118515249e-28
C8orf59	6.55391317166003e-33	0.55884894655192	0.286	0.079	1.92567076809715e-28
ISYNA1	6.78735193525847e-33	-0.541422739791661	0.494	0.716	1.99425974561764e-28
FAM208B	6.82787562597473e-33	0.469983886117893	0.196	0.035	2.0061664164239e-28
HSP90AB1	1.17791009563868e-32	0.325350330277177	0.931	0.986	3.46093544300557e-28
FAM208A	1.56531288170442e-32	0.414667777124407	0.169	0.024	4.59920230902394e-28
VIM	1.88821036474178e-32	0.621173745011582	0.744	0.724	5.54793969368431e-28
FKBP2	2.62392407939974e-32	0.672353842317782	0.374	0.156	7.70961373009232e-28
FTL	3.60826667343384e-32	-0.3468907176027	0.797	0.963	1.06018091398833e-27
RALYL	7.45025081696522e-32	0.537844396676485	0.134	0.011	2.18903269504072e-27
MT-CO3	7.80690623988465e-32	-0.393177137877142	0.929	0.983	2.29382519140291e-27
FAM96B	9.33761098397243e-32	0.339993212630649	0.236	0.054	2.74357685931078e-27
DAPL1	1.047406209783e-31	-0.569824665913209	0.483	0.742	3.07748892558442e-27
CD44	1.93925340558232e-31	-0.456224666195086	0.467	0.721	5.69791435628197e-27
COL4A3BP	3.52867352521542e-31	0.536996568178275	0.196	0.036	1.03679485517879e-26
MRPS24	6.91960702118876e-31	-0.363553288172052	0.346	0.624	2.03311893496568e-26
CPM	9.1850588249084e-31	-0.506096397671397	0.138	0.371	2.69875398393459e-26
SLC40A1	1.31694749503193e-30	-0.67484799641039	0.557	0.753	3.86945512990282e-26
TOMM6	1.87085118023347e-30	-0.347312369482742	0.356	0.632	5.49693493776197e-26
MT-ND1	5.41279712575368e-30	-0.364170998197739	0.875	0.975	1.59038805148895e-25
BICD1	1.50669451823602e-29	1.09001876680108	0.617	0.492	4.42696983348108e-25
SNHG32	1.6024308091746e-29	-0.407214092571517	0.342	0.613	4.70826220351681e-25
ANKHD1	2.07860973016929e-29	-0.40655778644865	0.289	0.509	6.10737110918339e-25
SLC25A6	2.42436027595274e-29	-0.424332129815783	0.693	0.891	7.12325536280435e-25
MT-ND2	2.72244164708461e-29	-0.410761175705963	0.864	0.973	7.999078047464e-25
FAM213A	2.78440351124089e-29	0.334540766139865	0.199	0.041	8.18113439672798e-25
MT-ND4	2.78910596437555e-29	-0.346582683994296	0.924	0.976	8.19495114452825e-25
TLE5	3.86069057269549e-29	-0.369321813269897	0.365	0.635	1.13434810406939e-24
SAT1	4.16026259558735e-29	-0.499376826250364	0.82	0.954	1.22236835583548e-24
RPL37A	4.20886670315369e-29	-0.321915983252888	0.942	0.994	1.23664921472062e-24
CSMD1	4.84958125978572e-29	1.39432589471554	0.148	0.038	1.42490396575024e-24
LINGO1	9.46206468102276e-29	0.937428030230224	0.168	0.027	2.78014384457811e-24
B2M	1.49431334762718e-28	-0.342118469792492	0.836	0.972	4.39059147799817e-24
ATP5MG	2.17057243768028e-28	-0.252291834171736	0.704	0.903	6.3775759363922e-24
TPM1	4.0653824495788e-28	-0.649873049540269	0.596	0.786	1.19449067133524e-23
LRRC75A-AS1	6.58736300436214e-28	1.17861893437535	0.12	0.011	1.93549899794168e-23
IRF1	6.64955500899952e-28	-0.646744664585024	0.681	0.813	1.95377225274424e-23
ATP5S	6.7127947128643e-28	0.260351579967403	0.182	0.034	1.97235334253379e-23
RPL18A	7.06885786556252e-28	-0.290714275979037	0.891	0.987	2.07697181805958e-23
ERBB4	1.04501199496136e-27	1.3930891994989	0.474	0.434	3.07045424359545e-23
PPP1R15A	1.60124282542847e-27	-0.440389845945788	0.705	0.881	4.70477166967393e-23
AES	2.64538137560913e-27	0.308061809090476	0.263	0.095	7.77265955781476e-23
EYA2	3.28763268514019e-27	0.989175608075937	0.434	0.32	9.6597223554789e-23
MINOS1	8.52058664542659e-27	0.367376799722023	0.243	0.068	2.50351876815924e-22
EEF1D	1.18878417509382e-26	-0.295207838711195	0.79	0.944	3.49288566326065e-22
C19orf33	1.76888390864248e-26	-0.423724663003489	0.721	0.901	5.19733470037335e-22
GSTP1	2.60230426697558e-26	-0.27150639818406	0.829	0.966	7.64609039722765e-22
SERPINA3	4.22152209587494e-26	-1.00326233529542	0.109	0.306	1.24036762220997e-21
S100A2	7.46550304788972e-26	-1.79091290122064	0.178	0.319	2.19351410553096e-21
RPL9P9	7.78282421116224e-26	1.1805007177725	0.138	0.019	2.28674940972369e-21
KLF5	7.88587434679372e-26	-0.517962625362305	0.693	0.858	2.31702760057493e-21
RPL37	1.11160445474152e-25	-0.262749651337895	0.931	0.994	3.26611620892153e-21
RAD50	1.23277865607313e-25	-0.41987974157045	0.344	0.56	3.62215024727407e-21
LCN1	1.46326405987218e-25	-0.470874926737791	0.007	0.136	4.29936246071645e-21
AHR	1.52730008856807e-25	-0.488427702805101	0.388	0.607	4.4875131202307e-21
FGL2	1.92878759623069e-25	-0.576115387873849	0.102	0.285	5.66716371524501e-21
COX8A	2.03869394834602e-25	-0.340302876368622	0.637	0.848	5.99009055903029e-21
NDUFA13	2.17871301523065e-25	-0.276216717261617	0.67	0.873	6.40149458135068e-21
TROVE2	2.43859443664379e-25	0.261471872521064	0.175	0.035	7.16507817374678e-21
ARPC2	2.45010450198858e-25	-0.362916654464734	0.705	0.878	7.19889704774285e-21
PNRC1	3.22987612760582e-25	-0.465591399631474	0.806	0.939	9.49002203813144e-21
ITGB6	3.38999475775634e-25	-0.458612311792253	0.212	0.429	9.96048259723967e-21
MUC20-OT1	4.04051664900531e-25	0.279641121111951	0.189	0.043	1.18718460181074e-20
DSP	4.04140920299035e-25	-0.443154851164197	0.587	0.787	1.18744685202262e-20
DSTN	6.47162855176765e-25	-0.319562077515136	0.772	0.928	1.90149390108037e-20
GALNT4	8.71056435032782e-25	-0.358256806748828	0.168	0.378	2.55933801741332e-20
TRAPPC5	1.24809896174564e-24	-0.343298920325581	0.367	0.614	3.66716436940104e-20
NEAT1	1.47586132552777e-24	-0.602254277947712	0.748	0.909	4.3363757466657e-20
KDM6B	1.99039354229946e-24	-0.488918623431723	0.43	0.629	5.84817430598426e-20
RPL18	2.30837744420726e-24	-0.273410288553254	0.905	0.988	6.78247460656977e-20
RNPC3	2.37431257586588e-24	0.713809236542269	0.566	0.438	6.97620521040912e-20
MYH10	2.72195302536538e-24	0.69419571156902	0.499	0.387	7.99764237912855e-20
PERP	3.83487698056004e-24	-0.565000566657276	0.677	0.834	1.12676355442815e-19
PCP4	5.30598135151495e-24	0.355771474623322	0.231	0.07	1.55900344070212e-19
AC007969.1	5.53006988567131e-24	1.09975929315291	0.127	0.018	1.62484513380795e-19
HES4	1.06480478181123e-23	-0.436168250731892	0.339	0.574	3.12860940991777e-19
TMEM176B	1.47467269274507e-23	0.285860906159754	0.192	0.051	4.33288330582358e-19
PLAUR	1.65056292473964e-23	-0.621912301822734	0.37	0.566	4.84968398547e-19
SUMO2	2.84980757581066e-23	-0.277056062790779	0.716	0.897	8.37330461924688e-19
CPE	3.89657589879114e-23	0.588661532265998	0.444	0.256	1.14489193058281e-18
CD9	6.06306782934423e-23	-0.285033447619343	0.781	0.936	1.78145058961792e-18
ATP5E	6.49120649137605e-23	0.9898738651304	0.113	0.013	1.90724629129611e-18
AC097376.2	7.51122915725657e-23	0.369628848268105	0.15	0.028	2.20694935098512e-18
AMD1	7.79550011576769e-23	-0.450454081543806	0.642	0.811	2.29047384401486e-18
ZFAND5	1.06031258464148e-22	-0.416636105266656	0.667	0.83	3.11541043619359e-18
TIPARP	1.15527481054623e-22	-0.508794577212335	0.497	0.665	3.39442844834693e-18
TNFAIP2	1.32487003910446e-22	-0.755948426942556	0.444	0.617	3.89273314889671e-18
RARRES3	1.54090565009748e-22	0.32427843170675	0.215	0.069	4.52748898111641e-18
PMAIP1	1.6965004869375e-22	-0.479400534127502	0.519	0.678	4.98465773071977e-18
AC096919.1	1.92618032620979e-22	0.945706713104887	0.12	0.018	5.6595030344696e-18
KRT5	1.95399483635052e-22	-1.03527560923197	0.155	0.247	5.74122762816509e-18
C3	2.22468902512743e-22	0.964317057194713	0.589	0.503	6.53658129362943e-18
RPS28	2.40685665176501e-22	-0.262780505997711	0.935	0.994	7.07182621421594e-18
UBC	2.6873071781183e-22	-0.2881412153195	0.891	0.98	7.89584595074718e-18
ZBTB20	2.75599353629063e-22	0.776530964407177	0.628	0.578	8.09766020832913e-18
ATP5ME	2.95145888388808e-22	-0.328798645699521	0.677	0.865	8.67197649263996e-18
KRT7	3.57962939832143e-22	0.413274614571939	0.725	0.759	1.0517667098148e-17
UBE2V1	4.09917495280894e-22	-0.350073006792873	0.393	0.616	1.20441958463432e-17
MICOS13	4.43911685149175e-22	-0.344686121107976	0.335	0.569	1.30430131330531e-17
LINC00486	4.4815312052506e-22	0.993984011615793	0.138	0.025	1.31676349872673e-17
SQSTM1	5.31376905376189e-22	-0.359116462138582	0.67	0.84	1.56129162337632e-17
MAP3K21	5.40759014070235e-22	0.716971116795099	0.33	0.182	1.58885813514116e-17
LINC-PINT	6.22630158446791e-22	0.787477815339633	0.365	0.453	1.82941193154836e-17
KRTCAP2	7.92886233441359e-22	-0.371590942110977	0.6	0.789	2.3296583310974e-17
MUC16	7.93078238744962e-22	-0.580900002828037	0.4	0.549	2.33022248108045e-17
FHIT	8.15353024116045e-22	0.908020340680509	0.351	0.205	2.39567025545776e-17
C3orf58	1.13868718236758e-21	0.334373205935729	0.15	0.031	3.34569067923243e-17
GSN	1.15547489651572e-21	-0.458512910649112	0.704	0.828	3.39501634094248e-17
AL022718.1	1.87352770444454e-21	0.692529689037945	0.111	0.019	5.50479910119894e-17
RPS13P2	2.0745673252723e-21	1.01517470067244	0.118	0.019	6.09549371511508e-17
UBE2D2	3.30467773464757e-21	0.71593012623227	0.725	0.723	9.70980411994148e-17
WWC1	3.44941846961101e-21	0.910831162032574	0.554	0.466	1.01350813474111e-16
CCDC18-AS1	5.24796268050141e-21	0.35620800877195	0.3	0.451	1.54195639478493e-16
ESR1	5.87343389310851e-21	0.958577406439973	0.617	0.573	1.72573234647314e-16
VASN	7.88805226177696e-21	0.478980622667038	0.459	0.301	2.31766751555531e-16
NCL	8.65072338731079e-21	0.455673684404816	0.887	0.927	2.54175554565966e-16
NFE2L2	9.51742203916914e-21	-0.422761379148048	0.688	0.853	2.79640894354868e-16
PTPRM	9.6636851408634e-21	0.936132337973553	0.347	0.224	2.83938396808849e-16
ZFPM2	1.29369124747362e-20	1.02681460043487	0.379	0.321	3.80112362332699e-16
AOPEP	1.58412052261696e-20	-0.348798303925213	0.247	0.448	4.65446291955316e-16
KIAA1324	1.81176586743218e-20	-0.26057852647379	0.143	0.332	5.32333047168923e-16
OSER1	2.22163626309345e-20	-0.330160648713142	0.353	0.527	6.52761166822118e-16
IFITM2	3.30556745536734e-20	0.252461541692421	0.684	0.746	9.71241829736032e-16
AC119673.2	3.33604463740832e-20	-0.25739407332626	0.101	0.27	9.80196635363312e-16
PDLIM1	3.44379603516981e-20	-0.285813784301988	0.617	0.799	1.01185615105359e-15
NAALADL2	3.67325003664897e-20	0.916070098180312	0.353	0.235	1.0792743257682e-15
MUC1	3.89698852168178e-20	-0.591814935427931	0.605	0.744	1.14501316744054e-15
SCGB1A1	4.01367646633172e-20	-2.17376954426014	0.041	0.178	1.17929841933759e-15
BBC3	4.96171701066366e-20	-0.359280924095344	0.19	0.369	1.4578516920732e-15
RSL1D1	5.66747418247268e-20	0.455966934904225	0.778	0.828	1.66521726429412e-15
CIAO2B	6.92073998682581e-20	-0.261313913788479	0.312	0.532	2.03345182292916e-15
TES	7.30022263924315e-20	-0.413121846021681	0.497	0.68	2.14495141586242e-15
PSMA6	8.17502537277131e-20	-0.335871799234406	0.392	0.603	2.40198595502767e-15
RBM3	8.37810494736637e-20	-0.271171413957278	0.63	0.801	2.46165479563519e-15
LRMDA	8.51960747414894e-20	0.937380023532193	0.295	0.187	2.50323106805444e-15
EPHA2	1.05081281402675e-19	-0.398501426835931	0.381	0.562	3.0874982101734e-15
CYP1B1	1.47806284855083e-19	-0.533315980774676	0.16	0.329	4.34284426161204e-15
HIGD2A	1.89989709610538e-19	-0.350866023127755	0.603	0.778	5.58227764777682e-15
CAV1	2.44456076145678e-19	-0.402568758898768	0.377	0.587	7.1826084293123e-15
ATP5MPL	3.19008882111637e-19	-0.288448055745558	0.614	0.806	9.37311897420413e-15
FOXC1	3.28527174053796e-19	-0.331718334292671	0.067	0.201	9.65278542804862e-15
CRTAC1	3.56121652178622e-19	-0.300711848048363	0.175	0.371	1.04635663843123e-14
IGFBP7	5.30915346877466e-19	0.391689051760339	0.697	0.763	1.55993547219537e-14
CCSER1	6.09511904614309e-19	1.04740790630422	0.229	0.187	1.79086787813776e-14
HERPUD1	6.67753162833632e-19	-0.376885189223503	0.545	0.722	1.96199234303778e-14
HOTAIRM1	7.08181699937889e-19	-0.386442978415065	0.282	0.438	2.08077947075751e-14
WEE1	9.5672741233086e-19	-0.476501165490664	0.496	0.646	2.81105648291053e-14
RBM4	9.60550637338803e-19	-0.354587908237487	0.446	0.62	2.82228988262887e-14
F11R	1.05593404981012e-18	-0.369438970771931	0.413	0.579	3.10254542515211e-14
PNOC	1.11000146150026e-18	0.491078335177659	0.295	0.153	3.26140629418007e-14
PNISR	1.20478391612002e-18	0.471058742829135	0.776	0.771	3.53989610234383e-14
RPS23P8	1.20898622440193e-18	0.975251394322619	0.108	0.017	3.55224332453776e-14
GPHN	1.22038849457598e-18	0.704612264690618	0.254	0.136	3.58574547476314e-14
SYNE2	1.28986546100009e-18	0.521355494631436	0.783	0.77	3.78988269751047e-14
ITPRID2	1.35560961490088e-18	-0.337891789253163	0.198	0.363	3.98305217050175e-14
UGT2B7	1.63011755985694e-18	1.12039778573979	0.519	0.459	4.78961141437166e-14
HNRNPD	1.84488908262874e-18	0.388798423529825	0.743	0.771	5.42065310257978e-14
RPL21P16	2.15548955146275e-18	0.889680788581345	0.101	0.014	6.33325940010786e-14
ATP1B1	2.66951315803226e-18	-0.392088993349358	0.566	0.742	7.84356356093037e-14
TM4SF1	3.05057623033676e-18	-0.392938919176054	0.743	0.871	8.96320307997547e-14
SEPT10	3.483947015399e-18	0.311002002393	0.168	0.046	1.02365331206453e-13
BNC2	5.46930442179828e-18	0.957525147168374	0.437	0.375	1.60699102521277e-13
RBFOX2	6.51482257654004e-18	0.982760201606564	0.462	0.407	1.914185169439e-13
HSP90B1	7.11413102857975e-18	0.275292203178133	0.838	0.91	2.0902739788173e-13
MAFF	7.29578650615553e-18	-0.404344356335733	0.702	0.833	2.14364799123862e-13
IMMP2L	8.86942953716117e-18	0.866072042469495	0.409	0.3	2.60601578660869e-13
APP	1.01540138118845e-17	0.334140029405099	0.635	0.64	2.98345233820791e-13
RPL31	1.2716316327316e-17	0.305294322506321	0.942	0.98	3.736308063292e-13
RPL7P9	1.34446484917221e-17	0.723463731630306	0.106	0.018	3.95030661983779e-13
RAB3IP	1.49718028494149e-17	-0.447925968942377	0.388	0.543	4.39901511321508e-13
UQCR11	1.50938869469242e-17	-0.262483893777826	0.649	0.827	4.43488586274528e-13
CHMP3	1.71939382029865e-17	-0.33760627497366	0.511	0.671	5.05192292280149e-13
PAK3	1.74012269397664e-17	0.484782378240858	0.265	0.132	5.11282849944215e-13
SIK3	1.77631627509639e-17	0.89245923993808	0.347	0.236	5.21917247948821e-13
PDLIM3	1.95381219783775e-17	0.342793969077509	0.305	0.145	5.74069099968687e-13
ATP5F1D	2.12202232692852e-17	-0.291121332132341	0.665	0.837	6.23492600098139e-13
NGRN	2.35412140141302e-17	-0.288122941579008	0.328	0.525	6.91687950163173e-13
SELENOW	3.07231206632724e-17	-0.272792851966368	0.603	0.787	9.02706731328271e-13
GPX3	3.18729064065655e-17	0.279115810740192	0.213	0.085	9.36489736037708e-13
MTRNR2L12	4.0949830356461e-17	0.850558841395516	0.247	0.177	1.20318791553354e-12
CLIC1	4.30505658516629e-17	-0.269153684254554	0.675	0.843	1.26491172585356e-12
RPS26	4.33372917680509e-17	-0.436162823305852	0.852	0.957	1.27333630672887e-12
SCMH1	4.49836713027733e-17	0.807782693360761	0.231	0.162	1.32171023021809e-12
KIAA1217	5.58362608265282e-17	0.81611140901542	0.646	0.615	1.64058101560505e-12
COBL	5.91862354235886e-17	0.742791296370923	0.474	0.363	1.73900996921588e-12
AC005912.1	6.23962401119471e-17	0.695607596162132	0.101	0.018	1.83332632696923e-12
SFN	7.04551479699027e-17	-0.817096481752244	0.085	0.218	2.07011315765168e-12
BST2	7.75961515608076e-17	0.497160307532922	0.573	0.418	2.27993012515965e-12
ZC3H12A	1.66241436827028e-16	-0.400168535333528	0.42	0.573	4.88450589685175e-12
EIF4G2	2.77825553678966e-16	-0.273922409638803	0.688	0.844	8.16307041819538e-12
NAP1L1	3.39097065884329e-16	0.329245911665093	0.817	0.891	9.96334998981334e-12
MACROD2	4.14513015583934e-16	0.749877480198888	0.27	0.252	1.21792214238872e-11
CADM2	4.15011301764843e-16	0.392059782941086	0.081	0.143	1.21938620684546e-11
ITGB1	4.18470947220735e-16	-0.316668473563021	0.656	0.812	1.22955133712396e-11
B3GNT5	4.77016138050801e-16	-0.375344402200825	0.316	0.43	1.40156881682086e-11
EDN1	4.9799792869749e-16	-0.50179753578619	0.321	0.472	1.46321751409897e-11
CRISP3	6.15869572943596e-16	-0.668061436435089	0.7	0.756	1.80954797922287e-11
LINC00641	7.03711818916082e-16	-0.252250031447479	0.131	0.275	2.06764606633923e-11
COX16	7.72659356417091e-16	-0.324776344311345	0.439	0.613	2.2702277210247e-11
AC034236.1	8.20935630807783e-16	0.783897117427172	0.101	0.018	2.41207307043943e-11
DST	9.28941979021541e-16	-0.699184464819952	0.194	0.358	2.72941732276109e-11
CAV2	1.00537853066828e-15	-0.295829488334111	0.325	0.492	2.95400319880954e-11
CFL2	1.08683541867526e-15	-0.360381199150556	0.39	0.537	3.19333982715166e-11
MECOM	1.16911802302632e-15	0.787878160673107	0.51	0.55	3.43510257525592e-11
RPS6	1.17486985244524e-15	0.311752039726105	0.977	0.997	3.4520026004546e-11
FGF18	1.24803080008336e-15	0.272102032951124	0.272	0.134	3.66696409680492e-11
ZSWIM6	1.27874594209901e-15	1.03654846774411	0.473	0.477	3.75721132707531e-11
LUC7L3	1.28777015801256e-15	0.686343090844921	0.737	0.695	3.78372627827252e-11
AGR2	1.37725506268711e-15	-0.324853930006123	0.351	0.545	4.04665082518726e-11
CSRNP1	1.47178536205348e-15	-0.338298663657024	0.526	0.678	4.32439975078554e-11
S100A16	1.49439492917294e-15	-0.399886547444076	0.506	0.653	4.39083118089592e-11
NR2F1	1.51322661670198e-15	0.283878137984451	0.383	0.208	4.44616244519376e-11
HES1	1.59333062955622e-15	-0.3564034807537	0.43	0.619	4.68152405576208e-11
ITGA6	1.59371419803112e-15	-0.276259120531675	0.407	0.581	4.68265105665504e-11
RNASE1	1.78503677499312e-15	-0.819597182087112	0.388	0.522	5.24479505228478e-11
KRT15	3.27614203019361e-15	-0.784283357947404	0.125	0.275	9.62596051311485e-11
KLK6	3.97629572061494e-15	0.264202433974711	0.326	0.188	1.16831520863108e-10
SERPINB2	4.11345804353467e-15	-0.630269315281462	0.014	0.106	1.20861624235136e-10
NPAS3	4.21646059577238e-15	0.770814181242217	0.295	0.274	1.23888045224984e-10
H2AFZ	6.09378546127974e-15	-0.405277646932514	0.584	0.73	1.79047604423321e-10
SELENOK	7.43752341670685e-15	-0.32674790460263	0.577	0.732	2.18529313029681e-10
ATP5F1A	7.5964177191541e-15	-0.284281197288087	0.608	0.777	2.23197945424186e-10
HLA-DRB5	7.83892556944988e-15	0.321159057534084	0.395	0.222	2.30323311081576e-10
GABPB1-AS1	8.16911322301649e-15	0.515398884133327	0.686	0.656	2.4002488471867e-10
ATP1B3	8.99175080431593e-15	-0.260808772560415	0.402	0.573	2.64195622132411e-10
SERTAD1	9.3032679293403e-15	-0.321535615202994	0.589	0.745	2.73348618299877e-10
CYBA	9.41033702425978e-15	-0.437300574168356	0.649	0.799	2.76494522446801e-10
FXYD3	1.17065130621133e-14	-0.37222254023816	0.538	0.697	3.43960766791012e-10
BCAT1	1.53830596493874e-14	0.250323769521187	0.307	0.152	4.519850586183e-10
NRG3	1.69674322590243e-14	0.898912094916414	0.15	0.104	4.98537094634653e-10
TAGLN2	1.76650835575082e-14	-0.307795414280561	0.637	0.798	5.19035485086707e-10
MKLN1	1.77954194255536e-14	0.677397595886835	0.503	0.423	5.22865013561615e-10
HNRNPU	2.38508715708967e-14	0.261252319052141	0.84	0.899	7.00786308496087e-10
PDE3A	2.62777921034164e-14	0.805271059950676	0.27	0.174	7.7209408758258e-10
GJA4	4.40387122681924e-14	-0.307217599901811	0.162	0.279	1.29394544386403e-09
SGPP2	4.81345977554338e-14	-0.332600593051283	0.291	0.426	1.41429075125016e-09
CASC4	5.01850585540297e-14	0.560944949831129	0.607	0.522	1.4745373904345e-09
CALD1	5.43144435539487e-14	0.548645107974681	0.646	0.578	1.59586698050212e-09
CNGA1	5.91156827537694e-14	-0.264390901244642	0.138	0.276	1.73693699067125e-09
NRCAM	6.56045351145644e-14	0.437479697788108	0.235	0.123	1.92759245073613e-09
COL4A2	7.38715241088964e-14	-0.26388942420319	0.196	0.323	2.17049312136759e-09
VTCN1	7.75552114695706e-14	-0.272625216317159	0.28	0.44	2.27872722339892e-09
POLD4	1.07784112741043e-13	-0.282465165720647	0.314	0.459	3.16691280055733e-09
VPS4B	1.08440409424378e-13	-0.300568575130535	0.384	0.534	3.18619610970707e-09
UPK1B	1.18280371813079e-13	-0.273285320085357	0.146	0.26	3.47531388461188e-09
PDIA3	1.27185955794906e-13	0.262376997691303	0.755	0.809	3.73697775316592e-09
CYCS	1.46528745025342e-13	-0.256851245628976	0.647	0.805	4.30530758633459e-09
FRMD4B	1.59903925673601e-13	-0.366348585009066	0.529	0.672	4.69829714414175e-09
GADD45B	1.80747116217803e-13	0.474662798679394	0.66	0.726	5.3107117687115e-09
SPSB1	1.90594640699406e-13	-0.293054199079832	0.265	0.385	5.60005173302994e-09
CP	2.08129499105149e-13	0.658386908621112	0.478	0.341	6.1152609427075e-09
NR4A1	2.34850686703452e-13	0.303863326385263	0.794	0.843	6.90038287672083e-09
FOXQ1	2.35191612995076e-13	-0.346155680105346	0.171	0.317	6.91039997302132e-09
RBMXL1	2.45199526832903e-13	-0.253313666566877	0.261	0.375	7.20445249740437e-09
PCDH7	2.51291653306798e-13	0.602489362550495	0.443	0.382	7.38345135746032e-09
RBM25	2.63258705379296e-13	0.608155800947538	0.813	0.824	7.73506728145446e-09
SGK1	2.78237436818268e-13	-0.454277158263342	0.388	0.528	8.17517236859434e-09
ARPC3	2.81256208865861e-13	-0.276478366494836	0.637	0.793	8.26386992889673e-09
AL136454.1	2.90009524314713e-13	0.608327631859926	0.125	0.038	8.52105984341489e-09
CYP51A1	3.04355054498851e-13	-0.277781427982512	0.259	0.399	8.94256021128524e-09
NFKBIA	3.27356108471459e-13	-0.380364514489905	0.801	0.892	9.61837717910842e-09
PTP4A2	3.46669466847335e-13	-0.346656180344347	0.589	0.722	1.01858422749084e-08
CANX	4.30430379749311e-13	0.285952981131695	0.741	0.788	1.26469054177943e-08
CLU	4.40030812945592e-13	0.270183490585499	0.896	0.943	1.29289853459674e-08
PATJ	4.63344534735992e-13	0.740689170007683	0.533	0.509	1.36139891196129e-08
ATF3	4.63654851862775e-13	0.314805414287882	0.848	0.91	1.36231068574321e-08
HSPA1B	5.08364386208565e-13	0.768636439032478	0.675	0.616	1.49367623955801e-08
BTG3	5.11067523885052e-13	-0.328276770284119	0.665	0.796	1.50161859867906e-08
SLC9A3R1	5.92136594777156e-13	-0.269973073626821	0.358	0.504	1.73981574277424e-08
LINC01133	6.06026523673482e-13	-0.289691741834582	0.347	0.5	1.78062713185742e-08
APOO	7.45628423782904e-13	0.647018527441646	0.272	0.205	2.19080543475893e-08
HSP90AA1	7.47811446548401e-13	0.31410170784533	0.956	0.985	2.19721959224851e-08
PPP1R9A	8.59996409376482e-13	0.658185463932047	0.506	0.427	2.52684145002998e-08
COL4A1	1.12244454681883e-12	-0.264315696989217	0.111	0.217	3.29796656746308e-08
SLC1A5	1.27284458606429e-12	-0.252491378985376	0.215	0.353	3.7398719627741e-08
ADCY8	1.34869737911176e-12	0.254506242208251	0.104	0.031	3.96274263930617e-08
DYNC1I2	2.03977051442159e-12	-0.264810218656169	0.556	0.689	5.99325372547352e-08
NRARP	2.10891056544298e-12	-0.266153160133663	0.249	0.403	6.19640102338456e-08
CHCHD3	2.1292064620075e-12	0.703363893187749	0.39	0.316	6.25603442667043e-08
VWA3A	2.49626329578052e-12	0.434243535291104	0.101	0.048	7.33452081566233e-08
PARD3B	2.5271321457421e-12	0.655414479357716	0.233	0.163	7.42521967061945e-08
PET100	2.64763285246827e-12	-0.282797508411949	0.506	0.663	7.77927484712228e-08
LBH	2.76722709104721e-12	-0.332618364824546	0.367	0.464	8.1306666389149e-08
AMOTL2	2.89416554315184e-12	-0.252039677792591	0.302	0.428	8.50363719888874e-08
ZFP36L2	3.30083898076389e-12	-0.370757097804652	0.728	0.851	9.69852509328047e-08
RTN3	4.00597945090136e-12	0.400945795626223	0.605	0.576	1.17703688226384e-07
FXR1	4.22025253148645e-12	-0.27542963451029	0.644	0.766	1.23999459880135e-07
S100A1	4.22141281377648e-12	0.273790150721369	0.388	0.239	1.24033551294381e-07
FAM133B	4.81983840119713e-12	-0.279804175254323	0.675	0.82	1.41616491903974e-07
AKAP12	4.86097954943778e-12	0.441644622395867	0.469	0.317	1.42825301121581e-07
SOX6	4.88024874267506e-12	0.559618094298586	0.483	0.407	1.43391468557279e-07
AC008014.1	5.14999721682506e-12	0.504113361932497	0.134	0.076	1.51317218224754e-07
TUBA1C	5.23059411149738e-12	-0.3048040559479	0.591	0.727	1.53685316184016e-07
TBC1D5	5.94047148881636e-12	0.551203978600825	0.425	0.382	1.74542933284402e-07
NRXN3	7.14735338630765e-12	0.458026624880414	0.173	0.098	2.10003537196491e-07
ADGRG2	7.53502333857989e-12	0.258886919879727	0.293	0.166	2.21394055734154e-07
BZW1	8.77051354473183e-12	-0.252798712489093	0.61	0.748	2.57695228971311e-07
PLAC8	8.93108938139108e-12	-0.283376807529327	0.074	0.175	2.62413268204033e-07
PIGR	8.98828314476022e-12	-0.71117094608085	0.067	0.11	2.64093735359345e-07
LRBA	9.58009144150013e-12	0.693797788690129	0.349	0.281	2.81482246734157e-07
ZFAND3	1.29842846066194e-11	0.563474293835497	0.344	0.279	3.8150425031169e-07
CDC42EP3	1.49492810775223e-11	-0.294930930698228	0.353	0.476	4.3923977661976e-07
PTGS2	1.5619837021225e-11	-0.308994387832328	0.143	0.269	4.58942051357632e-07
SARNP	1.60124789703601e-11	-0.259844851115492	0.312	0.446	4.70478657107122e-07
SENP6	1.64551396915128e-11	0.549761664734273	0.623	0.594	4.83484914416028e-07
SYNPO2	2.08180345272475e-11	0.379472432130218	0.233	0.112	6.11675490479586e-07
ACSM3	2.36764680904137e-11	0.50897525404908	0.404	0.292	6.95661985432536e-07
CFI	2.5661977262365e-11	0.451837581936099	0.605	0.527	7.54000215922808e-07
GPC6	2.64467627913695e-11	0.615456432163374	0.196	0.113	7.77058784336019e-07
TTYH1	2.7450145570982e-11	-0.302806367157904	0.434	0.544	8.06540177166592e-07
TSHZ2	3.00621999809503e-11	0.401691359628315	0.339	0.219	8.83287559840283e-07
DPH6	3.15020000470894e-11	0.518905262153357	0.346	0.271	9.25591765383582e-07
PAN3	3.29363398477518e-11	0.662704237013526	0.305	0.277	9.67735537406642e-07
LONRF2	4.30531918235634e-11	0.473343796697326	0.545	0.5	1.26498888215994e-06
ZFP91	4.42343593335929e-11	-0.257897894680848	0.339	0.467	1.29969394593963e-06
SCGB3A1	4.60984633400134e-11	-3.38590387672881	0.363	0.473	1.35446504985627e-06
SORL1	4.90721115772447e-11	-0.336922200848739	0.554	0.656	1.4418367823626e-06
OVGP1	5.24064384263735e-11	-0.635448762955521	0.497	0.606	1.53980597384371e-06
CDC42EP1	5.79242682312521e-11	-0.261006790355383	0.344	0.455	1.70193084917065e-06
SCAPER	6.13795250862275e-11	0.561831591526221	0.386	0.305	1.80345320608354e-06
RND3	6.66873371633713e-11	-0.350815318554074	0.504	0.648	1.95940734053418e-06
CST3	6.88602689199037e-11	0.334720330492001	0.75	0.839	2.02325242140461e-06
SERPINE2	7.09342857435851e-11	0.34869072756582	0.346	0.215	2.08419118371802e-06
SEPT9	7.16735982101346e-11	0.329547151986286	0.122	0.04	2.10591366261017e-06
MAGI1	7.93520345437643e-11	0.666188679409453	0.473	0.479	2.33152147896488e-06
LGR5	7.98806834695016e-11	0.418463845357501	0.277	0.193	2.3470542417009e-06
PARD3	8.68630339505545e-11	0.775322938185776	0.395	0.384	2.55220966353519e-06
KLF4	9.86474526455264e-11	-0.302588242816043	0.466	0.617	2.89845945363086e-06
EYA4	1.08315408798143e-10	0.471043138485043	0.247	0.132	3.18252334130703e-06
KCNMA1	1.09084986166751e-10	0.544464479333875	0.441	0.43	3.20513506355146e-06
MTHFD1L	1.09877671689194e-10	0.606695947345252	0.259	0.172	3.2284257495719e-06
IQCA1	1.40965754415776e-10	0.27670530370121	0.291	0.168	4.14185579624434e-06
CD22	1.45783644581441e-10	0.275583196130989	0.236	0.131	4.2834150450919e-06
LYPD1	1.55223198098567e-10	0.496221472139618	0.515	0.425	4.5607680065321e-06
ATP5PB	1.57710585712717e-10	-0.261517336645637	0.61	0.732	4.63385242941105e-06
QPRT	1.59669130077446e-10	0.370231719850702	0.496	0.39	4.69139837993552e-06
DDR1	1.67881837059065e-10	-0.25720471893066	0.434	0.561	4.93270413646944e-06
WFDC2	2.25875864820686e-10	-0.491514156584961	0.808	0.911	6.6366846601614e-06
CCDC85B	2.28305947984167e-10	0.286638111868147	0.557	0.515	6.7080853636708e-06
SERPINB5	2.46341658229743e-10	-0.390115796110878	0.067	0.137	7.23801060210632e-06
CFAP298	3.10485939917486e-10	-0.260504335768873	0.43	0.564	9.12269788665558e-06
SYNJ2	3.63682189543734e-10	-0.259205496795408	0.323	0.445	1.0685710093174e-05
PNN	3.77651030991408e-10	0.430566233052645	0.774	0.8	1.10961425925896e-05
BCAM	3.91241465211378e-10	0.352871071490982	0.623	0.553	1.14954567308407e-05
FAAH2	4.74070783141115e-10	0.6015528817868	0.196	0.164	1.39291477502522e-05
ADGRL2	4.99588468979007e-10	0.531932465766783	0.27	0.334	1.46789083955412e-05
TACSTD2	5.01640246633278e-10	-0.296681616185706	0.711	0.831	1.4739193726579e-05
AAK1	5.28952739686051e-10	0.251181423338283	0.582	0.615	1.55416893974556e-05
DEFB1	5.52592726968192e-10	-0.344899519603313	0.252	0.392	1.62362795037794e-05
FTX	5.58987895112977e-10	0.584636510323829	0.573	0.547	1.64241823342095e-05
CA8	6.08770533757023e-10	0.275671364797515	0.199	0.103	1.78868958228489e-05
NFKBIZ	6.5287481724711e-10	-0.302349615708957	0.58	0.687	1.91827678803546e-05
GOLGA4	6.80875328113061e-10	0.45421772395691	0.709	0.751	2.00054788906179e-05
SMC5	6.90521646595796e-10	0.472305911516829	0.536	0.608	2.02889070202777e-05
NNMT	7.12026280969063e-10	0.385957586527277	0.208	0.12	2.0920756187433e-05
CDKN1A	7.45573882214863e-10	-0.312926280073242	0.496	0.639	2.19064518072371e-05
DCDC2	7.99724720454789e-10	0.30886557052388	0.323	0.206	2.34975117364026e-05
PTPRG	8.00596531751528e-10	0.382421549273692	0.275	0.166	2.35231272959234e-05
RORA	8.66688257984445e-10	0.740809007707739	0.333	0.298	2.5465034396099e-05
COMMD10	8.77105888246846e-10	0.380670215966581	0.286	0.202	2.57711252084688e-05
HLA-DPA1	9.13438716337013e-10	0.409760406414107	0.483	0.358	2.68386563634141e-05
AUTS2	1.06238962706751e-09	0.545129435321103	0.326	0.267	3.12151320224977e-05
ARGLU1	1.15758104876432e-09	0.308924196264686	0.815	0.86	3.40120463747933e-05
PGRMC1	1.20638033363168e-09	0.280875697011584	0.612	0.617	3.54458669627659e-05
BCL10	1.25915949807992e-09	-0.276388373759163	0.473	0.597	3.69966243725842e-05
FYB2	1.30932175171746e-09	0.702403478090651	0.469	0.432	3.84704917089624e-05
FNBP1	1.50323250600838e-09	0.444639091504317	0.499	0.47	4.41679774915383e-05
NOP58	1.5790563425335e-09	0.455008908908558	0.614	0.59	4.63958334563194e-05
NR2F2	1.5829952666134e-09	-0.311204693447199	0.376	0.463	4.65115669236351e-05
PCM1	2.232893463605e-09	0.274243835356162	0.737	0.777	6.5606875747642e-05
TFF3	2.52293495712465e-09	-0.620854415130962	0.12	0.236	7.41288749102364e-05
BDP1	2.85348112499797e-09	0.719051936553602	0.596	0.59	8.38409824146904e-05
WWOX	2.93072703548255e-09	0.62780116872427	0.24	0.203	8.61106217565483e-05
CAMSAP2	2.9716950965539e-09	0.513820108173677	0.363	0.323	8.73143453269468e-05
H1FX	3.00848085170396e-09	-0.286050908800993	0.503	0.622	8.83951843847657e-05
LINC01320	3.13862675372358e-09	0.573569577815069	0.33	0.239	9.22191312779062e-05
BPTF	3.38455530187546e-09	0.336575681862076	0.681	0.735	9.94450038797046e-05
RERE	3.38833353298020e-09	0.511113966255511	0.541	0.52	9.95560158660241e-05
TTC17	3.40516875371025e-09	0.491582271720818	0.471	0.41	0.000100050668321514
MTPN	3.46633582891644e-09	-0.271070683682657	0.556	0.664	0.000101847879325223
CEP95	3.70700483151341e-09	0.540327018764001	0.436	0.383	0.000108919215959527
ARIH1	4.61908611447495e-09	0.446733315275754	0.547	0.594	0.000135717988215503
EXOC4	4.78109941004484e-09	0.46693918004465	0.333	0.284	0.000140478262865937
SPIDR	5.972446162272e-09	0.54388018542242	0.287	0.257	0.000175482413139876
MACC1	6.28193344103305e-09	0.261088800667822	0.279	0.166	0.000184575768364433
DENND4A	6.57328338334583e-09	0.497137513767266	0.323	0.282	0.000193136212369467
GSTM3	7.09620716459748e-09	-0.276338281876985	0.24	0.321	0.000208500758910203
PLK2	7.57992494497183e-09	-0.25360183931074	0.423	0.553	0.000222713354733162
DSC3	7.64894791878455e-09	-0.259156240083131	0.09	0.192	0.000224741387749728
FNDC3B	9.26906862586748e-09	0.737149146991916	0.451	0.422	0.000272343774365238
MCTP2	9.83064806130428e-09	0.33612313904224	0.289	0.186	0.000288844101337242
STK39	9.95183098169614e-09	0.389005980546971	0.097	0.189	0.000292404697904196
WDR60	9.98246446503662e-09	0.479499608455262	0.478	0.367	0.000293304770911706
VMP1	1.17941828510805e-08	0.251330144729027	0.683	0.759	0.000346536680530446
SOX17	1.30824965104724e-08	-0.278645130814316	0.414	0.538	0.0003843899124707
PITPNC1	1.43087671691984e-08	0.479832727485177	0.325	0.329	0.000420420196965387
SCGB1D2	1.53846609803763e-08	-0.448021468901072	0.402	0.532	0.000452032108925417
MEF2C-AS1	1.62070095297823e-08	0.300788953033834	0.115	0.049	0.000476194354004063
KCTD12	1.63945909532736e-08	-0.263036115317286	0.492	0.576	0.000481705871389084
SMYD3	1.76171429484738e-08	0.339487275538988	0.187	0.127	0.000517626894112057
CHN2	1.87567177273524e-08	0.330565873927832	0.111	0.057	0.000551109880265068
RMST	1.93768854777351e-08	0.446462519065491	0.201	0.23	0.000569331649106814
EHBP1	1.98019296401021e-08	0.445918130530393	0.302	0.214	0.00058182029668548
IGFBP6	2.07810241374104e-08	-0.686933183422392	0.206	0.229	0.000610588051205391
STXBP1	2.28376217183334e-08	0.265779512808579	0.31	0.215	0.000671015001328071
NFAT5	2.37173465572109e-08	0.545625826910913	0.559	0.566	0.00069686307654397
DIAPH2	2.43113203396877e-08	0.602410399628564	0.436	0.388	0.000714315214220704
FOS	2.43257225179905e-08	0.427573842591986	0.847	0.848	0.000714738379023597
RBM6	2.44611171886158e-08	0.476395232472039	0.466	0.427	0.00071871654523591
DHFR	2.85086026645892e-08	0.348580441413937	0.192	0.109	0.000837639763490959
FBXL17	3.09488023458334e-08	0.394725108418019	0.206	0.15	0.000909337710525276
KRT14	3.38425320373317e-08	-0.69030640080734	0.063	0.108	0.00099436127632088
SH3D19	3.45863641321975e-08	0.376836428465314	0.279	0.202	0.00101621655093223
CRYAB	3.71485888872726e-08	0.481300354376507	0.407	0.428	0.00109149983868584
QKI	4.20494464338309e-08	0.603274136344262	0.49	0.482	0.00123549683511882
MYO1E	4.41718117372198e-08	0.688050820704434	0.263	0.238	0.00129785617246299
DLGAP1	4.62761229024854e-08	0.724299723894759	0.247	0.238	0.00135968504312083
BAZ2B	4.93173138687543e-08	0.575076799657314	0.612	0.602	0.00144904131609174
TTC3	4.93554783410289e-08	0.326825770350737	0.743	0.78	0.00145016266461611
SLPI	4.98925498886877e-08	-0.362053167203312	0.797	0.887	0.00146594290082942
TMEM232	5.06004297142459e-08	0.353263967862324	0.102	0.047	0.00148674182586397
CCL20	5.14993792145721e-08	-0.508305842201518	0.076	0.168	0.00151315476008256
AL365259.1	5.28339873505863e-08	0.251835239525879	0.224	0.13	0.00155236821633493
MAATS1	5.40271509121222e-08	0.295422567515157	0.201	0.113	0.00158742574809998
PTPN4	6.1125800783006e-08	0.478444253796023	0.273	0.296	0.00179599827860628
FCHSD2	6.53323795936486e-08	0.329463789447226	0.187	0.121	0.00191959597722058
COL18A1	7.36714615379376e-08	-0.250433506669957	0.517	0.6	0.00216461488290768
FBXL2	7.37967745008524e-08	0.37212572658165	0.168	0.108	0.00216829682838405
IGF2BP2	7.80203268236975e-08	0.619039919372362	0.515	0.46	0.00229239324273388
ATP8B1	7.9549380699472e-08	0.59451300653997	0.446	0.413	0.00233731990371188
SERPING1	8.55526813435614e-08	0.31624747216679	0.526	0.548	0.00251370888323652
ANKRD17	8.75616017998514e-08	0.469662607528275	0.561	0.516	0.00257273498408323
CCT2	9.48489876477151e-08	0.280997119523005	0.621	0.663	0.00278685295506516
MIB1	9.58027410889052e-08	0.531248897557315	0.372	0.305	0.00281487613867421
SLC25A37	9.72459300208655e-08	0.30451966957667	0.481	0.4	0.00285727991587307
ARID4B	9.9078395454621e-08	0.324747093504682	0.552	0.65	0.00291112141524767
DUSP2	9.9793480285988e-08	0.357664000564128	0.367	0.256	0.0029321320377629
ANKS1A	1.04289477193815e-07	0.472438460110893	0.266	0.258	0.00306423341890869
ATXN1	1.09960929428574e-07	0.553026814580688	0.376	0.398	0.00323087202847038
EPB41L5	1.14169245669418e-07	0.60566962269856	0.362	0.317	0.00335452077625885
XPR1	1.20571453894165e-07	0.561330294681515	0.342	0.341	0.00354263045831837
TCF12	1.35739602788719e-07	0.480037273885991	0.383	0.343	0.00398830100913813
MYEF2	1.46114710457704e-07	0.321981731705944	0.407	0.307	0.00429314242266827
FRMD4A	1.56497150390124e-07	0.497721217345599	0.28	0.259	0.00459819927276262
ZNF638	1.56642771151765e-07	0.462187044892285	0.598	0.567	0.00460247790198116
USP32	1.74075487565749e-07	0.385538122723572	0.194	0.128	0.00511468597565684
AFF1	1.84124661958352e-07	0.474634953429224	0.436	0.426	0.00540995081766029
ARHGEF3	1.86042203425999e-07	0.479663999250419	0.326	0.26	0.0054662920210627
MBD5	2.01331275781689e-07	0.419634605737518	0.287	0.261	0.0059155155450176
SRSF11	2.28247498053519e-07	0.332217500967542	0.73	0.773	0.0067063679878085
LPP	2.38586987489729e-07	0.417703009977122	0.586	0.595	0.00701016286642322
DNAH14	2.39246782134475e-07	0.322185178793907	0.252	0.163	0.00702954895267514
ZNF83	2.42470803678213e-07	0.449578260510603	0.494	0.448	0.00712427715367326
FARP1	2.56795637189239e-07	0.295931993547994	0.515	0.507	0.00754516941189422
NOP56	2.6473848857545e-07	0.437976559058319	0.577	0.576	0.00777854627132386
OXR1	2.90246163994845e-07	0.539231615940154	0.511	0.482	0.00852801279049653
FTCDNL1	3.02444814352308e-07	0.274464558687662	0.12	0.059	0.00888643353529952
SOS1	3.11934473831137e-07	0.495759686607739	0.372	0.338	0.00916525871010646
ZNF611	3.19379694726795e-07	0.397305028447972	0.257	0.202	0.00938401419046268
ANKRD36	3.20910184249848e-07	0.455721061349203	0.213	0.155	0.00942898303362903
MAML3	3.26003809147939e-07	0.508693241337823	0.282	0.246	0.00957864392038475
BMPR2	3.28562463865322e-07	0.518991862133126	0.462	0.437	0.0096538223132909
SPON1	3.33068969325595e-07	-0.276342058679598	0.386	0.493	0.00978623245672462
CCT6A	3.57871088302388e-07	0.272008403615197	0.624	0.658	0.0105149683165008
DMD	3.86246888656897e-07	0.547664423929531	0.307	0.234	0.011348706082517
ZNF248	4.10946456012362e-07	0.36250143113551	0.279	0.187	0.0120744287705552
TRAPPC9	4.1634110093664e-07	0.346906172182043	0.166	0.115	0.0122329342277204
LINC01515	4.23248595749943e-07	0.30009366798518	0.113	0.065	0.0124358902403248
TRIO	4.54261055969066e-07	0.436048622201797	0.22	0.187	0.0133470983464831
CAPS	4.9986531517951e-07	0.397605960711652	0.513	0.449	0.0146870426906044
WDFY3	5.02446944205579e-07	0.342884953314008	0.265	0.238	0.0147628961146483
PPIG	5.26002050903088e-07	0.40260351125639	0.688	0.71	0.0154549922596345
CAVIN1	5.96910217354246e-07	0.336798279169786	0.511	0.427	0.0175384160063025
CEP290	5.98104045905058e-07	0.385459828966872	0.418	0.372	0.0175734930767824
GOLGB1	6.7603160943017e-07	0.319016504638984	0.751	0.806	0.0198631607482772
HLA-DRA	6.77206326681803e-07	0.263774631211505	0.663	0.683	0.0198976762905647
IFT57	6.86632147507327e-07	0.333309909570352	0.538	0.513	0.0201746257580603
CLEC16A	7.16099832459528e-07	0.325642626417102	0.171	0.1	0.0210404452773258
STK3	7.47958030498139e-07	0.456428462444277	0.347	0.284	0.0219765028520963
TEX9	7.62659495529392e-07	0.325876440240725	0.291	0.201	0.0224084612976446
ATRX	9.14817134583736e-07	0.392739855583768	0.69	0.739	0.0268791570483393
STAT3	9.51750296985746e-07	0.365354770016894	0.723	0.736	0.0279643272260352
SETD2	9.59221404203538e-07	0.406287941864016	0.457	0.457	0.0281838432983083
IGFBP3	1.03381852324646e-06	-0.49634341008292	0.157	0.197	0.0303756558500275
CDK14	1.11736063643231e-06	0.435546763905695	0.25	0.195	0.0328302902196542
USP47	1.11813098975294e-06	0.400166329274905	0.429	0.436	0.0328529247409208
HBEGF	1.19591616984003e-06	-0.277533058222101	0.287	0.369	0.0351384089022398
MAML2	1.27804071312447e-06	0.506504907743995	0.506	0.504	0.0375513922330233
BTAF1	1.33263885397801e-06	0.48182301158739	0.243	0.212	0.039155594807582
LINC00271	1.43884042237914e-06	0.397212265843068	0.123	0.098	0.0422760092903439
MAP3K14	1.44822010605067e-06	0.355917121594503	0.168	0.126	0.0425516031559808
AQP3	1.46217348342628e-06	-0.484860771690712	0.185	0.26	0.0429615812900309
AGAP1	1.50572393606858e-06	0.40812030784311	0.206	0.148	0.044241180689567
GPRC5A	1.60636126871286e-06	-0.325219475353497	0.236	0.301	0.0471981067973212
ZRANB2	1.62596842120207e-06	0.261194604704487	0.651	0.666	0.0477742041517594
LAMA3	1.69825083061053e-06	0.327854227497497	0.3	0.286	0.0498980059049986
RAPGEF2	1.82947801108453e-06	0.53370344509711	0.287	0.242	0.0537537229216856
OGT	1.83656806124975e-06	0.251121845195192	0.441	0.352	0.0539620427756401
CLASP2	1.83828364753662e-06	0.417169439530665	0.289	0.233	0.0540124501319211
SEMA3B	1.83859132949235e-06	0.425897640131811	0.397	0.37	0.0540214904431442
TJP1	1.9330308025262e-06	0.435180803569472	0.61	0.637	0.0567963110398248
NF1	1.93847065498456e-06	0.534068089091459	0.485	0.457	0.0569561447847564
ERCC1	2.02852938395421e-06	0.431074294032074	0.436	0.381	0.0596022503593426
TMTC2	2.13886075312248e-06	0.387740039128262	0.15	0.164	0.0628440066482446
CXCL1	2.16957640790138e-06	-0.332743705758361	0.159	0.248	0.0637464940169583
JMJD1C	2.39908125123246e-06	0.475774355042919	0.6	0.627	0.0704898053237121
MAGI3	2.43600592932982e-06	0.274447131102634	0.24	0.157	0.0715747262155689
BMPR1B	2.5563105652511e-06	0.44914292053991	0.319	0.305	0.0751095170282078
COG5	2.59705683075219e-06	0.296145404294622	0.228	0.179	0.0763067238011607
SPIN1	2.71625318748172e-06	0.318013115208024	0.538	0.526	0.0798089511545878
CD2AP	2.82242549930045e-06	0.297182188335957	0.541	0.548	0.0829285060204458
RERG	2.87802914118221e-06	0.466724270788599	0.471	0.451	0.0845622522262158
PLEKHA5	2.91859288551913e-06	0.434962715977219	0.471	0.504	0.085754096162323
ATP2B1	2.96781133199307e-06	0.321966620297801	0.607	0.62	0.0872002325566203
AFF4	2.96871055370527e-06	0.289372251575182	0.57	0.629	0.0872266534889682
PACS1	3.00149111353822e-06	0.289953401053504	0.317	0.24	0.0881898118979799
CLDN4	3.15136849549555e-06	-0.364030422393616	0.769	0.839	0.0925935091346503
XPO1	3.15409347502311e-06	0.279485006820547	0.543	0.498	0.092673574483129
EIF3A	3.36449205801397e-06	0.361184261746113	0.748	0.791	0.0988555056485665
RBM47	3.46128392595322e-06	0.512526036130109	0.561	0.604	0.101699444312358
PYURF	3.54230676847098e-06	0.266900964664378	0.6	0.594	0.104080057471214
ZNF33A	3.74373697006219e-06	0.385813941577776	0.515	0.452	0.109998479654367
LTBP4	3.86098878210372e-06	0.259839697908155	0.451	0.386	0.113443572395771
LONP2	4.0202343213309e-06	0.322391640212132	0.549	0.556	0.118122524829345
UGGT2	4.3195140294462e-06	0.395094258606387	0.252	0.189	0.126915961213188
FBXO11	4.41482781148035e-06	0.579949901763347	0.4	0.364	0.129716470756916
C11orf49	4.41692200369032e-06	0.363624161408631	0.25	0.191	0.129778002312429
PIBF1	4.53561793731943e-06	0.396004748750402	0.34	0.283	0.13326552623432
HLA-DRB1	4.65856355053601e-06	0.317208109972938	0.614	0.606	0.136877914241849
TAF4B	4.9135385617087e-06	0.31599051506357	0.175	0.151	0.144369590020125
POGZ	4.95665671986532e-06	0.393940398477687	0.457	0.437	0.145636487743083
SLC25A33	5.09235113225666e-06	0.367512532821937	0.346	0.282	0.149623460967965
BABAM2	5.12541964903291e-06	0.326898016205245	0.358	0.282	0.150595080127885
FGFBP1	5.42360327525936e-06	-0.373780553984275	0.099	0.162	0.159356311433671
ENSA	5.68349330522844e-06	0.38342025913907	0.573	0.587	0.166992400294222
MEF2A	5.69298105267238e-06	0.464725657762888	0.397	0.385	0.16727116928962
PAX8	5.95200509021702e-06	0.328643030343831	0.566	0.584	0.174881813560756
XAF1	6.32714091936317e-06	0.355067987598254	0.342	0.261	0.185904054492729
PLEKHG1	6.50746000642131e-06	0.322185287910059	0.226	0.223	0.191202189908671
SAMD12	6.51168654126361e-06	0.454379984790838	0.365	0.326	0.191326373955407
CDKL1	6.74157809889717e-06	0.300520357048019	0.164	0.124	0.198081047701797
PDZD2	7.01040427978884e-06	0.344581922135447	0.18	0.127	0.205979698548756
CXCL17	7.05514528205105e-06	-0.332205098440135	0.367	0.465	0.207294278677224
PPP1R13B	7.83154057168235e-06	0.457266913881555	0.259	0.209	0.230106325077171
TBL1XR1	7.8346014608961e-06	0.270851763034324	0.603	0.622	0.230196260124049
ARHGAP26	7.93316134572663e-06	0.63805376554314	0.519	0.536	0.23309214666014
SDC1	8.26400634754685e-06	-0.295960459402328	0.12	0.177	0.242813034503622
VWA8	8.31243116002661e-06	0.35446043510384	0.198	0.182	0.244235852343902
LYPD3	8.73963236783949e-06	-0.322094983171153	0.062	0.115	0.25678787823186
LDLRAD4	8.76925924631965e-06	0.314554316556354	0.141	0.105	0.257658375175364
ATG7	8.8849980070736e-06	0.320381357832801	0.166	0.151	0.261059011443837
AL022068.1	8.91802578923302e-06	0.514317532457572	0.168	0.12	0.262029433739245
LINC00937	9.03419098642543e-06	0.347057460895492	0.228	0.2	0.265442599563152
U2SURP	9.69604828005835e-06	0.386324054121405	0.681	0.692	0.284889290564674
LRRC41	9.82062773052327e-06	0.339292849678698	0.407	0.389	0.288549683978235
UTRN	9.88770661374329e-06	0.432386242462763	0.541	0.594	0.290520595725005
SH3BGRL	9.97404618902045e-06	0.364274687661332	0.57	0.587	0.293057425125799
KIAA1328	1.04157651860502e-05	0.301946193265432	0.173	0.156	0.306036012696528
DNAJB1	1.09587179145349e-05	0.367586467436859	0.683	0.766	0.321989049764866
MAP4	1.12762694986984e-05	0.35442122879528	0.61	0.597	0.331319350410758
SSBP2	1.12823797526249e-05	0.453996038762272	0.376	0.386	0.331498881891624
FGD4	1.25282641422305e-05	0.370014870157306	0.295	0.31	0.368105457027018
CHD1	1.34360438234814e-05	0.353357349817248	0.549	0.57	0.394777839621532
ERC1	1.34548115925288e-05	0.515571442463975	0.377	0.347	0.395329274211682
CDKAL1	1.39352816902564e-05	0.365450265358277	0.185	0.144	0.409446446623113
SLC27A6	1.40906668474049e-05	0.288037579118107	0.277	0.248	0.414011973310451
CXCL8	1.42800332163904e-05	-0.489960428438218	0.212	0.3	0.419575935963982
ASH1L	1.44410785856245e-05	0.274444697664854	0.594	0.645	0.424307771002818
WWTR1	1.54095554889253e-05	0.270018827227525	0.425	0.498	0.452763559375602
HECTD2	1.56576452605345e-05	0.372841891681282	0.183	0.133	0.460052933045025
FNBP1L	1.58157645814204e-05	0.342586457060179	0.508	0.455	0.464698794931295
FAM160A1	1.6085056002292e-05	0.415412408118208	0.125	0.1	0.472611115459342
L3MBTL4	1.61415263420264e-05	0.298351859212088	0.208	0.163	0.474270326981419
CUX1	1.64156953089046e-05	0.351032433555272	0.494	0.5	0.482325959566236
UACA	1.64404830385129e-05	0.254941078514329	0.504	0.522	0.483054272637585
ROBO1	1.73616153604136e-05	0.261810562132	0.153	0.091	0.510118982519673
LIMS1	1.82134193601174e-05	0.257823093686986	0.591	0.583	0.535146687638969
FNBP4	1.93617214498001e-05	0.360119621780059	0.554	0.558	0.568886099638026
SAFB2	1.97869667590934e-05	0.376092093193786	0.496	0.485	0.581380657315682
MAP4K3	2.02178168268329e-05	0.290814531536909	0.235	0.194	0.594039894006004
MMP7	2.02280186623225e-05	-0.288450447201733	0.478	0.557	0.594339644336359
FNDC3A	2.07533916683018e-05	0.393978378449203	0.529	0.502	0.609776153998045
SUCO	2.30386181707726e-05	0.261446238893861	0.497	0.449	0.67692067909364
EIF2AK3	2.33788582043665e-05	0.400753773702213	0.213	0.212	0.686917611760698
MT1E	2.41667382724527e-05	-0.311301778459976	0.328	0.414	0.710067103921205
RFX3	2.70867637034636e-05	0.361083450502666	0.243	0.205	0.795863291135167
ANK3	2.72359912083658e-05	0.472897355274236	0.49	0.475	0.800247893684204
MYO1D	2.91994878212811e-05	0.387703454982735	0.265	0.245	0.85793935116488
UBR5	2.99750618879809e-05	0.346172968732041	0.413	0.43	0.880727268392654
ANKRD36B	3.16169415627912e-05	0.309864876865476	0.19	0.138	0.928968976997932
MAPK8	3.39087885159337e-05	0.323387759328339	0.256	0.223	0.996308024175165
PHF21A	3.453559695217e-05	0.411656962709353	0.22	0.192	1
MGP	3.46479044311089e-05	0.496685838254791	0.305	0.296	1
NRDC	3.54911689747817e-05	0.302255046266483	0.453	0.414	1
MARK3	3.62795594395887e-05	0.450902840714333	0.423	0.446	1
SPRY1	3.63232582107799e-05	0.300856976034302	0.446	0.391	1
KMT2E	3.74858726033689e-05	0.397242890170808	0.61	0.635	1
NFATC2	3.76596368893781e-05	0.299814414192356	0.173	0.104	1
PAFAH1B1	3.77039376562164e-05	0.353098187306684	0.586	0.585	1
OFD1	3.92479054065901e-05	0.282536570093477	0.541	0.552	1
RABEP1	4.02357411398254e-05	0.386629855178215	0.307	0.274	1
ABI3BP	4.07931632981577e-05	0.421189669556432	0.344	0.322	1
BCAS3	4.17914806637375e-05	0.359048905377882	0.185	0.155	1
DOCK1	4.23001368314877e-05	0.398550699410415	0.337	0.264	1
ESYT2	4.52224110434507e-05	0.346901649680514	0.358	0.336	1
PLXDC2	4.68793711237631e-05	0.518580497858148	0.492	0.526	1
GLIS3	4.87729958405626e-05	0.485555208221659	0.443	0.4	1
RASA2	4.9614400967712e-05	0.43824149012021	0.321	0.279	1
SREK1	4.98364537701017e-05	0.390509883154285	0.589	0.569	1
PTEN	5.02291954647818e-05	0.302034599047095	0.566	0.535	1
ANKAR	5.06878332799178e-05	0.25511084741088	0.123	0.076	1
CARNMT1	5.15590820875137e-05	0.30950142373648	0.279	0.214	1
NIPBL	5.23275300059444e-05	0.413446580360528	0.571	0.584	1
YAP1	5.2504735591319e-05	0.392523349787675	0.483	0.475	1
ATP9B	5.32912336626614e-05	0.285252544502407	0.236	0.2	1
ELP4	5.39349846276761e-05	0.324220107950669	0.206	0.172	1
RAD51B	5.51399473703286e-05	0.299143137891946	0.106	0.076	1
PRKCE	5.52685089144391e-05	0.299535618005764	0.153	0.154	1
ZNF69	5.76205583647895e-05	0.312791935124232	0.108	0.09	1
TAF15	5.92210358874618e-05	0.327098859431385	0.503	0.499	1
ATAD2B	6.02592740363867e-05	0.280300263963364	0.187	0.146	1
PPP2R2B	6.25676604749426e-05	0.350312308242339	0.418	0.472	1
NUP88	6.28524613133492e-05	0.403396810091422	0.319	0.292	1
ACSS3	6.48857766845456e-05	0.290190289358359	0.18	0.119	1
MYO5C	6.94479797568414e-05	0.367350360487974	0.323	0.33	1
SYK	7.30846709362186e-05	0.334871408934718	0.275	0.242	1
ST3GAL6	7.40584223196225e-05	0.277922830424668	0.212	0.174	1
PPP1R21	7.87431764200094e-05	0.310420937941494	0.247	0.204	1
ROCK2	7.91459314601434e-05	0.378099328617531	0.501	0.488	1
STAG1	8.85633117716573e-05	0.471942912349297	0.399	0.377	1
PER3	9.27580989594335e-05	0.281443534718011	0.363	0.277	1
ARMC9	9.32916322475375e-05	0.361879192339227	0.164	0.118	1
FTO	9.42358534083372e-05	0.39789661260353	0.233	0.202	1
SMURF2	9.58481166698917e-05	0.355979178188115	0.328	0.31	1
MIR205HG	9.96446331530063e-05	-0.323996847055719	0.078	0.142	1
CEP83	0.000102362281360281	0.343678987537267	0.257	0.222	1
POLG2	0.000103404406375685	0.293277992907154	0.212	0.219	1
IARS	0.000103673094017477	0.289571912052685	0.351	0.275	1
KANSL1L	0.000111379480559815	0.301804672884896	0.213	0.176	1
LAMC2	0.000113656881684218	0.496539692032062	0.45	0.535	1
FAF1	0.000118317754954117	0.33767561332028	0.284	0.254	1
FMNL2	0.000121841405597745	0.285438779597923	0.224	0.166	1
SLC25A25	0.000122681050833803	0.319146626356811	0.499	0.544	1
ZC3H14	0.000124451398927356	0.336016760760654	0.503	0.462	1
RCAN1	0.00012825821684117	0.252693066861233	0.168	0.125	1
INO80	0.000130895903046968	0.34260356239898	0.289	0.247	1
BTBD9	0.000134049953883916	0.304199551447372	0.123	0.093	1
RRAGB	0.000137429706058894	0.352128549586167	0.268	0.195	1
FGGY	0.000142991021358004	0.279783266625766	0.55	0.544	1
RALGAPA1	0.000143603210384556	0.396118722542499	0.422	0.407	1
CCDC146	0.000144628949141083	0.330008864812509	0.407	0.324	1
ELF1	0.000146052133485353	0.275481576727499	0.504	0.599	1
ZMYM4	0.000147882203631424	0.315777598239538	0.481	0.439	1
KIAA0232	0.000149118499516726	0.359932181752162	0.422	0.393	1
TXNRD1	0.00014968052514191	0.376958141691613	0.473	0.486	1
CELF2	0.000151335047307514	0.335943659956984	0.312	0.253	1
PAXBP1	0.000159059486318473	0.352774969648099	0.367	0.315	1
TCERG1	0.000165921620152101	0.337826704833915	0.453	0.441	1
REV3L	0.000171032767704653	0.421017089578109	0.453	0.427	1
ABLIM1	0.000172724772295161	0.334185438054116	0.529	0.559	1
HOMER1	0.000180537297565912	0.408589936554867	0.231	0.228	1
EVA1C	0.00018717492273364	0.31897039510369	0.432	0.379	1
PPFIBP1	0.000193051568066786	0.293293947893543	0.511	0.544	1
TPST1	0.000198900962599356	0.268181566901583	0.143	0.096	1
MLLT3	0.000200516602896135	0.316492381200915	0.383	0.324	1
ADGRA3	0.000202484737487464	0.371056876383397	0.358	0.341	1
SORBS2	0.000214032025599975	0.363342749371096	0.397	0.348	1
PTBP2	0.000216144079553649	0.319549987241742	0.226	0.205	1
DGKH	0.000222021765793481	0.328619333845559	0.376	0.433	1
BBX	0.000226009343093906	0.366881891631158	0.616	0.65	1
NKTR	0.000227438673756556	0.284070515367927	0.556	0.569	1
CCND3	0.000246137515930108	0.384306128608066	0.268	0.241	1
CFAP69	0.000255527598162846	0.262116733534604	0.222	0.18	1
THSD4	0.000257990525479954	0.290074664537181	0.453	0.54	1
ATG10	0.000260227651416969	0.300524609028222	0.164	0.127	1
GBE1	0.000263191478866195	0.281147050960436	0.141	0.099	1
ADK	0.000263830870172535	0.468773714723628	0.332	0.338	1
HK1	0.000264637300438914	0.281967835265439	0.231	0.203	1
GRHL2	0.000270086998603229	0.351446690358705	0.233	0.201	1
PLCL1	0.000281496369655228	0.330155379246598	0.104	0.082	1
FADS3	0.000285952719941438	0.257437736589271	0.21	0.148	1
BAZ1B	0.000288140083540236	0.353863994461162	0.469	0.455	1
PTPN11	0.000295158988818754	0.319886019919925	0.413	0.38	1
SETBP1	0.000305078433034546	0.349221017672482	0.333	0.276	1
AGO3	0.00033038877265024	0.268315679992128	0.434	0.446	1
ITSN1	0.000346595655595675	0.287709299858793	0.254	0.214	1
ADAMTS1	0.000356960619182862	0.277342929549963	0.519	0.45	1
PTPRK	0.000363117342369293	0.29997787265149	0.335	0.384	1
PUM3	0.000381460157942201	0.318868475975479	0.457	0.44	1
GPATCH8	0.000381961773369832	0.335319452971635	0.437	0.436	1
FER	0.000383173384078295	0.333682761070151	0.203	0.211	1
PTPRJ	0.000416793100097724	0.261162276413768	0.171	0.12	1
CCDC80	0.000430641890474764	0.275866973607275	0.462	0.386	1
BRAF	0.000450297160117245	0.373270364383364	0.453	0.454	1
DANT2	0.000455245989801481	0.27374383484779	0.15	0.106	1
NECTIN2	0.000461383343344887	0.318482491623142	0.57	0.583	1
CCDC30	0.000462547053550744	0.256545443578251	0.203	0.172	1
ILF3	0.000481414844078745	0.344477860161086	0.568	0.573	1
KLF12	0.000484313451020298	0.30024224298372	0.109	0.083	1
MIR3936HG	0.000494536161427056	0.274923384825334	0.203	0.196	1
RARRES2	0.000557584388508313	0.345758810161393	0.439	0.446	1
MICU2	0.00058068598740848	0.289685844550371	0.434	0.375	1
USP10	0.000586277384382808	0.351408326321493	0.414	0.398	1
ITSN2	0.00058906999989395	0.316185879515335	0.307	0.331	1
TLK1	0.000600126124172067	0.307346538963945	0.453	0.418	1
SUMF1	0.000608027891992465	0.273319264298423	0.256	0.221	1
JPX	0.000611652372711011	0.299964493665367	0.586	0.578	1
NBEA	0.000649852894097832	0.265403174561069	0.152	0.118	1
YTHDC1	0.000674124768909557	0.335486494564443	0.61	0.663	1
RARRES1	0.000683167466248358	0.329392319138485	0.235	0.166	1
FAM172A	0.000685747379352029	0.327131713561611	0.384	0.361	1
ZNF518A	0.000702854758150358	0.329668727678252	0.407	0.358	1
ALDH1A2	0.000744727021994832	0.340905981145628	0.388	0.37	1
GATAD2B	0.00074974024618334	0.299649059826739	0.287	0.219	1
RNF24	0.000764542617029464	0.287187036849106	0.28	0.223	1
SETD5	0.000781380416775978	0.265302614141362	0.427	0.47	1
PELI1	0.000791253800091072	0.452463455861258	0.275	0.239	1
DPYD	0.000797386168464707	0.285240798982233	0.213	0.211	1
MYO6	0.00082767074086947	0.328296593575213	0.4	0.433	1
NXNL2	0.000828867639008487	0.258549379810917	0.386	0.314	1
ZNF608	0.000839193667745249	0.381012689193312	0.254	0.262	1
RCOR3	0.000850923226704111	0.287682365812861	0.346	0.307	1
STRN3	0.000862098611444741	0.25499840829492	0.363	0.319	1
AKAP13	0.000877448940750522	0.304180938651343	0.496	0.555	1
SMARCC1	0.000922388838069969	0.310004827383311	0.474	0.474	1
VGLL4	0.000930446928844875	0.271058267338367	0.566	0.612	1
SUPT3H	0.00100464554234366	0.251543861347026	0.176	0.136	1
PAWR	0.00107587136915435	0.319109309921627	0.571	0.578	1
PRAG1	0.00108720146474937	0.376246121823213	0.279	0.269	1
SRGAP3	0.00111202569359622	0.252269234665326	0.55	0.534	1
MAP7	0.0011301469023906	0.354209181146496	0.376	0.387	1
IGF2R	0.00115385001013291	0.273609892448124	0.256	0.249	1
UVRAG	0.00115810405993103	0.315054887818246	0.279	0.249	1
PKP4	0.00118021458898046	0.476054735632925	0.395	0.378	1
ZDHHC14	0.00119473801758973	0.32213352396107	0.19	0.195	1
CDC42BPA	0.00122327093436815	0.379661231323829	0.342	0.327	1
ZCCHC7	0.00123446488961613	0.27998970800237	0.335	0.295	1
TBCK	0.0012435182534074	0.307652809608686	0.219	0.173	1
RFX7	0.00129928511119022	0.300271071689935	0.19	0.158	1
SCFD1	0.00137639441632924	0.27810113378121	0.429	0.388	1
ZC3H13	0.00141297752903696	0.387797978246778	0.6	0.612	1
CNTN4	0.00141712795628119	0.407755037589149	0.18	0.168	1
SIK2	0.00144881943813648	0.281554281135886	0.199	0.184	1
NOLC1	0.00148235329090002	0.290144420284813	0.511	0.558	1
ITFG1	0.00149167664261362	0.331336006187444	0.339	0.322	1
BCKDHB	0.00149926873885218	0.338407811744325	0.279	0.243	1
TCF7L2	0.00151724635076967	0.261580159867934	0.466	0.458	1
SMURF1	0.00152112111795886	0.35173268037217	0.187	0.178	1
ZNF91	0.00161749888402742	0.257337361724997	0.418	0.368	1
CFD	0.00163217285922261	0.314366801941566	0.259	0.215	1
ACAP2	0.00166375856845333	0.299389021657286	0.446	0.472	1
ANKRD6	0.00168148147700992	0.276456811127986	0.257	0.213	1
ATF7IP2	0.00172299184613491	0.436624027977205	0.298	0.275	1
PIP5K1A	0.00181541919452914	0.269594284614491	0.332	0.373	1
RHPN2	0.00185141198993272	0.362944744042044	0.386	0.393	1
EIF4G3	0.00186589025185598	0.299935351514823	0.358	0.364	1
ETV6	0.00191953414271057	0.250729718635611	0.34	0.34	1
STK33	0.00198607359385747	0.266002106853245	0.233	0.177	1
PCCA	0.0020367799227944	0.302087584189665	0.259	0.212	1
TEAD1	0.0020533762908319	0.25787403519227	0.443	0.47	1
KMT5B	0.00210775776705837	0.300359811138213	0.425	0.438	1
POU5F1	0.00220526456242382	0.374545273111536	0.15	0.139	1
RAPGEF5	0.0022081235326632	0.359360466900815	0.282	0.242	1
PTGDS	0.00224316344999889	-0.38253602463647	0.19	0.198	1
PRKCH	0.00235400849567246	0.265382331397277	0.183	0.187	1
PELI2	0.00248795110125219	0.283053799827202	0.183	0.183	1
SEMA4A	0.00252189241757887	0.376540312842797	0.416	0.378	1
PPA2	0.00254208640470549	0.289145771517818	0.462	0.448	1
HIBCH	0.00276835423394499	0.307704977818562	0.434	0.395	1
ENTPD1-AS1	0.0027867766511619	0.274338308019914	0.12	0.09	1
EIF2AK4	0.00290925255552129	0.268993453022424	0.4	0.36	1
TRPS1	0.00293262499400254	0.277690348258682	0.303	0.284	1
CARMIL1	0.00309561957270496	0.28552622871101	0.293	0.253	1
GNAQ	0.0032726482299163	0.363165350759352	0.513	0.515	1
SREBF2	0.00349545002497615	0.375149058219227	0.21	0.168	1
VPS53	0.00351775630650964	0.273733626007	0.24	0.202	1
PICALM	0.00372789862459734	0.251218199178907	0.325	0.322	1
LRRFIP2	0.00373223836069026	0.290695946905734	0.4	0.445	1
SSRP1	0.00381410509025286	0.252367830161354	0.462	0.417	1
INTU	0.00397715717066578	0.277517581513046	0.358	0.298	1
ARID4A	0.00421464049643529	0.276524501715076	0.42	0.458	1
UBE4B	0.00425677440735512	0.27823423318506	0.194	0.179	1
XRN1	0.00428526064733084	0.325333922545537	0.323	0.318	1
HSPH1	0.00448616740820501	0.637403908346426	0.587	0.551	1
SRPK2	0.0044866013703042	0.306680885009385	0.356	0.346	1
ANKRD26	0.00457963337372924	0.27874331400293	0.25	0.228	1
RAB11FIP2	0.00494523457011167	0.275068333443559	0.448	0.388	1
NSMCE2	0.00500014706089912	0.284623111902389	0.236	0.193	1
FAM228B	0.00502507913218165	0.271506443125689	0.233	0.192	1
PPP3CA	0.00503296823660244	0.327974683324501	0.416	0.437	1
RNF150	0.00506550506318479	0.327016281402885	0.3	0.257	1
ADAM28	0.00552335901177292	0.304576999966978	0.349	0.366	1
AHI1	0.00553778809748512	0.271296456224865	0.524	0.498	1
BMPR1A	0.00558729637344047	0.259267482979671	0.226	0.187	1
USO1	0.00574789106016071	0.297553241972598	0.471	0.463	1
CCL2	0.00584469923900739	-0.296693643258194	0.462	0.513	1
ACBD6	0.00623393279122651	0.300101769666679	0.369	0.327	1
HIVEP1	0.00647860381167069	0.295285398442286	0.425	0.405	1
PRKRIP1	0.00657376975498167	0.275279798220578	0.243	0.185	1
LRCH3	0.0065824872339368	0.295523422659197	0.252	0.246	1
ARID2	0.00676151392356954	0.254973888692565	0.319	0.303	1
RAB10	0.00681148982565088	0.285379712725485	0.534	0.525	1
PUM2	0.0068502454710309	0.326743390249396	0.339	0.335	1
ERBIN	0.00826028529030636	0.270083196056177	0.429	0.45	1
BCOR	0.00854880765595463	0.253977174224636	0.203	0.226	1
PARN	0.00868995319046577	0.304020565340295	0.217	0.203	1
ZNF704	0.00906812025374482	0.298146689786187	0.492	0.508	1
NCOA1	0.00957461332113654	0.358646049193401	0.353	0.327	1
BIRC6	0.010030617343044	0.307843279782288	0.45	0.439	1
SLMAP	0.0105061331641397	0.252560486226885	0.34	0.365	1
NUP98	0.0105564622277094	0.339129544496639	0.353	0.325	1
MEG3	0.0105974433872141	-0.402810721920054	0.078	0.1	1
NCOA2	0.0108896246753801	0.321627214665361	0.284	0.295	1
SGMS1	0.0109188238909181	0.283281779005519	0.317	0.328	1
PVT1	0.0111262938795328	0.272280149504861	0.224	0.228	1
PCNX2	0.0113423771936236	0.252807147138267	0.171	0.136	1
CRY1	0.011371396881743	0.256876226372367	0.215	0.225	1
DIDO1	0.0116233341878341	0.316553808774198	0.349	0.341	1
RB1	0.0119835127397658	0.259832511257298	0.379	0.323	1
CACHD1	0.0121482346504267	0.259312700918348	0.235	0.235	1
ANKRD18A	0.0132558035865286	0.264847417230739	0.132	0.108	1
RPS6KA3	0.0133609223416245	0.297674009574419	0.379	0.38	1
EXPH5	0.0135924724147397	0.341638179547195	0.305	0.288	1
USP34	0.013855962789553	0.323641355434088	0.527	0.516	1
MACF1	0.0140752623119468	0.279179965707037	0.594	0.627	1
PTK2	0.0146431297938738	0.303258313234145	0.386	0.396	1
EML4	0.015178891765266	0.270179786306712	0.483	0.488	1
MTR	0.0152732876338186	0.31737003161279	0.367	0.373	1
FUT8	0.0157558526180164	0.356679493567386	0.377	0.409	1
ILKAP	0.0172928693141754	0.259670022666669	0.265	0.213	1
NUBPL	0.0174956336233878	0.262706203825573	0.18	0.155	1
KAT6B	0.0194843211522596	0.308651121662302	0.52	0.527	1
MEIS1	0.0200186846217653	0.309126113450603	0.469	0.476	1
TTC28	0.0200865706642926	0.252641786811951	0.242	0.248	1
TANC2	0.0201934099883623	0.306753472183382	0.194	0.173	1
RIPK1	0.0218860612300493	0.25068455208929	0.222	0.238	1
EPC1	0.0222619930017286	0.285588623512438	0.485	0.527	1
ATP13A3	0.0236246935036732	0.367279201134078	0.404	0.391	1
NXN	0.0247768333380124	0.25964851533024	0.266	0.274	1
GULP1	0.02782830118715	0.332539578783605	0.326	0.303	1
NUP160	0.0279715668530843	0.250703482620988	0.273	0.238	1
TUBGCP2	0.0291362712546369	0.259240735642088	0.441	0.404	1
CCNL2	0.0317756685075429	0.264642785014945	0.409	0.364	1
SYNE1	0.0325637912226011	0.255717365047318	0.411	0.402	1
WWP1	0.0328971325106726	0.259031626117573	0.337	0.335	1
HIBADH	0.0354367212488915	0.259427085270636	0.319	0.287	1
NHS	0.0367383256672314	0.273871174277037	0.228	0.218	1
RELB	0.0376527846620517	0.297776320285693	0.27	0.266	1
TAOK1	0.0378499340150833	0.26130122479709	0.406	0.433	1
KRT17	0.0408835495354328	-0.546536330042434	0.402	0.455	1
PHIP	0.0408937583333677	0.263605727644519	0.571	0.606	1
MAGT1	0.042494890554456	0.263144708211576	0.453	0.471	1
GRAMD2B	0.0468906020908311	0.29155443941088	0.49	0.456	1
ARHGEF12	0.0469732856058722	0.314774914699346	0.501	0.508	1
MAST4	0.0470757572766137	0.27286042933938	0.487	0.476	1
HECTD4	0.0470802581387923	0.252422544453598	0.287	0.251	1
NEDD9	0.050194535709507	0.259019607959637	0.429	0.46	1
ANKRD36C	0.0522961747372491	0.302510522663672	0.224	0.187	1
NUP153	0.0567110054984751	0.291975477053628	0.337	0.347	1
CREBBP	0.0607678923098447	0.304141081242528	0.423	0.446	1
WRN	0.0623862658516743	0.255635469409957	0.257	0.25	1
MIS18BP1	0.0634103268407381	0.251738336985432	0.328	0.328	1
FAM13B	0.0642233356626357	0.261464606563745	0.275	0.278	1
MAP2K4	0.0642486074758623	0.270298277240211	0.254	0.238	1
MFHAS1	0.0700861692955795	0.269416262573625	0.427	0.397	1
DNAJC1	0.0749187741535432	0.258168444782875	0.31	0.315	1
FBXO34	0.0970199146710917	0.271505935870977	0.362	0.336	1
CHD9	0.0977550146108372	0.254599369593627	0.596	0.618	1
CENPC	0.099199311277056	0.250095288163676	0.406	0.377	1
NT5C2	0.10666368766585	0.285671381904348	0.302	0.3	1
ITGB8	0.113025842173102	0.265663195620756	0.586	0.617	1
AP3B1	0.113802701172509	0.250267255179514	0.362	0.354	1
NCEH1	0.125486481591455	0.37020505567216	0.363	0.346	1
TAPT1	0.176554710467929	0.251219209704883	0.217	0.19	1
SLC39A14	0.199575143897593	0.308840867268138	0.257	0.229	1
SVIL	0.257425549177021	0.262926247728469	0.353	0.37	1
CHIC2	0.290544433564485	0.284715611750935	0.261	0.255	1
LCN2	0.297859879272027	-0.390178292566488	0.543	0.58	1
APPL2	0.34681996598367	0.266925001564789	0.263	0.274	1
