	p_val	avg_log2FC	pct.1	pct.2	p_val_adj
DUSP1	1.50924416463902e-09	1.74961201006647	0.944	0.875	4.43446120454236e-05
JUNB	4.31865900076629e-08	1.00789728409864	1	0.958	0.00126890838760515
IER2	3.09741125115909e-07	1.42337740595854	1	0.833	0.00910081373815563
FOS	3.34012800364579e-07	1.61909281713173	1	0.938	0.00981396410031206
RPL17	2.18788019407602e-06	-1.58059927436685	0.806	0.958	0.0642842958623415
ZFP36	4.65876985216541e-06	1.00686695101854	1	0.938	0.136883975796324
CYR61	6.22702320226869e-06	2.18432823183047	0.667	0.188	0.182962395729059
MT2A	1.32549836055939e-05	-1.11801719080312	0.694	0.938	0.389457928299559
RNASEK	2.03381100738468e-05	-1.06618625511599	0.25	0.625	0.597574350189767
C9orf3	4.58031953708602e-05	0.941466806297042	0.667	0.208	1
TRDN	4.59152768566233e-05	1.02024454977409	0.611	0.167	1
CSRP1	5.45356484887067e-05	0.962526218905853	1	0.917	1
FOSL2	6.67659331426107e-05	-0.890680845443811	0.611	0.917	1
MICOS10	7.1039026558643e-05	-1.13696157294223	0.139	0.583	1
ZNF581	7.90384045801648e-05	0.341549688645934	0.25	0	1
ENOPH1	7.9038404580165e-05	0.40506805602565	0.25	0	1
ATP1B3	8.13431018681322e-05	-1.26767501381707	0.444	0.854	1
RPS17	0.00010355073757226	-0.9921164175789	0.75	0.958	1
SNHG29	0.00011882450988882	-1.26969550568983	0.194	0.625	1
ACTB	0.000128201408968968	0.639672767359105	1	1	1
ZFAND5	0.000158488160042282	-0.795718388552435	0.889	0.917	1
EEF1G	0.000164759610874242	-1.02272778569858	0.278	0.729	1
CNN1	0.000170333617942677	1.20655279874918	0.917	0.604	1
TXNIP	0.000171207521670345	0.955572402051485	1	0.854	1
EGFL7	0.000220906475178706	1.00325240642818	0.722	0.333	1
IGF2BP2	0.000226268258573996	0.450113845693656	0.222	0	1
GAS5	0.000266243067129679	-0.843754317860089	0.167	0.583	1
CST3	0.000270726832566621	0.739699078135723	0.972	0.896	1
KLF4	0.0003012096505677	0.939952162897898	0.889	0.667	1
MT1A	0.00030573705984562	-0.59980875047561	0.278	0.708	1
DOCK11	0.000340029681878736	0.560897294126329	0.417	0.062	1
RERG	0.00039190882300601	0.780295627288886	0.639	0.25	1
CENPC	0.000394761969165856	0.813637977397934	0.694	0.292	1
FGF7	0.000414653588262082	1.01123488733962	0.528	0.146	1
CRISPLD2	0.000437465373291863	-0.921316216811286	0.556	0.833	1
PARP14	0.000438827361819195	-0.701738773674935	0.722	0.771	1
SEPTIN2	0.0005327097781676	-0.648114447290025	0.167	0.562	1
RPS29	0.000534043420127856	-0.605801620558338	1	1	1
DDX39A	0.000603558618637662	0.352691329039291	0.306	0.021	1
NOVA1	0.000607905830017528	0.540960241692524	0.306	0.021	1
HAUS7	0.000636615488719802	0.286950259424679	0.194	0	1
ENDOG	0.000636615488719805	0.302886393893105	0.194	0	1
KIAA1324L	0.00063661548871981	0.261538959979212	0.194	0	1
BMT2	0.000636615488719817	0.273098320499364	0.194	0	1
PCDH19	0.000636615488719817	0.255894985207297	0.194	0	1
SSPN	0.000694562479807396	0.760623163247375	0.694	0.333	1
CRIP1	0.000731864726957352	-1.6875746555814	0.333	0.646	1
ENPP2	0.000764788663785147	-1.15469069908212	0.361	0.646	1
HEYL	0.000814237748791893	-0.435962175597033	0	0.208	1
RO60	0.000815238374178588	-0.594444651802686	0.083	0.354	1
RERGL	0.000831254105049775	-0.486588845349126	0.333	0.708	1
ZNF331	0.000883427520846069	-1.13278968133184	0.667	0.833	1
MIF	0.00095110009931498	-1.03179815200483	0.333	0.708	1
FOSB	0.0010106786622019	0.634666569045185	1	0.958	1
SEPTIN7	0.0010112395943327	-0.869029907108722	0.194	0.583	1
SNHG6	0.00108766659392338	-0.900971708030145	0.194	0.583	1
MUSTN1	0.00110717325006433	-1.72087204093006	0.111	0.458	1
NME2	0.00115593412514096	-1.09780784632778	0.222	0.583	1
EGR1	0.00118626823860442	0.7636524040391	1	0.917	1
LINC-PINT	0.00120862327047416	-0.774051025514466	0.111	0.417	1
SEPT7	0.00125772734036487	0.990996704971207	0.722	0.333	1
AC058791.1	0.00128723171232278	-0.691727660397237	0.083	0.417	1
MGP	0.00129792540224985	1.36003589195222	0.944	0.833	1
KLF2	0.00136482016777144	0.956923796379759	0.972	0.938	1
NEAT1	0.00139320590149327	-0.600056312899557	1	1	1
SFPQ	0.0014320193806027	-0.441635329433253	0.944	0.875	1
JUN	0.00147945510905513	0.830847245509062	1	0.958	1
LARP4	0.00150275256403465	-0.729930078372629	0.25	0.479	1
ASPSCR1	0.00163519847182871	-0.309079289109009	0	0.188	1
WFDC2	0.00163519847182872	-0.567868737261864	0	0.188	1
MEG8	0.00163519847182873	-0.476712768564715	0	0.188	1
ZNF576	0.00163519847182874	-0.347631808760005	0	0.188	1
VPS26B	0.00176476193696126	0.274357541422365	0.167	0	1
PLPP3	0.00193281197485334	-0.910247103696352	0.5	0.75	1
SSFA2	0.00196708229907832	0.588265571439802	0.556	0.188	1
LPP	0.00203953751488941	0.654221222125018	1	0.875	1
ATF3	0.00212714414835253	0.887112619585233	0.972	0.958	1
GASK1B	0.00218635599491307	-0.59690685924251	0.028	0.271	1
SRGN	0.00238927164170936	-0.745876799340256	0.528	0.854	1
RPL37A	0.0025219062297956	-0.455761079745182	1	1	1
RND1	0.00256992391701279	-0.447022768824698	0.056	0.354	1
S100A10	0.00258716667400152	0.642660979522204	0.944	0.708	1
MDM2	0.00260915966101839	-0.556904274749559	0.111	0.438	1
SNHG17	0.00261884057276239	-0.575406160858647	0.028	0.292	1
YBX3	0.00264042695346838	-0.405011485603613	0.972	1	1
SOX18	0.00268965866032421	1.18464793002345	0.667	0.333	1
ZSCAN16-AS1	0.00274993881481934	-0.463072737782375	0.083	0.396	1
CAP1	0.00276025116000168	0.371580371655738	0.861	0.521	1
TUBA1A	0.00276233833606094	0.814691358574318	0.806	0.812	1
PCM1	0.00283570235068197	-0.354027891903668	0.667	0.583	1
BTG2	0.00286676964512295	0.655766089714627	1	0.875	1
RAD21	0.00300397294190105	0.597303983797996	0.75	0.479	1
ASAP1	0.00305277140797369	0.736823650140373	0.556	0.25	1
PUF60	0.0031910466876918	0.596054211808843	0.611	0.25	1
GTPBP4	0.00320397342178632	-0.58109817161126	0.139	0.417	1
POLR3D	0.00325625772477648	-0.304342543447954	0	0.167	1
CHGB	0.00325625772477651	-0.593419789333103	0	0.167	1
DACH1	0.00325625772477651	-0.299909413208966	0	0.167	1
PDGFRA	0.00325625772477653	-0.38766461906602	0	0.167	1
CRIP2	0.00329476867838141	-0.537646482365821	0.722	0.708	1
MT1M	0.00329939225508151	-1.0471954328013	0.417	0.75	1
FAM96B	0.00339455931656591	0.750900474615532	0.528	0.229	1
SRSF7	0.0034884183333881	0.399116343905924	1	0.833	1
ANXA2	0.00357518344606258	0.345075783362254	1	0.792	1
LIFR	0.00390109624298946	-0.972934662288955	0.75	0.875	1
MT1E	0.00393080489572708	-0.812867980337973	0.528	0.812	1
TNFRSF12A	0.00398472672807878	-0.609520030745697	0.139	0.333	1
PALM2-AKAP2	0.00407304266616894	-0.977630571037955	0.194	0.5	1
CREM	0.00413013628572538	-0.906745080024111	0.528	0.75	1
LDLR	0.00413348271050836	-0.753707789329254	0.5	0.729	1
NFKBIA	0.00438744864565734	0.895847003249132	0.917	0.75	1
FAM129A	0.00449412519811433	0.690926650571393	0.5	0.167	1
DDX50	0.00457814548720734	0.42776043892239	0.5	0.167	1
FNIP1	0.00461180846280485	-0.711661800547667	0.25	0.542	1
LITAF	0.0048278160540977	-0.618412991760199	0.417	0.729	1
CYS1	0.00483524402607738	0.29643339762075	0.139	0	1
UTP14C	0.00483524402607738	0.293709264476827	0.139	0	1
GPAT3	0.00483524402607742	0.289100973687441	0.139	0	1
CD151	0.00505200581383403	0.485055507033123	0.944	0.688	1
OSBPL9	0.00505231982579259	-0.468500279112347	0.167	0.5	1
MRTFB	0.00513473445538749	-0.603336100118761	0.083	0.354	1
ZBTB16	0.00518959616566727	-0.807247266553146	0.5	0.708	1
TUBA1B	0.00533854513204505	0.531376925418806	0.972	0.917	1
COX7A2	0.00535714678737619	-0.468254465884816	0.917	0.917	1
EIF4A1	0.00536253203746584	-0.711454018493185	0.806	0.938	1
DBI	0.00540150610372434	-0.701128477439818	0.5	0.75	1
CALD1	0.00549048596111832	0.500918649727574	0.972	1	1
ZNF503	0.0056415245767247	0.460282466230877	0.722	0.375	1
ZFP36L1	0.00589987089923176	0.583563159542106	1	0.958	1
ZNF880	0.00596194057693251	0.414625681983129	0.278	0.042	1
TROVE2	0.00603106427333084	0.621324322357971	0.444	0.146	1
SNHG5	0.00614361487883351	-0.527368046673479	0.194	0.521	1
SNCA	0.00643866312215326	-0.33250566528508	0	0.146	1
BTNL9	0.00643866312215328	-0.313068223367351	0	0.146	1
PVT1	0.0064386631221533	-0.255566545809591	0	0.146	1
CXorf40B	0.00643866312215334	-0.259142914802943	0	0.146	1
CCL14	0.0064955381589396	-0.837684007664755	0.25	0.583	1
RPS27	0.0066607357489757	-0.395412147872287	1	1	1
FXYD6	0.00666935823828491	0.737001759047618	0.444	0.229	1
PTMS	0.00709217699644795	0.492407294850151	0.944	0.938	1
MAOB	0.00732795774440477	0.63464323644758	0.472	0.208	1
DANCR	0.00733205680220922	-0.455710745870787	0.111	0.292	1
CEP112	0.00749894937819317	0.524719900192517	0.389	0.104	1
TSC22D1	0.00759387180331337	-0.641703735343944	0.917	1	1
KDM6B	0.00761446857039762	-0.800915755954321	0.5	0.708	1
RPS11	0.00774702667848805	-0.302915196961262	1	0.979	1
KLF10	0.0077818279248236	-0.64747325441473	0.611	0.854	1
AC016831.1	0.00785235730408343	-0.378072825016722	0.028	0.25	1
CYP1B1	0.00785485445728921	0.727411255689397	0.444	0.167	1
MTA1	0.00792864148046613	-0.482615333711274	0.083	0.354	1
RPL38	0.0080029317071716	-0.322226502255281	1	0.958	1
ANGPT1	0.00814236646424186	-0.5454147639152	0.167	0.333	1
TMEM88	0.00818559486182779	0.570940996889939	0.472	0.292	1
FBXO32	0.00844372838850943	0.778678894608982	0.75	0.438	1
RSAD2	0.00878568283206566	-0.678971842630491	0.167	0.396	1
DCK	0.00884351432947029	0.295741846576458	0.222	0.021	1
CALCRL	0.00886899658637795	-0.589603990862762	0.5	0.562	1
SEPTIN6	0.00895924744746546	-0.407978603628076	0.028	0.208	1
EHBP1L1	0.00898131634759439	0.515091217933731	0.5	0.271	1
YPEL3	0.00906373826626035	0.549807675669704	0.556	0.25	1
NFATC2	0.00909230953545363	-0.557121357627141	0.083	0.354	1
ZNF141	0.00939508293197343	-0.405007257466607	0.278	0.604	1
TOMM6	0.00943455234282885	-0.578492174371949	0.111	0.396	1
AKAP11	0.00998137554677681	0.319255038917142	0.417	0.146	1
EMP3	0.010070336963283	0.593810211925393	0.639	0.312	1
PDCD4	0.0101534920574961	-0.597790238987717	0.417	0.688	1
ATP10D	0.010165765553666	-0.298699965472822	0.056	0.292	1
PRDM1	0.010243281008482	-0.461014159563694	0.028	0.25	1
PPP1CB	0.0105489584443135	-0.477161640247503	0.889	0.958	1
ZNF516	0.0106112228648975	-0.537562042462777	0.083	0.333	1
SNHG14	0.0107654298130258	-0.57661931139913	0.083	0.312	1
STX7	0.0109264469524855	0.440628743029971	0.333	0.104	1
TNFAIP8L3	0.0110844836003863	0.536765656190478	0.278	0.083	1
KATNAL1	0.0111738165820691	0.395571028270339	0.333	0.083	1
RNF126	0.011183252970677	0.344319728059726	0.306	0.062	1
TTLL7	0.0113604963524963	0.548270543889583	0.722	0.417	1
SNAPC5	0.011382182842155	0.40682356607262	0.306	0.062	1
CTSB	0.0114307267586735	-0.542119316456998	0.25	0.562	1
SON	0.0114767420141347	-0.431761201226214	0.944	0.958	1
PTGDS	0.0117786919256059	-1.7388600900992	0.361	0.458	1
IRF9	0.0118395551179881	-0.392429050466108	0.306	0.625	1
C2orf40	0.0120884825532514	0.930631467967258	0.389	0.208	1
PNISR	0.0121319705140819	0.525410769217437	0.944	0.75	1
TBX3	0.0121422035000761	-0.722406894109652	0.306	0.604	1
PRSS23	0.0121657439788404	-0.710113312915766	0.333	0.5	1
PCAT19	0.0122320688110229	-0.692788002020452	0.167	0.458	1
CDKN1A	0.0122968579045021	-0.461588370339882	0.861	0.979	1
ATXN7	0.0123473734065022	-0.502307738236827	0.083	0.333	1
ITM2A	0.0125376207921628	0.543512859194921	0.722	0.729	1
HCP5	0.0126635078445544	-0.262240490307936	0	0.125	1
MGAT5	0.0126635078445544	-0.306075547412158	0	0.125	1
TCF20	0.0126635078445544	-0.252476553999927	0	0.125	1
BOLA2	0.0126635078445545	-0.261129410785135	0	0.125	1
GASAL1	0.0126635078445545	-0.255572391097108	0	0.125	1
SPINK5	0.0126635078445545	-0.255043689195338	0	0.125	1
GLIS3	0.0126635078445546	-0.262317701705632	0	0.125	1
HOXB3	0.0126635078445546	-0.250264568279586	0	0.125	1
USF3	0.0127342980081526	0.466425231798545	0.361	0.104	1
LTBP1	0.0128478619086891	-0.409162673810723	0.5	0.479	1
HSPE1	0.0130434350226206	-0.526981918234864	0.722	0.938	1
MPP7	0.0130598918115202	0.479420997114503	0.306	0.104	1
ADAM22	0.013151622518092	0.295036179787454	0.111	0	1
NR2F2	0.0131646815659471	0.548868859093993	0.944	0.875	1
GCNT2	0.0132322944905664	-0.522887321081075	0.056	0.292	1
BCLAF1	0.0132989895866552	-0.409149488325766	0.778	0.792	1
COA8	0.0133475212434045	-0.458756993877862	0.083	0.271	1
ETF1	0.0133544300399707	-0.575108025282013	0.306	0.583	1
RFC1	0.0137472911561381	0.523016290805454	0.583	0.271	1
DDAH2	0.0137711027197965	0.573680867367703	0.778	0.708	1
IDI1	0.0137768076577665	-0.639174657493218	0.417	0.708	1
USP33	0.0138579738178808	0.407654328885588	0.333	0.083	1
KIAA1551	0.0139129445186375	0.497783776951159	0.389	0.125	1
PPRC1	0.0139703770347504	-0.379891019363154	0.111	0.292	1
CSNK1E	0.0143167242192914	-0.614138521393274	0.278	0.479	1
INTU	0.0143190397250662	0.374886029345461	0.333	0.083	1
SELE	0.0143205427588255	0.3650079890826	0.611	0.333	1
MAP3K7CL	0.0143691905873886	-0.561350532526956	0.056	0.25	1
TLE1	0.0144467138490977	-0.65388100062707	0.222	0.521	1
PCDH7	0.0144866421872875	0.447726360904509	0.25	0.042	1
LINC01578	0.0145155500466985	-0.617402781595273	0.167	0.438	1
MRPL15	0.014559647988129	0.332485828441098	0.194	0.021	1
VDAC3	0.0146510775248328	0.373328693515499	0.556	0.25	1
SEPT2	0.0150001227018124	0.553666638249654	0.583	0.271	1
SNHG1	0.0150580124126777	-0.496622758071845	0.028	0.188	1
KAT7	0.0152732887648007	0.277447703168603	0.389	0.125	1
ANGPTL1	0.0153434095033272	0.691996901534294	0.5	0.208	1
PLP2	0.0153677320412785	0.447887113712192	0.611	0.521	1
PAXBP1	0.0153723862131738	0.329100757034353	0.444	0.167	1
CRK	0.0154414999544146	-0.540125979619558	0.389	0.667	1
EPAS1	0.0155324145221163	-0.80093492734886	0.639	0.833	1
CRIM1	0.0155977007024588	-0.543813717878398	0.667	0.854	1
SCARB1	0.0156248207742412	-0.417266240416883	0.028	0.229	1
PPP1R16A	0.0156721126371273	0.384542491558619	0.361	0.104	1
FAM120A	0.0159879178712384	-0.468764412571729	0.167	0.458	1
HPGD	0.0160415831545964	0.701045214961546	0.25	0.062	1
PPIC	0.016081639080832	0.486207341196403	0.444	0.167	1
DOCK1	0.0162696283833332	-0.545772521097101	0.222	0.271	1
ARHGEF25	0.0167377223777898	0.352709697456338	0.361	0.104	1
GTF2B	0.0168543302051446	-0.550970772452086	0.333	0.646	1
NTAN1	0.0168546203730046	0.416828778498174	0.389	0.125	1
TFPI2	0.0171037633523512	0.280244067681519	0.056	0.104	1
NTHL1	0.017423980576434	0.388480587417945	0.361	0.104	1
IFI44	0.0175844668954875	-0.488412990668508	0.167	0.438	1
DIAPH2	0.0176286969606416	0.491840401166431	0.528	0.25	1
UGCG	0.0176899626092637	-0.685900823475816	0.583	0.688	1
NGRN	0.0177826122525031	-0.565424649931915	0.278	0.438	1
C1QTNF2	0.0178747164928159	0.388427392675	0.25	0.042	1
PNRC2	0.017942702381067	-0.398744761641334	0.722	0.729	1
KCNMB1	0.0179719209196108	0.659469413935031	0.389	0.229	1
C1orf123	0.0180559422139694	0.549272523638209	0.417	0.167	1
PSMA6	0.0181660769496494	-0.605792028049408	0.167	0.396	1
TNFSF12	0.0183667319556191	0.460558308444733	0.389	0.125	1
PRLR	0.0184214787995878	-0.376265409649777	0.028	0.229	1
IGFBP3	0.0184529121708483	-1.03612058674849	0.028	0.229	1
PCNP	0.0184749677995379	0.404329085294872	0.806	0.604	1
PPFIA1	0.0185869754083759	0.456320753505292	0.389	0.125	1
TASOR2	0.0186296465461822	-0.507573274363021	0.056	0.25	1
CBY1	0.0186623155728544	0.421025158194073	0.389	0.125	1
PSMB8	0.0187131327767322	0.599139679496453	0.472	0.271	1
CEBPD	0.0188207431209727	-0.613811601524273	0.972	1	1
LARP1	0.0188970447962194	-0.472605361225122	0.194	0.479	1
DLG2	0.0189575214907201	0.355319566389459	0.194	0.021	1
ITGB3BP	0.0194071144913846	0.341650421408039	0.278	0.062	1
ASPH	0.0196332603038541	0.555580238582284	0.583	0.354	1
DHX16	0.0197375388171225	-0.313129916774175	0.083	0.292	1
STIM2	0.0198668913812201	0.421209597000077	0.472	0.188	1
NPR3	0.0200822881706779	-0.555090300771186	0.111	0.312	1
RARRES1	0.020256852651057	0.520999266016615	0.278	0.062	1
MT-ND5	0.0208460465788581	0.335538607574617	1	1	1
AC007388.1	0.0211437891014696	0.321041482835551	0.194	0.021	1
ITGA6	0.0212589814421356	0.410834843350176	0.694	0.396	1
ARID1B	0.0215285181949873	-0.432284695149981	0.444	0.5	1
ZNF292	0.0215318819895903	0.523269699459942	0.694	0.479	1
VPS37B	0.0217352401132075	-0.511945448091717	0.306	0.438	1
RPS16	0.0220608197403021	-0.319646194960165	1	1	1
HOXC8	0.0226730188056476	0.296087893589608	0.194	0.021	1
TAGLN	0.0226734804413102	0.594710804327895	1	1	1
ADIPOR1	0.0228641705911218	0.363343473539415	0.278	0.062	1
MIEF1	0.0231134578316342	0.308426886842691	0.194	0.021	1
SOX13	0.0231248663226444	0.29787255347937	0.194	0.021	1
TRUB1	0.0231431457933901	0.275809403394847	0.194	0.021	1
C8orf59	0.0237860862953216	0.304906836795042	0.528	0.271	1
ASAP2	0.023924809773287	-0.367702543094492	0.083	0.292	1
HOPX	0.0239573792573997	0.533150668196241	0.25	0.062	1
YAP1	0.0240413084903046	0.494752014906454	0.583	0.333	1
PIP4P2	0.0241675145137882	0.317741224231042	0.278	0.062	1
PAPOLA	0.0243719468567869	0.501904161663116	0.75	0.458	1
ATP6V0C	0.0244499020909343	-0.540566624526292	0.167	0.417	1
SNHG32	0.0246410078906112	-0.56692549045081	0.167	0.438	1
SEMA3G	0.0248317640062708	-0.339292895478629	0	0.104	1
LINC00863	0.0248317640062709	-0.268487977914601	0	0.104	1
GDF15	0.0248317640062711	-0.379469771952179	0	0.104	1
KCNJ2	0.0248317640062713	-0.475636983021199	0	0.104	1
OAS2	0.0249792265836771	-0.555880039513554	0.056	0.271	1
MYADM	0.0252091673470217	0.46840137097206	0.861	0.771	1
CD302	0.0253260623197306	-0.409631784986641	0.194	0.312	1
HOXC6	0.0256014432172284	0.330333168028554	0.222	0.042	1
DOCK9	0.0256759292262371	-0.469918019307928	0.167	0.438	1
GABARAP	0.0258987670165351	-0.582203794342438	0.389	0.667	1
CEMIP2	0.0259056804085921	-0.617773335766287	0.278	0.521	1
MAPRE2	0.0260259801983965	-0.266452122036133	0.417	0.354	1
XRN2	0.0260717195085049	0.570275177169477	0.639	0.417	1
DES	0.026095403098866	0.930659287912298	0.556	0.417	1
SEPTIN9	0.0261023304135597	-0.432780807916318	0.083	0.25	1
SEPTIN11	0.0264543825663761	-0.468042229519614	0.056	0.271	1
SEC61B	0.0266240859196789	-0.412869078639478	0.694	0.917	1
PPP1R14A	0.0266305272299595	0.412437396999235	0.833	0.562	1
FLOT2	0.026707030254766	-0.318095074921549	0.083	0.229	1
TMBIM4	0.0267171674342349	0.474119024166267	0.722	0.604	1
ATP5F1C	0.0272166776106295	0.554896409653991	0.75	0.5	1
EIF4ENIF1	0.0274184503868	-0.33304022371389	0.056	0.25	1
MYCBP2	0.0278614056139945	-0.402999197779128	0.444	0.729	1
SERGEF	0.0279143366210188	0.329263292890165	0.222	0.042	1
SNHG3	0.02810809058558	-0.310679074975776	0.028	0.208	1
DDX21	0.0283290463352013	-0.651703389828247	0.75	0.875	1
EGR2	0.0283744833139904	0.563361651895815	0.306	0.083	1
CDK16	0.0285188939602042	-0.376212080973038	0.028	0.208	1
IFI44L	0.0286138504735152	-0.546306068835075	0.417	0.562	1
CLDN1	0.0287118280993215	0.508797178593476	0.306	0.104	1
NFKBID	0.0288168882333771	0.499625653444675	0.333	0.104	1
IP6K2	0.0290192136391159	-0.447495287044957	0.139	0.375	1
LGALS3	0.0292080658895007	0.536899643446318	0.972	0.938	1
NAIP	0.0292897731610489	-0.398146962216739	0.083	0.312	1
VAV2	0.0297671500674767	-0.367084351348213	0.028	0.208	1
TIAL1	0.0298576547906991	0.436221762008634	0.556	0.271	1
CSGALNACT2	0.0298734179792777	-0.335478102093046	0.028	0.208	1
B3GNT5	0.0300500135804032	-0.672808966281613	0.194	0.458	1
ID2	0.0300683036974053	0.543141287908122	0.75	0.667	1
NRBP1	0.030177493490809	0.459685212218112	0.444	0.188	1
PEG3	0.0303192494268074	-0.532639184173172	0.083	0.312	1
PNPLA8	0.0304439305684155	-0.590632044158796	0.278	0.542	1
WARS	0.0309034760774934	-0.665466927725424	0.25	0.479	1
SPRY1	0.0309213409549788	-0.634289378307132	0.611	0.729	1
PML	0.0309300124686811	-0.50510365168951	0.167	0.354	1
RUNDC3B	0.0310322523494131	-0.467663832977395	0.278	0.479	1
SH3BP5	0.031096520525055	0.448335213274576	0.833	0.708	1
KIF27	0.0313240437891956	0.31334749440412	0.222	0.042	1
PTGS2	0.031447846672409	0.671460603287794	0.278	0.083	1
TCEAL8	0.0315668934737618	0.430521839690745	0.583	0.333	1
RBIS	0.0316238481793644	-0.512104511745411	0.139	0.333	1
EMILIN2	0.0318188594627981	0.455282428346401	0.222	0.042	1
PTTG1IP	0.0320519872766084	0.460599278681143	0.806	0.542	1
APOLD1	0.0322196083288578	-0.721333798812445	0.611	0.854	1
PPP1R15B	0.0322309089592843	-0.469969566974886	0.583	0.75	1
REEP3	0.0322388871700238	0.369853390516852	0.444	0.417	1
C6orf48	0.0323469955765065	0.461121819368385	0.472	0.229	1
SPTY2D1	0.0323938372786983	-0.565872667966773	0.278	0.521	1
TUBB	0.032473476726712	0.529202800505695	0.75	0.542	1
LINC00963	0.0325676799733265	-0.400151270332997	0.056	0.208	1
CISD3	0.0327301034334145	0.279619818789473	0.361	0.125	1
SNX14	0.0331845397762963	0.256073067574967	0.222	0.042	1
KCNA5	0.0334507344886399	-0.32447825932088	0.139	0.375	1
IL6R	0.0338198442253933	0.466217202083891	0.361	0.146	1
IREB2	0.0340024047205192	-0.420653238431314	0.111	0.292	1
RESF1	0.0344903312691709	-0.604395531575538	0.139	0.375	1
TXN2	0.0347573210185773	0.45817385185047	0.5	0.229	1
HNMT	0.0348679688556295	0.314344318716836	0.333	0.104	1
HSPB1	0.034877667746119	0.439652651238108	1	0.958	1
RUFY2	0.0349440728189201	0.350878314729868	0.472	0.208	1
CIB1	0.0350846365549911	0.353179655623007	0.472	0.208	1
LRP5	0.0352391563222658	0.25004268922057	0.25	0.062	1
PIM1	0.0353746361678228	-0.504942749417393	0.194	0.458	1
STAT6	0.0355422561889693	0.393933603011058	0.472	0.208	1
COL18A1	0.0357303840071206	-0.649046913285578	0.444	0.625	1
NFKBIZ	0.035765265687424	0.56206415387942	0.694	0.646	1
NRN1	0.0357747754192544	0.487246876305181	0.583	0.312	1
ADIPOR2	0.0358326524567578	-0.528890183625175	0.222	0.312	1
NFATC4	0.0358805632874145	-0.291926627121123	0.028	0.188	1
UBC	0.0360923856036023	0.387628402477351	1	1	1
SNHG30	0.0361222599804392	-0.363041314087701	0.028	0.188	1
TAF8	0.03629293805554	0.328488082116093	0.222	0.042	1
CD40	0.0365628905216435	0.313878395144287	0.417	0.167	1
MED13	0.0365929699618171	-0.451669428489956	0.361	0.438	1
TAF1	0.037161634725748	0.420445617140887	0.417	0.229	1
FRYL	0.0372479334057252	0.372398164960289	0.611	0.333	1
MRPL3	0.0372998972948136	0.435176266204503	0.444	0.188	1
RPL39	0.0374789645353086	-0.340471610823421	1	0.979	1
SMARCB1	0.0377631913077274	-0.460817235097874	0.139	0.354	1
PGM5-AS1	0.037776559963015	0.472761599860086	0.222	0.042	1
CGNL1	0.0377975030537278	0.373778317376298	0.361	0.125	1
HSPA6	0.0378371569819515	-1.13096298267979	0.139	0.292	1
CTNNB1	0.0380900257970418	-0.364286824653551	0.556	0.812	1
BCOR	0.0382115522348798	-0.443949003514412	0.083	0.25	1
ANKRD29	0.0382694623012248	0.32472118420366	0.611	0.333	1
LMAN1	0.0383263361553406	0.350786937467335	0.75	0.479	1
IQSEC1	0.0385339538576014	-0.447466843693221	0.111	0.271	1
ELP5	0.0386240868113827	0.252583926328949	0.222	0.042	1
GPM6A	0.0388156796677695	0.378193663102641	0.444	0.188	1
CHCHD7	0.0388232748811007	0.497410212161273	0.444	0.25	1
ENTPD1	0.0388448081603697	-0.443329670664115	0.306	0.542	1
AHNAK2	0.0388473040274119	0.509166404464933	0.444	0.208	1
LTBP3	0.0389201457387133	-0.39417519574444	0.306	0.417	1
ITPRID2	0.0389957973995714	-0.395848949283704	0.111	0.271	1
CCPG1	0.0391874672616958	0.388288061580089	0.667	0.396	1
GALNT2	0.0392731351919475	-0.325940277769885	0.056	0.229	1
CCDC66	0.0394068350184346	0.347406078584137	0.389	0.146	1
PIGP	0.0394075195577803	0.334471419701316	0.389	0.146	1
SKIL	0.0394224491274481	-0.638657071872453	0.361	0.521	1
CDK5RAP2	0.0397027862860319	0.309935025760647	0.417	0.167	1
SUPT16H	0.039730341290037	-0.510198201917355	0.278	0.479	1
NUCB2	0.0398294347356918	0.581491003598319	0.667	0.396	1
NDFIP1	0.0404042653637037	-0.327501650487957	0.556	0.562	1
BET1	0.0404726312301063	0.333839299971986	0.25	0.062	1
HNRNPK	0.0405241456498927	0.315939064277155	0.972	0.812	1
BACE2	0.0405247332708501	-0.381603730922309	0.194	0.375	1
LRCH3	0.040642941978101	-0.342421840790353	0.139	0.375	1
AOPEP	0.040990719404511	-0.560101441041293	0.139	0.375	1
C19orf70	0.0411396811374234	0.526690670078723	0.444	0.208	1
VWA1	0.0416754640993773	0.262740406194618	0.528	0.271	1
STT3B	0.0416913233994044	-0.363894940341101	0.306	0.375	1
YPEL2	0.0419669017071849	-0.603799615600408	0.194	0.438	1
PPP1R10	0.0422875177607455	0.571078010774034	0.917	0.875	1
POLD4	0.0424064302344282	-0.425362869517282	0.083	0.25	1
EID1	0.0425051189553595	0.308429702943952	1	1	1
GNA13	0.0425371058207252	-0.283623634625671	0.056	0.25	1
EIF3H	0.0425560706009316	0.408295550919283	0.806	0.771	1
NEXN	0.0427378525086374	0.58033620702209	0.806	0.771	1
LINC00472	0.0427756824870333	-0.405495200001993	0.028	0.146	1
PCMT1	0.0428550607862036	0.47290959098974	0.611	0.354	1
KMT2E	0.0428718908627942	0.507502911720836	0.833	0.708	1
EMX2	0.0429601435992395	0.545140154689696	0.472	0.229	1
CCN2	0.0430038055033694	-0.491625813971958	0.167	0.417	1
NUP58	0.0430998556033601	-0.398081830573729	0.167	0.25	1
RAD23A	0.0432543591354731	0.399004135160751	0.778	0.521	1
SAP30	0.0432698165903623	0.548821566710504	0.417	0.188	1
SVIP	0.0433220274460719	0.267848582112825	0.556	0.292	1
PPP1R35	0.0434034552031481	0.336684967184922	0.194	0.042	1
RAB9A	0.0435191205236328	0.340895363739802	0.25	0.062	1
FAM107A	0.0436502330762127	-0.569380332288565	0.389	0.542	1
RPL27A	0.0437825628118641	-0.251685316638026	1	0.979	1
FHL1	0.0438341229118923	0.59517525383959	0.806	0.708	1
CLU	0.0440955378848264	0.353785824375472	0.972	0.958	1
GPRC5C	0.0442556281271698	-0.27437278231615	0.111	0.312	1
TSR1	0.0442992921629001	-0.295589880052585	0.083	0.271	1
EFNB1	0.0444696659862587	-0.357928382017557	0.056	0.25	1
ZMYM2	0.0445653766884198	-0.518481712405159	0.222	0.458	1
HMGB2	0.0448220414460495	0.360367377707796	0.722	0.458	1
MFGE8	0.0449354051457451	0.327900739223798	0.917	0.708	1
PNN	0.0450602474850689	0.445112755040825	0.75	0.708	1
RPL36A	0.0454281797089362	-0.422957367554843	0.917	0.979	1
CS	0.0459150523787972	-0.380374310297165	0.139	0.25	1
FRMD6	0.0460682708394916	0.482914520999364	0.306	0.104	1
LRRC59	0.0464619302333951	-0.34583924448707	0.139	0.333	1
TRA2A	0.046839319917242	0.41061367340573	0.75	0.542	1
EIF5A	0.0469344761165094	-0.378741391982281	0.528	0.771	1
ABL2	0.0469580838883887	-0.488378922497267	0.139	0.292	1
NCOA1	0.0469606400159972	-0.436741944126537	0.278	0.5	1
ITGAV	0.0469644594793616	-0.479969913431397	0.222	0.438	1
DDX39B	0.0473729254802575	-0.447958997240635	0.361	0.583	1
DBNDD2	0.0474972794142174	-0.461120199844948	0.167	0.396	1
GJA4	0.0476210310876535	-0.283881148869941	0.111	0.312	1
ID1	0.0476520671504722	0.862249116201961	0.806	0.688	1
RAPH1	0.0476684173957185	-0.346723280118377	0.139	0.375	1
OST4	0.0477892861168946	0.255071733736663	0.972	0.812	1
CDKN1B	0.0479067448861421	0.472388338186704	0.5	0.271	1
MLEC	0.0479601242938378	-0.498116729571782	0.306	0.542	1
FAM107B	0.0480983308793613	-0.639815302891233	0.333	0.521	1
RNF7	0.0483667934451058	0.49890768306844	0.639	0.479	1
PLAAT3	0.0487777688070248	-0.445209869268403	0.083	0.292	1
MRPS24	0.0488302879061	-0.53181567712882	0.139	0.354	1
MYL12A	0.0488555402107259	0.471586733885569	0.944	0.833	1
VGLL4	0.0488750038043694	0.415843726828986	0.583	0.333	1
DCAF6	0.0489127179767772	-0.318254076878608	0.083	0.292	1
MICOS13	0.0489274862213823	-0.442990764712566	0.111	0.312	1
SUGT1	0.0490169850391033	0.298749615434868	0.778	0.521	1
MEG3	0.049067847961933	-0.51970864504397	0.111	0.333	1
TERF2	0.0491829151915597	0.270559389532989	0.25	0.062	1
PMEPA1	0.0492193648029147	-0.491594182011681	0.361	0.604	1
LUC7L2	0.049254577362782	-0.291254268566948	0.417	0.396	1
CDK14	0.0493330616748419	0.250911299972093	0.167	0.021	1
MX1	0.0495425843984485	-0.549302359130059	0.389	0.625	1
PSMC4	0.0496650237124276	-0.348281950261948	0.361	0.417	1
AES	0.0498453853105392	0.552661872256725	0.444	0.208	1
P4HA2	0.0498777200359384	0.265279286667167	0.278	0.083	1
KMT2C	0.0499289640226786	-0.483121590689677	0.417	0.521	1
SUMF2	0.0499337868783918	0.250605568394901	0.361	0.146	1
FKBP2	0.0501987572024251	0.628068211551804	0.472	0.25	1
PDE1C	0.0503546857728275	0.524093992001623	0.25	0.062	1
FRMD6-AS2	0.0504095941851315	0.335294616696009	0.167	0.021	1
LARP6	0.0504566733548083	0.278950137555638	0.25	0.062	1
FBXO25	0.0505357335506881	-0.316758207832623	0.111	0.229	1
FAM89B	0.0506647458414554	0.428334451871036	0.444	0.208	1
RPS10	0.0507095067872194	0.297018566553556	1	0.958	1
PER1	0.0509303872336968	-0.507458151074337	0.25	0.5	1
TOM1L2	0.0510101460445636	0.251719631495472	0.25	0.062	1
ZFP28	0.0511365381204335	-0.287128362613545	0.028	0.188	1
LINC00891	0.0511656338654248	0.313198436868872	0.25	0.062	1
SNRK	0.0512652086328579	0.255362455253591	0.5	0.25	1
TJP2	0.0512714233419166	-0.290744301145349	0.056	0.188	1
FIGN	0.0513007110373335	0.313764348394775	0.167	0.021	1
BMERB1	0.051470827576452	-0.337421012943546	0.111	0.229	1
RPL10	0.0515206646471879	0.277699301426568	1	1	1
C6orf141	0.0516071875107566	0.313391278264798	0.167	0.021	1
MBNL1	0.0518039504206558	0.384779211418462	0.861	0.688	1
RFX3	0.0519371426719397	-0.409186759175043	0.111	0.292	1
PKP4	0.0519759553243691	0.255686506666305	0.444	0.208	1
NFIB	0.0519981823005705	-0.310433226135594	0.778	0.938	1
COL12A1	0.0524647631028104	-0.268407522246031	0.028	0.188	1
BCL7A	0.0527734114253448	-0.267744014493857	0.028	0.188	1
SUPT7L	0.0536483071004122	-0.300166400278284	0.056	0.188	1
PPP1R2	0.0539061980808945	0.45370422810368	0.528	0.396	1
BCL3	0.0539902244359415	-0.262341703078381	0.528	0.479	1
NPHP3	0.0543454464872737	-0.373880241878174	0.111	0.25	1
TMEM109	0.054438285588773	0.388808307461514	0.528	0.271	1
LINC00342	0.0545442697976213	-0.369557148159193	0.083	0.25	1
SVIL	0.054661807694594	0.600184795833447	0.778	0.667	1
SMAD3	0.0546763719420861	0.327259428865709	0.306	0.104	1
HLA-DRB5	0.0547064059721445	0.462278131935336	0.528	0.271	1
HELZ2	0.0547827383011176	-0.412022302883918	0.111	0.312	1
ING1	0.0548031768566753	0.557098612328565	0.444	0.208	1
COL4A2	0.0553724904716216	-0.594260534063948	0.5	0.604	1
TMEM35B	0.0555569629873114	-0.352586468500898	0.139	0.229	1
POLR2J3	0.0557603055338615	-0.290397395346746	0.083	0.167	1
POLR2F	0.0557630949743053	-0.282142186237921	0.389	0.646	1
GADD45B	0.056111380257412	-0.411839829050838	1	0.979	1
TSPAN31	0.0562883576024514	0.357655982020091	0.306	0.104	1
PLK2	0.0567290904672888	0.468954637940835	0.583	0.333	1
OARD1	0.0567702133407163	-0.351696984461342	0.139	0.354	1
NFASC	0.0571458780547296	-0.459792448181037	0.194	0.396	1
SETD7	0.057739568293503	-0.446029319282479	0.194	0.375	1
HHEX	0.0577975470667784	0.317786308604836	0.222	0.062	1
TMEM251	0.0580573188745259	0.263021924407787	0.278	0.083	1
SENP7	0.0592741869436158	0.371414562070654	0.5	0.354	1
AP2S1	0.0594338056861752	0.319235430141348	0.5	0.25	1
BCHE	0.0596060248645473	0.489855648648616	0.417	0.188	1
COL6A1	0.0598969829841729	0.495981148345014	0.667	0.458	1
WDR74	0.059951628674098	0.320405457234871	0.278	0.083	1
MYEF2	0.0599545592708432	-0.394834663606575	0.056	0.167	1
ZBTB10	0.0599722756869891	-0.51495699577068	0.333	0.583	1
TGFBR2	0.0600973366735514	0.417433068649834	0.75	0.604	1
EPHB6	0.0604299416328784	0.353743850974697	0.278	0.083	1
HIVEP1	0.0604844941714355	-0.475057657019105	0.167	0.354	1
NCOA2	0.06062025826706	0.348175075940219	0.278	0.083	1
RTL8C	0.0606391560275386	0.276151293392585	0.5	0.5	1
CAST	0.0607532119663001	0.447873325718899	0.917	0.792	1
TNFAIP8	0.0608187489865405	0.299865079575048	0.194	0.042	1
ALDH1A1	0.0613702228484637	-0.399002711502689	0.167	0.396	1
NR4A3	0.0614661944047218	-0.644493366147525	0.5	0.708	1
EMP1	0.0615190142778152	-0.603278412819827	0.861	0.958	1
LINC02001	0.0623232101591871	0.277009656673318	0.194	0.042	1
ASNA1	0.062341894248334	0.352976011691791	0.25	0.083	1
ATXN7L3	0.0623658936673258	-0.424072915592156	0.028	0.146	1
HNRNPD	0.0630622198765143	-0.301890103696455	0.806	0.771	1
CCDC144NL-AS1	0.0638039114502352	0.375921529839884	0.194	0.042	1
SGK1	0.0638075847296347	0.615193854941643	0.583	0.333	1
PHF1	0.0641705226633973	0.484640488538164	0.389	0.208	1
PPT1	0.0642619102559554	0.257227899760335	0.389	0.167	1
TM9SF4	0.0642883899748881	0.310445197080276	0.306	0.104	1
HSPA1A	0.0644648596023125	-0.3714114473549	1	0.917	1
COMMD6	0.0645102999435972	0.405083930289648	0.972	0.896	1
SQSTM1	0.0647448463831335	-0.270209839163893	0.806	0.958	1
AGO1	0.0647546800259301	0.299890386495197	0.194	0.042	1
AHR	0.0652208712632645	0.399287905554628	0.556	0.312	1
SEPT11	0.0655604021708793	0.404694588898156	0.306	0.104	1
RPS6KB2	0.0656814345003104	-0.35873813532907	0.083	0.271	1
DDIT3	0.0663005284230792	0.456474523753184	0.472	0.375	1
MDH1	0.0665647938796602	-0.418160325983298	0.389	0.562	1
DNAJB2	0.0666042989230888	0.277657981466129	0.306	0.104	1
TIPARP	0.0667278431010172	-0.491365393356872	0.833	0.938	1
RSPO3	0.0669932395266881	0.507172586532566	0.333	0.125	1
MRPL1	0.0671473957279885	0.375785713556687	0.306	0.104	1
C12orf29	0.0673761781815498	0.304210053225689	0.306	0.104	1
IFNAR2	0.0676416941809218	-0.325603588083432	0.111	0.25	1
WWC3	0.0680447761884591	-0.321437162653655	0.167	0.333	1
LTBR	0.068105315599927	0.255032533650403	0.444	0.208	1
ACKR1	0.0681163352688568	0.667432721075622	0.694	0.458	1
HIGD2A	0.0681780582031743	-0.344212090558924	0.389	0.396	1
WIPI2	0.0684689442113169	0.279127784836273	0.389	0.167	1
TMEM38B	0.0686274565822803	-0.353269030548267	0.111	0.312	1
PRPF38A	0.0691604468519982	-0.397910112168327	0.333	0.583	1
IRF2BPL	0.0697482521878402	-0.438036541862833	0.444	0.479	1
PDE4C	0.0700278791659342	-0.380555740959926	0.056	0.208	1
DHX32	0.0701420081038992	0.288233819947447	0.194	0.042	1
CYCS	0.0702232636441849	-0.664536561948824	0.75	0.917	1
MTHFD2	0.0703456802804732	-0.373383058282023	0.222	0.458	1
TTC32	0.0704060848110036	-0.42419685781559	0.139	0.312	1
ACVRL1	0.0704906784089276	0.261207825890548	0.361	0.146	1
CEBPB	0.0707182207988211	-0.385114742411162	0.889	0.979	1
RPL4	0.0707251063935005	-0.30341904603708	1	0.979	1
CADPS2	0.070775236182178	0.38817450723801	0.333	0.125	1
KRT19	0.0708329441032879	-0.866859470059102	0.028	0.167	1
ARL6IP5	0.0708724263579058	0.423511877044174	0.861	0.708	1
MAP2K3	0.0709616765504588	-0.375143090614931	0.167	0.292	1
KDELC2	0.0717076843634793	0.324178578695439	0.194	0.042	1
ARHGAP18	0.0719804849653135	-0.382403601196556	0.139	0.271	1
CX3CL1	0.0721374596232866	-0.583193529482306	0.222	0.354	1
PIGT	0.0721788604979653	-0.286314350974491	0.139	0.354	1
SET	0.0725919088846311	-0.448712945531613	0.806	0.917	1
NCAM1	0.0731230079586206	0.426592534605431	0.361	0.146	1
GNAQ	0.0732126923284197	-0.397725694041003	0.417	0.625	1
LDOC1	0.0732889942253962	-0.400390679459081	0.194	0.375	1
TDP2	0.0733287505535523	-0.301461587796613	0.083	0.271	1
NASP	0.0736968789162065	-0.413025499102752	0.806	0.896	1
TNRC6B	0.0739905495433165	-0.407713591287192	0.75	0.771	1
FAM210A	0.0740856165458586	0.30365217231018	0.222	0.062	1
ODR4	0.0742217083571306	0.390083929926866	0.389	0.208	1
FILIP1L	0.0742734524351846	-0.728111934169042	0.611	0.771	1
PTPN2	0.0744058844480203	-0.540486426546295	0.139	0.312	1
TMED5	0.0746727810656976	-0.289434067880641	0.139	0.354	1
EIF4A2	0.0748039241250593	0.386267992898891	0.972	0.917	1
CNPY2	0.0748426567346951	-0.392438078563259	0.333	0.542	1
SLC4A7	0.0750451357053988	-0.355225404855973	0.083	0.271	1
SERPINI1	0.0750686337335753	-0.404083164121849	0.222	0.458	1
RNF38	0.0754168611123913	0.410768910358166	0.278	0.104	1
PRDX3	0.0755936544281605	0.394881202543578	0.528	0.292	1
NDUFAF3	0.0756164128010043	0.382793351031859	0.556	0.312	1
PEX5	0.0764270775364168	0.252990336189447	0.194	0.042	1
JMJD1C	0.076882897968874	-0.412601852630172	0.833	0.792	1
RNF113A	0.0769048464538812	0.2910981988387	0.194	0.042	1
IDH1	0.0770131413356999	-0.285361346471353	0.083	0.271	1
SMTN	0.0772917482221921	0.421752691652151	0.667	0.542	1
TCEAL3	0.0775532249780939	0.409075490564777	0.722	0.521	1
ATP13A3	0.0778248001692226	-0.496726719270969	0.222	0.354	1
MINOS1	0.0778987873765161	0.3039919621775	0.5	0.271	1
HMOX1	0.0779600297130773	-0.25607514550008	0.028	0.146	1
MMRN1	0.078231497025253	0.343076810373347	0.472	0.25	1
ISLR	0.0783102733848479	0.366339137389849	0.417	0.208	1
ANKRD13D	0.0783123966798201	0.266817790960213	0.194	0.042	1
ZNF84	0.0788460439471528	0.329389769575156	0.25	0.083	1
MMAB	0.0790433917899199	-0.294016936942724	0.083	0.271	1
MYL12B	0.0795564106986206	0.356488760572564	0.917	0.875	1
CCP110	0.0797131726605879	0.320204233713365	0.222	0.062	1
ARPC5L	0.0797791045641761	-0.391036469826634	0.25	0.479	1
PDLIM3	0.0803288292378059	0.573250163658605	0.75	0.583	1
YWHAH	0.0809998205456974	0.465958304745434	0.75	0.521	1
UBE2N	0.0810589317946724	-0.397332298449241	0.306	0.542	1
MIDN	0.0810737528091433	-0.363901229189186	0.861	0.875	1
TGM2	0.0813910484337459	-0.620456885867567	0.333	0.521	1
ST7	0.0818086256867512	0.265009717144292	0.222	0.062	1
ARFGEF2	0.0823543366159158	-0.281234640209829	0.028	0.167	1
TACC1	0.0828173222036894	-0.475934601466151	0.944	0.958	1
PCID2	0.0831504742754285	-0.357983284740826	0.139	0.271	1
SNX21	0.0831959536998045	0.339629219775665	0.222	0.062	1
FMR1	0.0840941437721269	-0.262069402386365	0.111	0.229	1
RAB14	0.0840982322287121	-0.383538954083683	0.5	0.667	1
AC005261.1	0.0841116733028351	-0.26213627871982	0.444	0.458	1
TRIP10	0.0843280091416312	-0.324733148265947	0.194	0.417	1
CCT6A	0.0848445510555665	0.464250758591644	0.611	0.417	1
LINC00702	0.0852641439192117	-0.415879787582414	0.056	0.208	1
FGL2	0.085944248188701	0.287777616733342	0.306	0.125	1
UBTF	0.085944623032589	0.416037641157484	0.472	0.271	1
BEX2	0.0861022506988497	-0.475840249505613	0.111	0.292	1
RAB11B	0.086211511025433	-0.399709129072659	0.139	0.292	1
NUDCD1	0.0864383413369919	0.297549981085014	0.222	0.062	1
ODC1	0.0865401168897285	0.449024973761216	0.611	0.375	1
RHOBTB1	0.0868183934246745	-0.295371569607869	0.028	0.167	1
NOV	0.0868814334565725	0.489023013056593	0.194	0.062	1
AC092164.1	0.086939746237248	-0.364480517273269	0.056	0.188	1
SLC38A10	0.0869692182229898	-0.301168977235494	0.028	0.167	1
TRIM28	0.0871067951970897	-0.362585216575566	0.389	0.625	1
RAP1B	0.0871807388596052	-0.26832995024391	0.778	0.792	1
REC8	0.0882279518509817	-0.250586019947382	0.028	0.167	1
GOLPH3	0.088371675419092	-0.34488710123514	0.139	0.312	1
SIGIRR	0.0887457339302823	-0.307973671678103	0.222	0.333	1
ASMTL	0.0889453811717758	0.458633300248536	0.278	0.104	1
ATP5MC3	0.089144842972468	0.302764827569184	0.806	0.583	1
PSIP1	0.0891552595603477	0.410670193593523	0.806	0.667	1
PHACTR2	0.0892221095736793	-0.521249974081528	0.528	0.625	1
PDS5B	0.0892716627601635	0.393389351464557	0.528	0.292	1
IRS1	0.0899516046471435	0.267217906083727	0.167	0.042	1
ZNFX1	0.0900118647057669	-0.487686791158629	0.333	0.479	1
VPS51	0.0901706790230035	0.355670939053175	0.528	0.292	1
RPS28	0.0902824446969961	-0.283571430034682	1	1	1
HSPA8	0.0904220583283487	0.369787147349809	1	0.958	1
PSMB6	0.0904827558202529	0.306485623864735	0.722	0.646	1
AOC3	0.0907170522409947	0.337777409466502	0.5	0.271	1
C3orf58	0.0912708753202171	0.250886477385616	0.222	0.062	1
ZBTB43	0.0914393283267378	-0.33301891318036	0.111	0.271	1
CBX4	0.0914904365282088	-0.303161950151113	0.139	0.292	1
MORC4	0.091995851567695	0.382768006381889	0.361	0.167	1
ZNF131	0.0921837011790739	-0.315673463177266	0.5	0.542	1
STX6	0.0922557779552286	-0.254653707321572	0.028	0.167	1
C1D	0.0923735813942296	0.415076418108069	0.5	0.292	1
MED4	0.0928391130052682	-0.331237763931949	0.361	0.438	1
CMIP	0.0930970501031994	-0.409271065827101	0.333	0.458	1
COX4I2	0.0933692656463621	-0.368862255401389	0.028	0.167	1
ANO6	0.0934432149825557	0.43480264206572	0.5	0.271	1
MANBAL	0.093473529330634	0.387953876381128	0.278	0.125	1
NUDT4	0.0938404456419422	-0.503905731689438	0.472	0.604	1
TUBB4B	0.0940238743440299	0.351149486893761	0.917	0.771	1
LAMC1	0.094069390712101	0.385591304481879	0.556	0.333	1
USP7	0.0940876858884997	-0.463208219832683	0.194	0.396	1
HMGN3	0.0942198879513748	0.363350861503585	0.722	0.688	1
MEF2D	0.0945048022348591	-0.421697485129503	0.222	0.438	1
PLAT	0.0946003938409261	0.381068266219216	0.639	0.438	1
CIAO1	0.0952511696817058	-0.294077502017347	0.167	0.375	1
SRSF1	0.0955676623071512	0.373957612061248	0.417	0.25	1
SLC25A26	0.0957547033364055	-0.277449849816004	0.056	0.208	1
PPM1K	0.0961054251836056	0.471092716132512	0.444	0.312	1
MAGOH	0.0966280503756239	0.327937724239344	0.611	0.375	1
PFKFB3	0.0968034468555879	-0.402451662421033	0.056	0.188	1
NFIX	0.0970483901903697	0.410071711983133	0.5	0.271	1
N4BP2L2	0.0972954890609704	0.407595495539012	0.917	0.812	1
RETREG2	0.0973159232115108	-0.323589122055237	0.083	0.229	1
WDR45B	0.0974402032026735	-0.585177971553768	0.361	0.583	1
RAB21	0.0980788245959922	-0.430015778795444	0.583	0.771	1
ZNF621	0.0985453516926923	-0.450633465216488	0.111	0.271	1
EIF4A3	0.098636883898631	-0.593423264191564	0.556	0.729	1
LANCL1	0.0986663764886415	0.326466690420647	0.25	0.104	1
LRRC1	0.0993327064851709	0.312225022738121	0.25	0.083	1
CSGALNACT1	0.0993755559422347	0.350414424528147	0.25	0.083	1
MEF2A	0.10012445480381	0.378626623943107	0.611	0.583	1
KPNA6	0.100432384332861	-0.355067579066678	0.194	0.375	1
ARL15	0.100750488297533	-0.354571690827363	0.111	0.229	1
RABGEF1	0.100922792253404	-0.321849777927607	0.056	0.188	1
GSTK1	0.101592492418048	0.380879424455447	0.556	0.333	1
SMARCD3	0.101622818281405	-0.392687527928383	0.194	0.292	1
TMED2	0.102003078043355	-0.375859576479426	0.361	0.542	1
BBS4	0.102225748336563	-0.308852552558521	0.056	0.188	1
NF1	0.10235307289724	0.357807278978198	0.472	0.25	1
DCBLD2	0.102381662451962	-0.273022182199572	0.083	0.208	1
NUMBL	0.102664624756814	-0.261231294757231	0.139	0.208	1
PCSK7	0.102734523943829	0.428268328105808	0.583	0.417	1
PIAS1	0.102889656148243	0.440742391797562	0.556	0.375	1
PURA	0.102924573389653	0.35636249722853	0.778	0.562	1
RRP36	0.103067226014275	0.322654696099309	0.278	0.125	1
ATP2A2	0.103282541868139	-0.36284283449142	0.361	0.562	1
CYHR1	0.10346061953045	0.303298154257466	0.361	0.167	1
ZNF302	0.103495647885817	-0.260839344511117	0.111	0.25	1
WLS	0.103626822463203	0.436931243418206	0.444	0.25	1
UTRN	0.104171061309575	-0.406349591830159	0.861	0.875	1
KLHL5	0.104342337611549	-0.264317816985014	0.056	0.208	1
PDE5A	0.104578308168424	-0.613609461758502	0.444	0.583	1
ISY1	0.104781599127986	-0.401079935021289	0.083	0.229	1
PLCE1	0.104903552925627	-0.383180990244254	0.083	0.25	1
BTG1	0.105272942763358	0.350388443423353	1	0.938	1
CCDC47	0.105347494676797	-0.317477416661813	0.472	0.688	1
PRR13	0.105470194786165	-0.334354582774089	0.194	0.292	1
CTGF	0.105487046852464	0.646464990469869	0.25	0.104	1
MORF4L2	0.105489136835434	0.316586798792883	0.694	0.646	1
TSPAN18	0.105941303080477	0.350598369206593	0.389	0.188	1
TMEM14B	0.106338181988149	0.327243189691196	0.667	0.438	1
SMS	0.106697931002589	0.251424781914541	0.444	0.229	1
RARRES2	0.106787553327305	0.375851656592164	0.889	0.729	1
AP1AR	0.107073836019467	0.375760458570467	0.278	0.104	1
TCF4	0.107105246125985	-0.426180288522596	0.694	0.833	1
COX7A1	0.107208103637817	-0.32399827852107	0.583	0.792	1
CCDC93	0.107421429179299	0.38013793742104	0.25	0.104	1
TRIB1	0.107551384163033	-0.410789960035468	0.333	0.562	1
SNAI2	0.10811526904876	0.292689264326444	0.25	0.083	1
SOD2	0.108118895049133	-0.450865176841354	0.75	0.75	1
CXorf36	0.108299150954915	0.343247816075976	0.194	0.062	1
NUB1	0.108305647110809	0.329034564964672	0.5	0.292	1
PSAP	0.109008367457078	0.391665705768381	0.861	0.75	1
SLC25A11	0.1092019315612	0.265563249454228	0.444	0.229	1
TCEAL9	0.109331411100565	-0.354289056813452	0.583	0.771	1
SLC39A6	0.109390671178833	-0.424824519303185	0.139	0.271	1
PFN1	0.10965977175369	0.25354105209135	0.972	0.854	1
WDR46	0.109722266612021	-0.360789285143531	0.111	0.25	1
PRRC2B	0.109786764905415	-0.291269109914729	0.333	0.562	1
RPLP0	0.109792630339308	-0.264990994351409	1	0.979	1
CIAO2B	0.109927568567165	-0.440525202153273	0.167	0.354	1
GRIA2	0.110432088003941	0.47561893920458	0.25	0.083	1
A2M	0.110441636233903	-0.451950688661943	0.889	0.958	1
AASS	0.110741032702422	-0.434586296928927	0.333	0.542	1
MX2	0.111145278501234	-0.464973616585919	0.056	0.208	1
MVP	0.111159559421848	0.281078891300582	0.25	0.083	1
RNASEH2C	0.111212903932248	-0.414802426565424	0.333	0.542	1
CCDC174	0.111261944374923	0.297612777946314	0.278	0.104	1
FBLIM1	0.11141011579244	0.355491039424188	0.333	0.146	1
NR5A2	0.111719651104088	-0.403690470554961	0.111	0.271	1
THUMPD3-AS1	0.111734171716263	0.327124552279991	0.583	0.354	1
PALM	0.111831248470565	0.350007073800633	0.167	0.042	1
NUMA1	0.111896549701134	-0.271579259028621	0.417	0.438	1
ZBTB38	0.1121160703758	-0.337827809801626	0.611	0.625	1
ARPC2	0.112138987320985	-0.330926257674488	0.667	0.854	1
SPCS1	0.112270339878379	0.309485234076779	0.722	0.5	1
ZRSR2	0.112483197929496	0.263446908379756	0.25	0.083	1
TXLNG	0.112675638792513	-0.378191219468497	0.139	0.271	1
TOMM40	0.112821060868776	-0.297595069081062	0.111	0.208	1
SFRP4	0.113458478407453	-0.721223266634503	0.361	0.458	1
ECI1	0.113508634668965	-0.400709066125883	0.278	0.458	1
ARCN1	0.113509798851973	0.329715714630931	0.417	0.333	1
TMEM167B	0.113781542232472	-0.253759717046277	0.056	0.208	1
OLFML3	0.113850796514959	-0.458141043586004	0.056	0.167	1
SS18	0.1139620188501	-0.391698002241743	0.111	0.292	1
CFAP36	0.114097522620672	0.355011474342077	0.639	0.479	1
ID4	0.114288776949827	0.553012084006484	0.806	0.604	1
NR2F6	0.114314234097681	0.26751702148358	0.417	0.208	1
PDE10A	0.114594954230793	-0.416520571757483	0.139	0.25	1
RELL1	0.114709181670353	-0.318559880552647	0.167	0.312	1
GIMAP5	0.114978524775247	-0.303270973342676	0.056	0.208	1
FUS	0.114987666206823	0.277928596277592	0.972	0.979	1
ATF7	0.115521279211386	-0.271657407863552	0.111	0.292	1
PGRMC1	0.115608939109721	-0.53648736706957	0.639	0.604	1
NUDCD3	0.115835355397672	0.277220489189691	0.278	0.104	1
UBE4B	0.11608995496589	-0.254629006362782	0.083	0.167	1
LAMA3	0.116378595421036	-0.284452869825059	0.056	0.208	1
TLE5	0.116400631516041	-0.35289256778874	0.111	0.292	1
GSN	0.116694015623436	0.25781940365462	1	0.917	1
FAM43A	0.116812478675878	-0.257807959576193	0.194	0.208	1
SRP9	0.116822456686899	0.403795007684182	0.778	0.625	1
KLHL36	0.116857103215785	-0.311699160613968	0.139	0.312	1
NXT1	0.117100638759469	-0.331679855374175	0.167	0.271	1
PNPLA2	0.117296704213769	-0.307808610240323	0.222	0.333	1
IDH3G	0.117463042264331	0.3502943719208	0.556	0.333	1
SPEG	0.117533326689131	0.254389156002036	0.389	0.188	1
CLIP3	0.117822050771539	0.275269896211868	0.167	0.042	1
PDIA3	0.117834355131811	0.322649984167869	0.833	0.667	1
ACADM	0.118761370270184	-0.396481552081097	0.139	0.271	1
SYPL1	0.119015361673924	0.340499260770795	0.722	0.521	1
OGN	0.11917625294025	-0.510769517406231	0.111	0.271	1
TGFB1I1	0.119208509606518	0.420964173049899	0.639	0.458	1
GMFB	0.11921603167979	0.295916486891352	0.222	0.104	1
JMJD6	0.119423730301579	-0.357766988665985	0.25	0.458	1
MAMDC2	0.119802480897145	0.3663887480085	0.361	0.167	1
AVPI1	0.119845392454895	0.283878957021146	0.361	0.167	1
IL4R	0.120314927470129	-0.338074907788956	0.167	0.354	1
SEPT10	0.120807782782448	0.430454207143442	0.333	0.208	1
UBE2Z	0.120834664869848	0.316300012281082	0.361	0.167	1
CYYR1	0.120851000284118	0.428627257086487	0.556	0.354	1
MAGI2-AS3	0.121027540218977	-0.288609895463678	0.167	0.25	1
COPE	0.12116291236878	0.504531114391278	0.5	0.312	1
NAA16	0.121232817194755	-0.26626549149684	0.111	0.229	1
PUM3	0.121418643089312	-0.318368930245018	0.139	0.292	1
RUFY1	0.121605636806709	0.27735402503632	0.278	0.104	1
CNKSR3	0.121666650089961	-0.704100602625065	0.139	0.271	1
GCLM	0.121867165208593	-0.266664334129668	0.056	0.188	1
SYF2	0.1219584364801	0.37430682968095	0.722	0.667	1
UCK1	0.12208167659075	0.271102481385641	0.278	0.104	1
CXCL2	0.122292438424748	-0.557616788595878	0.25	0.438	1
FOXO1	0.12231558358994	-0.383168981395409	0.306	0.458	1
AKTIP	0.122430777245182	0.276382174837722	0.278	0.104	1
ZNF32	0.122456602506339	0.290550017127218	0.278	0.104	1
KIAA1671	0.12251327405493	-0.287769604501502	0.111	0.25	1
VOPP1	0.122525244844631	-0.332139047604499	0.083	0.229	1
SCARF1	0.122622491048482	0.297850834422764	0.306	0.125	1
YBX1	0.122720197484202	0.319097795871855	1	0.979	1
DLC1	0.122731302763322	-0.474358428621593	0.389	0.583	1
CCL8	0.123160503102681	-0.946753728602072	0.028	0.104	1
SFT2D1	0.123636135487047	0.292102657558229	0.361	0.167	1
USP9X	0.123811346899155	-0.373454229285448	0.389	0.5	1
PPP3CB	0.123911773897506	0.254254105619055	0.306	0.125	1
ITPR1	0.12413942444018	-0.368899928379303	0.361	0.479	1
ARHGAP1	0.124269849974116	0.27083038661055	0.389	0.188	1
NLRP1	0.124351922730396	0.334839630434201	0.222	0.104	1
STOM	0.124479909520845	-0.329713018313476	0.778	0.771	1
GRASP	0.124833483762462	0.520151731957415	0.5	0.292	1
ARID4B	0.124962516103351	-0.456463275922244	0.667	0.771	1
RGS2	0.125063998791621	0.296698814782409	0.556	0.333	1
PSMB7	0.125133987013448	0.350035190372327	0.611	0.396	1
MDM4	0.125243562908215	0.283290098217	0.639	0.417	1
CCNK	0.125385778128482	0.283108855928717	0.306	0.125	1
LRIG3	0.125424127782893	0.258983865941206	0.194	0.062	1
NDUFB7	0.125564894747752	-0.393834992982582	0.667	0.833	1
GLA	0.125717685745838	0.322722875622749	0.167	0.042	1
ACSL4	0.126018905209433	0.361031095147601	0.333	0.146	1
PPP1R18	0.126167619547466	-0.305482577136579	0.194	0.25	1
SRSF5	0.126331117967982	0.2999401332137	0.972	0.958	1
LDB2	0.126396666099214	-0.470460471107106	0.444	0.604	1
STARD3NL	0.126706175897723	0.303763613727001	0.306	0.125	1
TM2D2	0.12676297128257	0.305571843719675	0.306	0.125	1
NOP58	0.126783528292285	-0.48469406716684	0.361	0.542	1
ZFP91	0.127255802843146	-0.311312180014624	0.194	0.333	1
PPP2R3C	0.12749833497856	0.363255488823526	0.222	0.083	1
ARPIN	0.127560259194943	0.286367405915599	0.333	0.146	1
DHRS7	0.127698203747406	0.302814953657335	0.806	0.604	1
AQP1	0.127855089125333	0.440844648922442	0.806	0.604	1
OSBPL1A	0.128225265756185	-0.492085217687527	0.417	0.583	1
TAF15	0.12829991493741	-0.378940365488046	0.306	0.458	1
RAB11FIP2	0.128634288515705	0.369936038338279	0.333	0.146	1
REXO4	0.129202168678975	-0.282586192530207	0.056	0.146	1
SPRY4	0.129532777320461	-0.312180392469608	0.056	0.188	1
CREBRF	0.129887346249927	-0.377285448521831	0.556	0.625	1
HDAC2	0.13007265778489	0.351272067591182	0.389	0.25	1
ACTR2	0.130173532241457	0.385170911628459	0.694	0.521	1
CSPP1	0.130298944402141	-0.304645351754693	0.111	0.271	1
CCND3	0.130786395323898	0.325957604434321	0.306	0.146	1
FAT1	0.130815842630578	-0.334988870756218	0.111	0.208	1
PDE12	0.130823686346461	-0.25188946685356	0.083	0.146	1
JAM2	0.130944594025603	0.409109853325026	0.611	0.438	1
OLFM1	0.131356357380989	0.367895477742583	0.361	0.188	1
PGM5	0.13190563354425	0.427564111487842	0.667	0.458	1
SFRP2	0.132023220417797	0.255887762118566	0.111	0.021	1
SUMO3	0.132829483120422	0.359407554409417	0.472	0.271	1
EIF4E	0.133190192077066	-0.357230572083276	0.278	0.438	1
NEDD8	0.133683836275715	0.328325261887383	0.806	0.625	1
PLTP	0.133863135576752	-0.348080348436831	0.111	0.25	1
DAAM1	0.134228807087435	0.433929599365956	0.361	0.25	1
IPO7	0.134386228603997	-0.387335010746226	0.389	0.583	1
SEPHS2	0.135689807327931	-0.564340200609676	0.278	0.354	1
LEPR	0.135714058886361	-0.420501791107357	0.583	0.583	1
ARL5A	0.135909926969967	-0.447278768908676	0.167	0.292	1
SURF6	0.136397882840937	0.326672170195021	0.222	0.083	1
ZCCHC17	0.136653948702707	0.321187374984164	0.5	0.292	1
SLC25A24	0.136768885395483	0.392480420456642	0.361	0.188	1
ATG12	0.136845779454674	-0.384669741346605	0.167	0.354	1
ALDH3A2	0.137007762505724	-0.28594189307938	0.25	0.375	1
LGALS8	0.137178242992771	-0.347514636408585	0.139	0.271	1
TMEM141	0.13768383759717	0.273482831940718	0.278	0.146	1
KAZN	0.137974317792221	-0.285146430937874	0.028	0.146	1
CNBP	0.138012007484007	0.271281892197272	0.944	0.938	1
GLIPR1	0.138873292684573	-0.376275880100757	0.139	0.312	1
RIOK3	0.138879019551451	-0.364202813647522	0.278	0.375	1
RPL22L1	0.139474988077272	-0.353445178173513	0.361	0.521	1
ARID5A	0.139693927182151	-0.324243493056122	0.528	0.729	1
DYNLRB1	0.139839720430606	0.355612791090756	0.75	0.729	1
FASTKD2	0.139859719690108	-0.265056592511459	0.222	0.271	1
MDK	0.139945005514902	-0.500506058134047	0.528	0.542	1
PKN2	0.139968575773962	0.34265815400791	0.639	0.438	1
RANBP2	0.139969421485869	-0.276830935421011	0.556	0.5	1
PFN2	0.139983167499573	-0.258348560344079	0.111	0.271	1
METRNL	0.140853921170213	-0.260263525431639	0.25	0.458	1
BAZ2B	0.140882234108696	0.26445107775178	0.75	0.542	1
PARP1	0.142314012899607	0.36431761333223	0.389	0.292	1
PID1	0.142363105720736	0.356905927158439	0.25	0.104	1
CAMK2G	0.142975686965599	0.336641243501846	0.417	0.229	1
CH25H	0.142991163286398	-0.652348560556324	0.139	0.208	1
USP45	0.143000943620201	0.275632553453912	0.111	0.021	1
MMADHC	0.143173553205529	-0.283762190016195	0.361	0.417	1
GOLGA5	0.143452079250874	0.323612467533003	0.25	0.104	1
AKAP12	0.14395476232306	-0.674192795121038	0.694	0.812	1
DNTTIP2	0.144069125948738	-0.400533239809462	0.556	0.729	1
HSPA13	0.144084476914191	-0.293598179888827	0.194	0.208	1
OFD1	0.144294843147224	0.332065784205403	0.5	0.312	1
CYLD	0.144617487103834	-0.403053242329016	0.361	0.438	1
UBE2V1	0.144693648834754	-0.443027520854431	0.278	0.458	1
B3GNT2	0.14575436743451	-0.404434622377863	0.194	0.312	1
COL4A1	0.145849346270085	-0.505347189457863	0.5	0.562	1
CTPS1	0.146385425896507	-0.27003974212551	0.056	0.146	1
RIPK2	0.146594241491475	-0.251967464703829	0.056	0.167	1
ADAMTS9	0.14687688370039	-0.652537313849399	0.417	0.583	1
ARPC1A	0.146915558517355	-0.289958736680665	0.611	0.688	1
CPED1	0.147309671018364	-0.339360304321837	0.278	0.375	1
PIGBOS1	0.147548649636972	0.252513827736972	0.167	0.042	1
HSP90B1	0.147664294371579	-0.394107371803874	0.917	0.938	1
GNL3L	0.14768865751964	-0.38558148679747	0.056	0.188	1
DICER1	0.147733734008162	-0.359986355119129	0.222	0.417	1
FAM208A	0.148102578439369	0.330454765915953	0.278	0.125	1
JCAD	0.148136630442997	0.341376511933066	0.417	0.25	1
ZNF791	0.14838222137857	0.357387655967854	0.361	0.208	1
HSPB6	0.148440407781582	-0.358580397041429	0.333	0.542	1
TAP1	0.148477478163014	-0.299039045744853	0.5	0.542	1
LPAR6	0.148493143893494	0.261719309379504	0.5	0.292	1
IRS2	0.148503108006014	-0.297762920825653	0.111	0.25	1
NRP2	0.148650769501236	0.362673875037706	0.556	0.354	1
MPC1	0.148853868341225	0.333604291654469	0.556	0.354	1
TRMT10C	0.148960493795931	-0.387190323532158	0.25	0.417	1
RPA2	0.14923022407273	0.334623759293288	0.361	0.188	1
PTBP1	0.149540805060137	-0.254494771512421	0.417	0.458	1
DNAJB1	0.149801274656188	0.268802437572297	0.917	0.875	1
HAUS4	0.149964236128392	-0.305485482605953	0.111	0.271	1
TGFBI	0.150141137700366	-0.291366591598229	0.056	0.188	1
AKAP13	0.150418154159829	-0.489749023955174	0.444	0.604	1
PXDC1	0.150753290208764	-0.426762872977202	0.222	0.375	1
STARD13	0.150870436410629	-0.336968822802663	0.139	0.292	1
MYH10	0.150953295271197	0.267334901905537	0.5	0.292	1
NAF1	0.150973102870074	-0.372696691713526	0.194	0.292	1
TMX3	0.15099174879793	-0.293544540142359	0.056	0.188	1
NUP98	0.151347675834663	-0.318818273482902	0.194	0.375	1
STXBP6	0.151451927088899	0.350100905990254	0.222	0.083	1
PEF1	0.151457607026214	-0.34964240703131	0.278	0.333	1
CKB	0.151801882656196	0.541489101419141	0.806	0.771	1
BASP1	0.152059909865463	-0.273207822435916	0.028	0.146	1
PRKAR2B	0.152281056279837	0.341659005786224	0.25	0.146	1
PBX1	0.152651166115179	-0.325505701930784	0.806	0.729	1
M6PR	0.153161125298254	0.324493861462523	0.389	0.208	1
PRPSAP1	0.153434429033873	-0.314312017367604	0.278	0.458	1
MIS18BP1	0.153465946651153	-0.300066567931	0.083	0.229	1
EZR	0.154468900533345	-0.353245259837944	0.333	0.396	1
TM9SF3	0.154772569303708	0.366741169456977	0.694	0.542	1
ABLIM1	0.155062632529513	0.253904398966175	0.472	0.271	1
CYB5D1	0.155821158419472	-0.405565908004368	0.111	0.271	1
ZDHHC24	0.155841521845037	0.298400278616062	0.222	0.083	1
RASD1	0.155878656069312	-0.337946371339614	0.111	0.271	1
ACKR3	0.155879981532612	0.253037718148768	0.389	0.354	1
SNX16	0.156007314458976	-0.292717426577342	0.139	0.312	1
XRCC6	0.157195773047631	0.259151616765042	0.778	0.583	1
AKR1A1	0.157205870780219	0.363182508042495	0.333	0.229	1
ELOVL5	0.157325244196189	-0.323817986360633	0.222	0.417	1
GPKOW	0.157370667688442	-0.273885827294865	0.056	0.167	1
ZNRF1	0.157430474151645	0.287874829552201	0.361	0.188	1
BACH1	0.158011384761555	-0.364481412733937	0.25	0.396	1
RALB	0.158338278525639	-0.322768523147988	0.222	0.354	1
TFRC	0.158466117788644	-0.326787388306434	0.167	0.25	1
PWWP3A	0.158626268812536	-0.303086045758035	0.056	0.125	1
POLR2K	0.158776743383824	0.339784298775457	0.528	0.354	1
VPS13A	0.158916778951524	0.26739929033343	0.472	0.271	1
DEK	0.158952202028135	0.258286104336371	0.889	0.875	1
TWISTNB	0.159113840331759	-0.297122232583414	0.194	0.375	1
MCAM	0.159433221050475	-0.483022567383495	0.667	0.833	1
TMA7	0.159441553757329	-0.310575528355828	0.778	0.917	1
ATP5S	0.159530828778752	0.343465249653723	0.167	0.062	1
TBC1D2B	0.15998156511548	0.316722644860073	0.222	0.083	1
KRAS	0.159985378334794	0.396041486897804	0.5	0.312	1
CDK6	0.160301762492107	-0.296083443971495	0.139	0.271	1
VCPKMT	0.160667732931002	-0.250063922279439	0.028	0.125	1
CTSH	0.160829801449107	0.368925940560784	0.472	0.271	1
NOP56	0.161599773029884	0.258494444787518	0.667	0.458	1
BRD7	0.162085279286888	0.286192028193929	0.444	0.438	1
JUND	0.162123105739835	-0.276884457043656	1	1	1
UBE2E1	0.16250058003774	-0.29293000488438	0.194	0.333	1
CDK11B	0.163094640357022	-0.285547057925917	0.194	0.312	1
UBE2R2	0.163507228720218	-0.47005913544273	0.25	0.417	1
ENDOD1	0.163750916804547	0.351338355450943	0.5	0.312	1
BMP2	0.164050788726442	-0.301548280125049	0.083	0.125	1
INHBB	0.164203720545856	-0.308572251903218	0.083	0.229	1
SNRNP35	0.164221749608803	0.308504959835445	0.222	0.104	1
SNRNP25	0.164246120702595	0.282002871468389	0.306	0.146	1
MZT2A	0.16461279099866	0.320744254375256	0.583	0.375	1
ZFP36L2	0.164676966476963	0.37334827162395	0.861	0.75	1
PDGFRB	0.164692074936006	-0.363458900332738	0.5	0.562	1
MYRIP	0.165153175901528	-0.332755808079579	0.111	0.271	1
CCDC146	0.165620167883757	-0.294915002090626	0.056	0.104	1
THBD	0.165831775777557	0.331264605523205	0.778	0.583	1
SLC25A44	0.166049151521613	-0.334424221930829	0.139	0.312	1
ZNF706	0.166182188351221	0.361266832133352	0.556	0.354	1
ZNF667-AS1	0.166758150728993	0.320378037057163	0.444	0.271	1
RPL13A	0.167316124851472	-0.258051080340996	1	1	1
REST	0.16776903543719	-0.353787648831306	0.222	0.333	1
IGF1	0.167904634064874	-0.389334069805496	0.028	0.125	1
ZBTB37	0.168161366114426	0.274953230591486	0.194	0.062	1
THAP9-AS1	0.168737812476895	0.254745930307072	0.194	0.062	1
RCAN2	0.169157759800173	-0.493102794487556	0.361	0.542	1
IQGAP1	0.169262285111643	-0.271425695140374	0.694	0.854	1
SLC25A6	0.169291392827804	-0.359242327711911	0.75	0.854	1
TPST2	0.169431616038618	0.325497747209924	0.444	0.25	1
NUCKS1	0.169433736885766	0.264622070139507	0.944	0.938	1
ANKHD1	0.169885222570444	-0.404474081311372	0.222	0.333	1
TRIM24	0.169936579561989	-0.265223299397328	0.111	0.25	1
C1orf115	0.169975438417336	0.352732517904885	0.417	0.25	1
ANKRD36C	0.171061907280644	0.371021648897995	0.389	0.208	1
LAG3	0.171101586242563	0.325797953343144	0.194	0.083	1
CSNK1D	0.171723443447157	-0.417259836082713	0.361	0.521	1
TSEN34	0.171757229831868	0.312656858788576	0.333	0.188	1
ABI2	0.171865144418508	0.289867078618337	0.444	0.25	1
LMAN2	0.172008673724929	-0.314990978541972	0.306	0.479	1
SORT1	0.172037484783627	-0.397426816217736	0.306	0.417	1
NPNT	0.172167350240482	-0.353189157266974	0.25	0.333	1
RBM3	0.172361595743605	-0.250592430429397	0.75	0.792	1
JMY	0.172542817101396	-0.405234834067956	0.194	0.375	1
SPCS2	0.172742667215215	-0.273553804868585	0.556	0.75	1
POLR2J	0.172919156458416	0.319526451206047	0.444	0.25	1
CCS	0.173182312416499	0.250026301427643	0.444	0.25	1
PSMB3	0.173272449167646	0.334942079230453	0.639	0.438	1
TRIM2	0.173280308608192	-0.290577726284752	0.056	0.167	1
WWTR1	0.173363268226983	-0.420261789483943	0.5	0.625	1
MAGEH1	0.173486994899704	-0.283218346871831	0.222	0.292	1
AL118516.1	0.173914665679814	0.313472299818029	0.222	0.083	1
ZMYM1	0.174220589786024	0.274110104203077	0.167	0.062	1
FYN	0.174488108981711	-0.386323259058633	0.167	0.333	1
MSL3	0.174707789812206	0.310883592679305	0.194	0.062	1
AKAP17A	0.175144381692052	-0.264708188539636	0.083	0.229	1
OIP5-AS1	0.175219773115375	-0.268430749703875	0.139	0.188	1
AREG	0.176557268920426	-0.57287052950739	0.111	0.271	1
CHRDL1	0.176684669632012	0.298133600175926	0.194	0.062	1
MICAL2	0.176686170460065	-0.457488748362499	0.194	0.375	1
PHPT1	0.176818458050506	-0.290113621561146	0.611	0.646	1
ELOC	0.176974128437789	-0.472225030721918	0.694	0.729	1
RPS2	0.177123664518306	-0.335306746280691	1	1	1
LINC01197	0.177303366338237	-0.263746671458325	0.056	0.188	1
CGAS	0.177441603295344	-0.278363209169239	0.056	0.188	1
AAK1	0.177560932066604	-0.370981166419722	0.306	0.396	1
CASP8AP2	0.177758188768366	0.302844059022431	0.361	0.188	1
AC116366.1	0.178113854707476	-0.335691131729308	0.25	0.312	1
GKAP1	0.178837633184526	-0.312983761017769	0.111	0.25	1
SSBP2	0.178945258983951	0.292931230983706	0.417	0.229	1
HEG1	0.17928168652702	0.365351632133672	0.5	0.312	1
SELENOF	0.179284381493496	-0.34661498114139	0.389	0.521	1
VTI1B	0.179389622193787	-0.293428744628283	0.25	0.375	1
GATAD1	0.179552749811149	0.333328789120737	0.528	0.333	1
CCDC3	0.179733715088453	0.413863793273018	0.583	0.458	1
GABBR1	0.180027509292587	-0.343055045070677	0.139	0.292	1
SRFBP1	0.180135636797894	0.308838171305976	0.417	0.229	1
MRPS10	0.180592046521498	0.312318911817815	0.361	0.188	1
C1orf21	0.180697042239167	-0.303192568093288	0.222	0.396	1
CRYAB	0.180825867345048	0.59057600261331	0.861	0.792	1
RPS21	0.181139919744228	-0.271615209052797	1	1	1
SFRP1	0.181340870029678	-0.525639048362709	0.056	0.188	1
DPYSL3	0.182076859334537	0.306680579990154	0.528	0.333	1
SH3GLB1	0.182420027607558	0.395954316598661	0.778	0.604	1
ATP6V1G1	0.182475370990004	-0.301421042621022	0.694	0.812	1
SDF4	0.182670956059006	0.364965313271731	0.444	0.271	1
TSPYL2	0.182677601663089	0.36751321482414	0.667	0.542	1
MNAT1	0.18293065314265	0.328598694325135	0.417	0.229	1
PRXL2A	0.183167679003432	-0.305258134993555	0.139	0.292	1
CSDE1	0.183180502602565	0.288846209094047	0.917	0.833	1
FAM172A	0.183219958772559	-0.260624790613687	0.083	0.229	1
GLRX5	0.183221349330499	0.296370971753435	0.389	0.271	1
THY1	0.183424065643315	0.441547991488901	0.167	0.062	1
COPS9	0.183880848731599	-0.282545348060607	0.556	0.583	1
COMMD2	0.184148323661145	-0.337729135105745	0.167	0.312	1
GCC2	0.184872253495937	0.301782388956148	0.639	0.438	1
RAB5A	0.184907822895599	-0.34546860223043	0.389	0.521	1
YTHDC2	0.184936696711583	-0.298788514274265	0.083	0.208	1
TMEM18	0.185057400704809	0.355472277164381	0.528	0.354	1
GFOD1	0.185307401138254	-0.361870194163115	0.222	0.333	1
ALG13	0.185461976086512	-0.339803189727174	0.333	0.312	1
SBDS	0.185627934618805	0.350450123221963	0.944	0.854	1
CACUL1	0.185656284888165	0.293531299509058	0.333	0.167	1
ARL2	0.186108379841635	0.300287690195692	0.694	0.5	1
GUCY1A2	0.186348395694649	0.362410711478382	0.306	0.146	1
LPCAT4	0.186494757816435	0.289502639229723	0.222	0.083	1
MFSD14A	0.186629645813336	-0.286162817559232	0.139	0.229	1
FILIP1	0.186942346246606	0.386332157442824	0.667	0.479	1
SUN1	0.187013482629878	-0.324726632674032	0.389	0.521	1
ETS2	0.187052066699953	-0.412545218951081	0.889	0.958	1
ACTR3	0.187205529893362	0.353878757882396	0.611	0.521	1
NFAT5	0.187350345886404	0.328379731081911	0.611	0.417	1
ACTR1B	0.187402151768318	0.286618150799467	0.222	0.083	1
OGT	0.187780142829332	0.255773976530798	0.361	0.188	1
FN3K	0.187821937912331	-0.458585922704553	0.083	0.167	1
RSRC2	0.187957898525754	0.357697750573797	0.75	0.688	1
ACTG2	0.188090795888601	0.962400571528559	0.556	0.458	1
IL6	0.188299582164712	-0.436493214058932	0.194	0.375	1
TUG1	0.188557015307736	-0.38413806449679	0.111	0.25	1
TENT5C	0.188694887983301	0.335409580234909	0.222	0.083	1
MAP9	0.18883051676492	0.31831188988271	0.25	0.146	1
SOCS3	0.189503789183622	0.436316976628573	0.972	0.938	1
RUNX1T1	0.189763149180963	0.391894967384994	0.417	0.25	1
EIF3D	0.189970377883062	0.256569783152709	0.75	0.562	1
HINT3	0.190205163790889	0.267528315223656	0.25	0.104	1
HOXD8	0.190549151042724	0.30875786282816	0.306	0.146	1
APP	0.191356441028103	-0.314478756000383	0.833	0.917	1
UGGT1	0.191851567602367	-0.317744372400174	0.111	0.208	1
PODXL	0.192095094093976	-0.261345078360366	0.361	0.312	1
ATE1	0.192320463089797	0.28329686826879	0.361	0.208	1
PTPRM	0.192451632080865	0.27802621233578	0.389	0.208	1
LAMTOR2	0.192703335888017	0.347539191773767	0.417	0.25	1
SURF1	0.193109680332338	-0.353481446641966	0.25	0.354	1
CUX1	0.1931638117141	0.325225407589206	0.528	0.458	1
BCL9	0.194172500551449	0.266229316028493	0.25	0.104	1
TM2D3	0.195454556243212	0.269173784996624	0.389	0.208	1
PALMD	0.196509626704173	-0.311245067801209	0.306	0.5	1
SELENOS	0.19666605314521	0.313401873056434	0.694	0.5	1
FEZ1	0.196965043309396	0.281114543090981	0.194	0.104	1
MALSU1	0.197454492777234	0.285876243315178	0.361	0.188	1
COX6C	0.19764816262985	-0.318670151076738	0.944	0.958	1
TOMM5	0.197762412689811	-0.261527548728276	0.222	0.312	1
SH3BP2	0.197883985220754	0.266376382882515	0.167	0.062	1
MYNN	0.198158885774218	0.262226855378541	0.278	0.125	1
SPARC	0.198447046408939	-0.303536306988486	0.694	0.854	1
IFNAR1	0.198590129636113	-0.320258674141655	0.333	0.438	1
SRSF9	0.198774309694854	0.339113716161402	0.639	0.458	1
NORAD	0.198869515087806	-0.349290274940758	0.611	0.771	1
ARHGEF17	0.199075436807204	-0.338970458865276	0.139	0.292	1
C18orf32	0.199097914091684	-0.263850554276446	0.361	0.396	1
ATRX	0.199228165435944	-0.251421853474149	0.75	0.896	1
LEMD3	0.199575312959401	0.28014288669631	0.25	0.125	1
ALKBH7	0.199765487487081	-0.388228985497729	0.472	0.625	1
FKBP5	0.199878949824218	-0.382114026892384	0.444	0.542	1
PLPP5	0.200194688473228	0.343311700204823	0.25	0.125	1
TLR4	0.200402631673964	-0.323637220636019	0.083	0.208	1
CCDC92	0.200618411180939	0.344069311962234	0.306	0.146	1
RPL36AL	0.20072738459477	-0.279114609977956	1	0.979	1
TRAPPC5	0.201077472033218	-0.313994978057596	0.111	0.25	1
PITHD1	0.201350129610629	0.263018983769414	0.528	0.333	1
IMPDH2	0.201406211164302	0.283771026373008	0.528	0.333	1
SPRED1	0.201641729425768	-0.304340553320623	0.139	0.229	1
PDZRN4	0.201852476648111	0.286915100046193	0.306	0.146	1
ELF2	0.202321965165505	0.298118747477487	0.611	0.417	1
SLIRP	0.202476355619653	-0.265579826895522	0.5	0.583	1
TRMT112	0.202502903981856	0.318431071561282	0.806	0.729	1
TRAPPC4	0.202961521496434	0.269997917809775	0.361	0.188	1
SKI	0.20302074852572	-0.303170414344768	0.444	0.521	1
HLA-DPB1	0.203206348616154	0.29790179993537	0.722	0.708	1
DHX40	0.203292231084008	-0.281942644472388	0.194	0.271	1
TMEM181	0.203585012506106	0.295836169461214	0.333	0.167	1
SIAH1	0.203670979865667	0.284139352815224	0.361	0.188	1
TEAD1	0.203780334297415	-0.361772197441691	0.389	0.438	1
SLC4A1AP	0.204017225917138	0.260561030726483	0.25	0.104	1
SNRNP70	0.204561270180986	-0.334652467307489	0.472	0.625	1
RSRP1	0.205051214583871	0.407213626721532	0.639	0.625	1
NSA2	0.205273427431211	-0.386660768133564	0.833	0.854	1
HMGB1	0.205559670705073	0.255832721803393	1	1	1
PER3	0.205570027086054	0.377004421600779	0.583	0.438	1
ZPR1	0.205703361358083	-0.272402038936092	0.083	0.208	1
HIGD1A	0.205704919632033	0.304008376072445	0.306	0.146	1
HRC	0.206250613212558	-0.287834231411675	0.056	0.167	1
HCG18	0.206325240982679	-0.358530882732578	0.194	0.354	1
TNFRSF10B	0.206644934914842	-0.269401481972821	0.167	0.333	1
IL1R1	0.207004907420226	0.318976515274617	0.444	0.333	1
NDUFA13	0.207550888330684	-0.293852610119469	0.833	0.833	1
SNRPA	0.208094551958001	0.26341233128736	0.333	0.208	1
CARD16	0.208503154300923	0.320866310822632	0.361	0.208	1
CLASRP	0.209081662840629	-0.264626002754284	0.083	0.146	1
HEXIM1	0.20917816874444	0.338504031359241	0.778	0.646	1
VWF	0.20952478126726	-0.37954741687613	0.722	0.833	1
NMRK1	0.209693782825958	0.255557619000585	0.278	0.125	1
PDCL	0.209801511220368	0.300641187605963	0.306	0.146	1
GFPT1	0.20984416872781	0.282170389381998	0.333	0.167	1
MARCH5	0.209859256720996	0.290806050454538	0.278	0.125	1
SCAND1	0.210516152461541	-0.313863872566406	0.389	0.562	1
XAF1	0.210821080188743	-0.500275465485973	0.444	0.542	1
SLC16A7	0.211220242561288	0.269352092641564	0.278	0.125	1
COPS3	0.211461458603675	0.259199790492354	0.333	0.208	1
ITCH	0.212041103875664	0.280663907445197	0.278	0.125	1
FAM50A	0.212206943889943	-0.309137907381142	0.306	0.417	1
PPA1	0.212732097516804	-0.391744504731359	0.556	0.667	1
B4GALT1	0.213235854564569	-0.334029858274751	0.333	0.479	1
MYO1B	0.213438446444239	0.261432680814493	0.278	0.125	1
UBR2	0.214028252615201	0.269450058961276	0.278	0.125	1
ITGA2	0.214175865046056	-0.279604000128164	0.056	0.167	1
AK9	0.214939993241951	0.267360827341558	0.167	0.062	1
RBMS2	0.215028945335614	-0.283646691138761	0.167	0.271	1
IFI16	0.215564058367108	-0.413292946079173	0.833	0.917	1
RNF5	0.215850352127293	0.297390535148297	0.333	0.229	1
TSNAX	0.215952345623943	-0.294067722969037	0.194	0.354	1
ACO1	0.215953360484085	-0.267551172883568	0.222	0.292	1
NTMT1	0.2161060645584	-0.337399706397832	0.111	0.208	1
CNRIP1	0.216157760246014	0.304461639325816	0.361	0.208	1
CYTH1	0.216357960626198	-0.32172390608863	0.306	0.271	1
VPS13B	0.216462802155002	-0.250491106010334	0.111	0.25	1
NAB2	0.216560293602075	-0.262767700479246	0.028	0.125	1
DNAJB6	0.218615011006265	-0.292095207883657	0.5	0.688	1
MTDH	0.219343735455977	0.355235465451841	0.778	0.688	1
CIR1	0.21967936901024	0.321203112326194	0.5	0.312	1
PRDX2	0.21979054969662	0.27148391640885	0.889	0.75	1
PRKACB	0.220103430338477	-0.327433535308754	0.167	0.25	1
PPDPF	0.220185500402533	0.271206012145937	0.861	0.708	1
SEPTIN10	0.22044195034242	-0.27228735627072	0.167	0.312	1
KRTCAP2	0.22081924631605	-0.336719342045281	0.556	0.583	1
NAP1L3	0.220897915519355	-0.270030424660694	0.056	0.167	1
ITPRIP	0.220904989051986	-0.333823171727871	0.194	0.271	1
CENPB	0.221503710162979	-0.258375453694071	0.167	0.292	1
LAMB2	0.221781589077419	-0.298489229483442	0.417	0.5	1
TBCD	0.221784175584063	-0.254911527962737	0.083	0.146	1
ARHGEF7	0.222645715120016	-0.381341787767897	0.306	0.417	1
RHOQ	0.222742065086265	-0.363907294199549	0.417	0.583	1
RASSF3	0.223010963104396	-0.309072780652287	0.222	0.354	1
THOC7	0.223015495963441	0.337078043582032	0.556	0.375	1
RAB1A	0.223587976911521	-0.272785300201465	0.556	0.688	1
PSME1	0.224245622340157	-0.310957364849855	0.694	0.792	1
PPARG	0.22434723781595	0.250026553368001	0.167	0.062	1
TAF4B	0.224475718839732	-0.281323294961435	0.028	0.104	1
RAD23B	0.224492399866812	0.285485836540534	0.472	0.292	1
HES4	0.224654879502319	-0.502791982949713	0.444	0.583	1
NIP7	0.224740993090265	-0.311294709420879	0.139	0.292	1
ATP1B2	0.225239944938637	-0.348563271580282	0.167	0.271	1
DARS	0.225486020663872	-0.322039689251174	0.278	0.458	1
Z93930.2	0.227199086579091	-0.258716382811008	0.028	0.125	1
RAB27A	0.227379596417203	-0.291337925463491	0.139	0.229	1
PKIG	0.227444382308759	0.314914950281565	0.556	0.458	1
TSPAN9	0.227808828643581	-0.261219042771006	0.139	0.292	1
ENG	0.228313326776385	-0.367800029488568	0.361	0.521	1
SAMD9	0.228331078159581	-0.267991390964933	0.139	0.208	1
SLC10A3	0.228642737069197	0.272562354941334	0.167	0.062	1
TRIM22	0.228699170216015	-0.262605723440094	0.278	0.458	1
PSMA3	0.229642779637047	-0.265789126590055	0.417	0.604	1
C9orf72	0.229898359543929	-0.262684601492212	0.139	0.271	1
RPP30	0.229963793293087	-0.287407304055758	0.167	0.292	1
ATP5PO	0.230185185931017	0.34830775279784	0.806	0.729	1
PLSCR4	0.230300539712249	0.253177998241819	0.444	0.271	1
TAPT1	0.230702972826044	-0.268569745740627	0.111	0.25	1
MLXIP	0.230870938252282	-0.286688809640193	0.278	0.375	1
OSGEP	0.23194525345799	-0.269868923660349	0.194	0.292	1
USP12	0.232045205951226	-0.265147209071005	0.389	0.479	1
JAG1	0.233305056172994	-0.28970233367943	0.444	0.438	1
HERC6	0.233474643012924	-0.306405830657687	0.111	0.25	1
F8	0.233592004146749	-0.279745681587416	0.222	0.396	1
PHF14	0.233896919627426	-0.36701262916531	0.444	0.583	1
NOC2L	0.233963613068394	-0.251430650099171	0.167	0.312	1
RBMS1	0.234841474017435	0.296276206539946	0.639	0.479	1
RAMP1	0.234938202001794	-0.355170559079015	0.722	0.812	1
YTHDC1	0.235193051424521	0.28704407672215	0.75	0.583	1
RUVBL2	0.236979606194333	0.269831016685381	0.278	0.146	1
DENND4A	0.237049920603382	-0.260407983784497	0.139	0.292	1
ACTN4	0.237586888981573	-0.442686746063132	0.722	0.833	1
FBXO17	0.23761661867723	0.282026827284575	0.25	0.146	1
PLD3	0.238019626692096	0.302847336617708	0.306	0.167	1
RBM4	0.238133297907338	-0.379897843497574	0.25	0.375	1
QARS	0.238618210676654	-0.280334579057103	0.167	0.229	1
PTPRF	0.239494287557888	-0.294491733345886	0.083	0.188	1
POLR2E	0.239494288052295	0.320255448175529	0.389	0.312	1
FMOD	0.239569272309375	-0.259262425616375	0.028	0.125	1
AC091271.1	0.240742517206262	0.318649534288497	0.222	0.125	1
CAMK2D	0.241320153273956	0.293722256909657	0.389	0.229	1
CCNH	0.241496012343807	-0.416428060648253	0.417	0.583	1
TPM1	0.241573687110923	0.258416538194415	0.972	1	1
AKIRIN2	0.242254564248684	-0.250535171628722	0.111	0.229	1
ECRG4	0.242362612020179	-0.406776287194159	0.139	0.271	1
NDUFB11	0.243070474310187	-0.281820580302257	0.583	0.708	1
OGFOD1	0.244504696881271	-0.267708258716501	0.111	0.208	1
MAGI1	0.244638368596271	-0.332950786556072	0.194	0.312	1
ARHGEF10	0.244744554106268	-0.344952916675837	0.083	0.188	1
KCTD10	0.245027046710582	-0.260457854657724	0.194	0.312	1
UBAC1	0.245772802668158	0.258023790311494	0.333	0.208	1
ABHD11	0.246700347991324	0.26183942830675	0.139	0.042	1
GIMAP7	0.247447131893366	0.384209264202923	0.5	0.479	1
HMGCS1	0.247640258098239	-0.274831307988388	0.25	0.312	1
STK25	0.247693697852905	0.289882835122062	0.361	0.208	1
GZF1	0.247844471727156	-0.333563888464979	0.167	0.312	1
OAZ2	0.249121929963639	-0.251703405056076	0.306	0.375	1
ZFX	0.24976149002975	0.329907891472494	0.472	0.312	1
CPE	0.249830339630171	0.305036100718088	0.889	0.75	1
DPY30	0.2498698623628	0.253917525112184	0.389	0.229	1
ATXN7L3B	0.25025290945709	-0.294137334959821	0.444	0.5	1
VASP	0.250626318537442	0.320678685819474	0.444	0.354	1
UBE2M	0.250957285819642	0.292377667163953	0.528	0.5	1
C1GALT1C1	0.251158938171179	0.289225798183995	0.139	0.062	1
ELP2	0.251315111489786	-0.284383169217044	0.139	0.25	1
CPT1A	0.251883675289064	0.330885464518495	0.444	0.292	1
ZC3H7B	0.251952486248795	-0.275347199643049	0.083	0.167	1
GIMAP6	0.252597956179454	-0.27967522133436	0.25	0.333	1
YWHAG	0.253176665607652	-0.29447407202	0.444	0.625	1
CLEC14A	0.253538386729197	-0.321086205540289	0.528	0.688	1
CYB5A	0.254913697648547	0.256289555656778	0.5	0.354	1
CPD	0.254929724023545	-0.284646062190168	0.194	0.333	1
ATP6AP2	0.254955697469742	0.260524564953518	0.694	0.521	1
TSPAN2	0.255132717848034	0.254823823876038	0.333	0.312	1
MSRB3	0.255224826844161	0.329168555132956	0.639	0.458	1
PA2G4	0.256312819878199	-0.274001439641889	0.667	0.667	1
GNG12	0.257028142110493	0.254423417523032	0.639	0.458	1
SLC39A1	0.257081494026201	0.312405320181462	0.389	0.229	1
SP110	0.257305605438177	0.292966991906109	0.306	0.229	1
TCEAL7	0.257793311965016	0.448358257514933	0.139	0.104	1
DNAJC13	0.258018705610759	-0.252174234858153	0.083	0.208	1
RBM38	0.258321131748089	-0.283873105813388	0.111	0.229	1
RNF216	0.258526175250754	-0.302187268234629	0.222	0.354	1
ISG20L2	0.260136306574737	-0.272448871894868	0.25	0.312	1
TPM2	0.261214892504705	0.271574929029598	0.972	1	1
ADGRL3	0.26141210221824	0.344249901383181	0.278	0.188	1
LINC00632	0.261432306255604	-0.387571673969152	0.083	0.188	1
MAPKAPK2	0.261646852206179	-0.263204654783336	0.306	0.458	1
SLC9B2	0.262083670547435	-0.290327144200425	0.139	0.229	1
PIM3	0.262676510573432	0.370418500622988	0.417	0.25	1
DDX1	0.262814413174166	-0.312677976686838	0.333	0.479	1
PTPRD	0.264039624477001	-0.256894079173473	0.083	0.167	1
MLKL	0.264446986638447	-0.28227233810602	0.194	0.354	1
GTF3C4	0.264936218050879	-0.305100279501073	0.111	0.208	1
AMD1	0.26518215697495	-0.36183007936178	0.667	0.625	1
RIT1	0.265261590982388	0.263289373196114	0.361	0.229	1
S100A4	0.267045023607974	-0.40544922344203	0.556	0.708	1
HERPUD1	0.267090662590229	-0.309007200064269	0.667	0.812	1
LAMA4	0.267376921297714	0.383379117770449	0.389	0.292	1
C16orf87	0.268038203591197	-0.257723974678179	0.111	0.229	1
REEP1	0.269049201595161	-0.258338327179985	0.111	0.146	1
PRELID1	0.269079237840132	0.27532000503242	0.5	0.479	1
AIMP1	0.269359549028164	-0.275498909255744	0.417	0.583	1
NR3C1	0.269421114443013	-0.285731312562565	0.556	0.604	1
ZFHX3	0.269689961590025	-0.370023040832993	0.472	0.604	1
ACTG1	0.270798034662615	0.259813716191309	1	0.979	1
SEC23IP	0.271908426686952	-0.288626586595778	0.139	0.229	1
SMARCA5	0.272180419926444	0.282724816117118	0.694	0.604	1
PCGF5	0.272363711001621	0.280015712229578	0.389	0.271	1
FUBP1	0.27380864101619	-0.408042379339394	0.333	0.396	1
FAM184A	0.273882060409438	-0.368415756362161	0.083	0.188	1
C6orf62	0.273958651710284	0.258950892543399	0.667	0.5	1
RBBP4	0.273972769861925	0.287541167942969	0.472	0.375	1
MYCT1	0.274360426913762	-0.292212338654111	0.194	0.333	1
ITPR2	0.275164134398599	-0.381570942838253	0.111	0.208	1
SNHG15	0.275959394707874	-0.449332095747237	0.361	0.5	1
MINDY2	0.276129792019852	0.271395501859205	0.694	0.542	1
MARCH6	0.277884683161636	-0.273746315528286	0.472	0.521	1
IFIT5	0.277933123617635	-0.288321676976452	0.139	0.229	1
PPP1R21	0.277982180999486	0.274418568408487	0.25	0.167	1
GLOD4	0.278043451018446	0.31605176604587	0.389	0.292	1
ATXN1	0.278367510272832	0.353843709002726	0.333	0.188	1
CHML	0.279809140174934	0.256474281985047	0.333	0.188	1
SZRD1	0.279950952929588	-0.322222144385679	0.167	0.312	1
MRPL10	0.280212978553465	-0.344081952626391	0.139	0.208	1
BNIP3	0.280279547499045	0.329071619225187	0.306	0.167	1
MAML2	0.280412489778098	0.3300232339418	0.25	0.125	1
USP36	0.280612475124302	-0.307799571801449	0.167	0.312	1
SNRPA1	0.280870221760736	0.294915358529095	0.361	0.25	1
ANP32E	0.281339844443463	0.310326906925874	0.472	0.312	1
NAPA	0.282185078732586	0.267591111723568	0.389	0.229	1
MIR99AHG	0.282836490043894	0.263232441608716	0.361	0.208	1
ZZEF1	0.283236887482506	-0.276878476151	0.083	0.167	1
CFDP1	0.283554980042996	-0.269122990415482	0.556	0.667	1
SSR2	0.284054055340793	-0.272533191336265	0.528	0.688	1
VMP1	0.284317242865839	-0.304980949699423	0.389	0.562	1
ATP2B1	0.284790631721456	0.273161911095811	0.5	0.333	1
SELENOM	0.28527237947264	0.327130400681782	0.972	0.938	1
BTN3A2	0.285575118875504	0.255390278502099	0.389	0.229	1
DIP2C	0.285711493833552	-0.26373626488148	0.083	0.188	1
TSHZ2	0.286287290088434	-0.276544271962847	0.556	0.562	1
CYC1	0.286325490949028	0.29768182069777	0.556	0.396	1
CCNT1	0.286399460736965	-0.311662191079652	0.361	0.5	1
TLN1	0.28640306116237	0.25610225731447	0.972	0.917	1
KCNQ1OT1	0.286410788327562	-0.325159843646266	0.75	0.688	1
NARS	0.286429558542303	0.399492043828204	0.389	0.333	1
PREX2	0.286939251725222	-0.300745935079034	0.222	0.292	1
LRRC8C	0.287223181940253	0.286712565400825	0.194	0.104	1
MYLK	0.288355506321311	0.416147537860793	0.889	0.917	1
TAF7	0.288497653838639	0.262038256289742	0.778	0.625	1
TOP1	0.289757680329914	-0.323466915426288	0.694	0.729	1
HYAL2	0.289943433090641	0.464135658902782	0.472	0.375	1
FAM177A1	0.290252422458357	-0.359888354973065	0.444	0.542	1
UBAP2	0.290262235871894	0.292613537517247	0.222	0.104	1
MRPL22	0.290329479896789	-0.296061589389733	0.194	0.333	1
TCEAL2	0.29146784723108	0.313951058645294	0.333	0.25	1
VAPA	0.291477647150363	-0.272774154439642	0.694	0.771	1
NDUFA12	0.291679467074264	0.311676956270128	0.583	0.479	1
C7	0.291850133775271	0.443243511594078	0.222	0.104	1
NAA20	0.293299032620442	0.25963180800085	0.444	0.292	1
DRAP1	0.294388122193287	0.271046344467123	0.5	0.354	1
ZNF644	0.29461840377591	-0.300687194588744	0.5	0.562	1
CALR	0.295979404580749	-0.268135352927755	0.833	0.938	1
TSPO	0.296999398968909	0.270899394386228	0.75	0.604	1
IMP3	0.297234484514263	0.253324826049718	0.222	0.146	1
LMO4	0.297613401521179	-0.270243883806939	0.694	0.812	1
PTPN1	0.298101109579967	-0.304055974808681	0.333	0.458	1
FBXW11	0.299036718496757	-0.281833337726027	0.278	0.396	1
C16orf45	0.299110782291654	0.277146695733281	0.25	0.167	1
BCCIP	0.299282118207235	-0.286056298333026	0.194	0.271	1
WSB1	0.299690522684328	0.302522898477122	0.944	0.875	1
BCL2	0.300333377269774	-0.270091798878477	0.222	0.354	1
LSM4	0.300777287455351	-0.290542128845343	0.278	0.417	1
CRABP2	0.300863297589032	-0.313351314877676	0.111	0.208	1
EVA1B	0.301145036230906	-0.262488263855768	0.194	0.292	1
RPA1	0.301507016071374	-0.268463525801406	0.111	0.208	1
RSPRY1	0.302373403336007	0.271009475543184	0.222	0.104	1
AAED1	0.302896442213061	0.290431431736828	0.278	0.146	1
TRIM44	0.303999047150195	-0.273197658842926	0.444	0.562	1
MOB2	0.304148108083006	0.273588809849776	0.5	0.333	1
TXNRD1	0.305231190615243	-0.321436550114498	0.306	0.396	1
PCYOX1	0.305494758303056	0.330545519960371	0.556	0.458	1
WDR43	0.305708359755157	-0.3107566262298	0.25	0.354	1
ADM	0.307688845853408	0.274873430443055	0.306	0.167	1
TNFAIP3	0.307940245442261	-0.463089104687666	0.278	0.375	1
DYNLT3	0.308332457876688	0.275389257448828	0.389	0.312	1
BICC1	0.30905396932916	0.294617975402189	0.111	0.042	1
STC1	0.309350498620486	-1.22314536149188	0.111	0.167	1
PDZD8	0.309830050953911	0.268427071052119	0.417	0.271	1
TTC19	0.310869143709479	-0.284937188771168	0.278	0.438	1
ISYNA1	0.312025123973134	-0.306280449086569	0.222	0.375	1
HLA-DQA1	0.312074416549623	0.35687357470921	0.333	0.229	1
SYNPO2	0.312436905534465	0.385277419800893	0.944	0.854	1
ADGRF5	0.313075759189156	-0.289550283656052	0.278	0.438	1
UGP2	0.313713428982367	0.337478661107548	0.667	0.562	1
CLTB	0.313759884527903	0.313317778939209	0.556	0.438	1
CPQ	0.313920408127566	0.3396133967208	0.444	0.354	1
ADAMTS4	0.314042516861654	-0.399141569262985	0.417	0.417	1
ABCC9	0.314141001249057	0.321215803247598	0.444	0.292	1
RAMP2	0.314274235108769	0.431957235614495	0.556	0.542	1
CSF3	0.315248793523728	0.329769362533348	0.25	0.125	1
FHL5	0.315686719993544	-0.258720425366547	0.222	0.375	1
VCL	0.315881725033041	-0.25517306889236	0.528	0.688	1
MUM1	0.317053206651923	0.273495755747093	0.139	0.062	1
CDS2	0.317172103778676	-0.271168418459057	0.306	0.438	1
COPS6	0.318695708609124	0.266302818976402	0.528	0.438	1
NAMPT	0.318698180083801	-0.298035582499925	0.722	0.854	1
PUS7L	0.318962998122659	0.265324606527226	0.222	0.104	1
PDE3A	0.320499261250839	0.250217724768316	0.25	0.208	1
CEP85L	0.320521308374953	-0.264860429015563	0.25	0.354	1
AP1S2	0.320792108047201	0.362172518605138	0.611	0.479	1
PPTC7	0.321222288292298	0.259303580970299	0.194	0.083	1
PMAIP1	0.32151397345	-0.330695787768708	0.083	0.167	1
ACTR10	0.322746538837481	0.314814387638773	0.389	0.271	1
SLCO2A1	0.323145509051469	-0.383959155641124	0.194	0.312	1
MATR3.1	0.324332063186823	0.261722082966626	0.194	0.083	1
PRRX1	0.325116412058266	0.408924558763933	0.5	0.438	1
INPP1	0.325980976449258	0.291934695288663	0.389	0.25	1
CREBZF	0.326200741949142	0.27890379851746	0.389	0.25	1
KLF9	0.326938642267428	-0.335171198506953	0.778	0.875	1
UBE2V2	0.327526726080806	0.317732635128488	0.472	0.333	1
NFE2L2	0.327793009551625	-0.374548580751206	0.806	0.833	1
TFAM	0.328918256101379	-0.25419738609628	0.25	0.396	1
SORBS2	0.32901790492448	-0.309209244469494	0.444	0.604	1
SLC9A3R2	0.329185344448695	0.327025567190308	0.417	0.333	1
PSMD8	0.331068973730325	-0.263130152350016	0.556	0.625	1
PPIG	0.331433552917434	0.253722956477106	0.75	0.667	1
GLUL	0.331643512514103	0.302322112534192	0.694	0.708	1
ATP5MC2	0.33167657690853	-0.328129379284103	0.861	0.917	1
BEX3	0.331801015368066	-0.257908065479772	0.639	0.688	1
NNMT	0.333378518563882	-0.289231183308964	0.444	0.604	1
NTRK3	0.334063740971721	-0.258386014815494	0.333	0.354	1
AVPR1A	0.334254196169392	-0.33283513911683	0.139	0.229	1
KLF6	0.336589076685717	-0.364771069876979	0.694	0.792	1
UHMK1	0.336827958435888	-0.289052139989562	0.083	0.188	1
MDFIC	0.337122737341134	0.267786778909171	0.5	0.354	1
CD79B	0.337258044094909	0.272851522317551	0.278	0.167	1
CUL1	0.338400372463828	0.271317552813343	0.278	0.167	1
SCYL2	0.340037529408155	-0.326841262083319	0.139	0.188	1
CLEC2B	0.340257572958742	0.407234854038285	0.5	0.354	1
CBR3	0.34033138221783	0.328450655032504	0.306	0.229	1
CSNK1A1	0.340573351947737	-0.331552945873929	0.694	0.812	1
LRRFIP1	0.340805112397741	-0.306825157907546	0.806	0.896	1
MAN1A2	0.342059414706766	0.270558250172762	0.5	0.458	1
GNG10	0.344294681454472	-0.303024013257237	0.194	0.333	1
KTN1	0.344689528660601	-0.323619887881978	0.917	0.958	1
RNF114	0.345063909956765	-0.272032255105357	0.194	0.271	1
DCTN3	0.345408961879465	0.296631921188801	0.472	0.375	1
DCN	0.346144024078143	0.757183628985908	0.75	0.625	1
UFD1	0.34695389562986	0.282437803991519	0.389	0.25	1
USP11	0.347180901113489	-0.265618081800774	0.278	0.354	1
CASK	0.348735932387938	-0.252232503613576	0.194	0.333	1
ZC3H18	0.350526560749074	-0.250632197143656	0.278	0.354	1
GAS6	0.350642705566814	0.342833915568622	0.5	0.438	1
MYO9A	0.351018724001803	-0.258952135418962	0.306	0.458	1
PPP1R14B	0.351237057305388	0.354735500488003	0.556	0.438	1
IFIT1	0.351253587295822	-0.293145285626714	0.306	0.458	1
SULF2	0.351500498850244	-0.273254713358139	0.25	0.354	1
SRRM1	0.351970419298711	0.283454046327978	0.917	0.833	1
RPGR	0.352499001110143	0.276279558371994	0.333	0.271	1
PELO	0.352578863388468	-0.256723615042325	0.222	0.333	1
ZFYVE16	0.353574482642688	-0.330398612129912	0.472	0.625	1
SNX6	0.354537454586057	0.303313268865959	0.611	0.542	1
ABCB1	0.355794219212993	0.276381775302617	0.444	0.417	1
FXR1	0.357080674075068	0.304536347576294	0.722	0.625	1
MGMT	0.357494215549545	0.274753242566884	0.417	0.271	1
SMIM14	0.358415391780163	0.268710903403515	0.444	0.333	1
GPBP1	0.358510554182779	-0.264869493142453	0.5	0.604	1
NAA38	0.359217578000212	-0.268862733881595	0.444	0.583	1
RPAP2	0.361957797896284	-0.283577622675574	0.194	0.292	1
HACD3	0.363807366638366	0.270014324472634	0.472	0.333	1
VAMP3	0.36527756419587	0.263941166277112	0.639	0.542	1
CTNNAL1	0.365916643859452	-0.288966691615709	0.472	0.604	1
NUP54	0.36630586404046	0.258882916737128	0.361	0.229	1
IFIT3	0.366351913750375	-0.578609287020263	0.306	0.438	1
REL	0.368220226991436	-0.306099393155111	0.639	0.667	1
HNRNPL	0.369196352128382	-0.290960582945931	0.472	0.542	1
CANX	0.370419903745647	-0.27034424881644	0.583	0.708	1
ANXA4	0.371112800725265	0.258701766274738	0.528	0.375	1
SNTB2	0.372451017210282	-0.2769103486232	0.417	0.438	1
VCAM1	0.372799637637166	-0.464960319867622	0.306	0.312	1
PDLIM2	0.372898318645875	0.28043268225028	0.528	0.396	1
TAF1D	0.373305446600895	0.2618628075527	0.667	0.542	1
PNP	0.374708424389174	-0.442864637014557	0.5	0.562	1
UQCRC2	0.375909089920214	0.275090148156541	0.556	0.5	1
GLS	0.376426161807126	0.277172064698909	0.611	0.458	1
COPS2	0.378261450393337	0.298078901212966	0.583	0.438	1
PRPF8	0.379562990509859	-0.287986693281759	0.306	0.438	1
RNF152	0.380192372729356	-0.296862248438065	0.278	0.375	1
NSMCE3	0.381002549871943	0.269852479234568	0.333	0.229	1
RNF13	0.381253183282975	0.253580371260501	0.417	0.312	1
LEPROT	0.381863863697575	-0.253047630284701	0.806	0.854	1
MRPL40	0.38318106664873	0.270069611521022	0.472	0.396	1
ARPC5	0.384159804859204	0.318726071667777	0.806	0.729	1
RIF1	0.384353316182298	-0.2713499669761	0.472	0.583	1
PDCL3	0.384689739166068	0.259214512701179	0.306	0.188	1
CD200	0.384937051880556	-0.269949604193245	0.167	0.229	1
KLC1	0.387901172155698	-0.265932528177671	0.278	0.396	1
DEGS2	0.388227182273921	0.290931800964184	0.139	0.062	1
HLA-C	0.388315954187511	0.281456420506327	0.972	0.979	1
PRMT2	0.38834113188685	0.251716397248427	0.5	0.417	1
RGS16	0.388954046036162	0.696714912311536	0.306	0.271	1
ZNF280D	0.390100250129782	0.278141196143021	0.361	0.25	1
EFEMP2	0.392202473980216	0.300909134151476	0.333	0.208	1
RARRES3	0.393685897134398	0.313901998372519	0.194	0.146	1
SFT2D2	0.39373643562713	0.258404115113787	0.389	0.271	1
PYROXD1	0.394419961864844	-0.257436332965893	0.083	0.146	1
SRSF10	0.395257692364866	-0.254949625145986	0.778	0.792	1
USP10	0.395330370127526	-0.281758418410294	0.222	0.354	1
RNPS1	0.395807838515527	-0.300121024866218	0.389	0.479	1
DCUN1D3	0.396685128755698	-0.263864201074267	0.361	0.438	1
LBH	0.397117799758223	-0.452176809168781	0.444	0.583	1
TBC1D1	0.397968213334696	-0.25971310499247	0.472	0.562	1
C1QTNF1	0.398418415379393	-0.413714282259184	0.306	0.396	1
RPL12	0.398440299830751	-0.259879364385506	1	1	1
GUCY1A1	0.399080752274857	-0.274996584117722	0.389	0.479	1
RASL11A	0.39999114815845	-0.270561705478275	0.25	0.354	1
NES	0.400436988449196	-0.320601772128893	0.528	0.646	1
BOD1	0.400804178756688	-0.278600322932019	0.278	0.375	1
FYTTD1	0.401052343569849	0.282449750119023	0.444	0.354	1
SMCHD1	0.401222864258205	-0.282706579050084	0.417	0.521	1
NR2F1	0.403260081238684	0.416428165075864	0.333	0.271	1
GHITM	0.403549104663797	0.250761796367259	0.556	0.458	1
NDUFB1	0.404472677281309	-0.269846875093458	0.611	0.688	1
CNN2	0.405108173848238	-0.271969523962482	0.167	0.271	1
COX17	0.406290909983374	-0.308376912319288	0.611	0.646	1
SELENOH	0.406954798444067	0.262994138395649	0.5	0.354	1
RSL1D1	0.408523503185356	-0.265922987105042	0.611	0.729	1
ATXN10	0.409609194165511	0.253399549390059	0.333	0.25	1
RBM26	0.40962842683875	-0.270952599200805	0.278	0.396	1
CALCOCO2	0.413444923979519	0.271919253887782	0.722	0.604	1
TAGLN2	0.415930950062061	0.280570962973687	0.889	0.812	1
CRHBP	0.418271103670912	-0.260497644123939	0.111	0.188	1
MRPS21	0.419266915246788	0.271413973865774	0.528	0.396	1
SNHG7	0.419312460837277	0.317831371699617	0.806	0.708	1
IER3	0.419318550364847	0.557398852902878	0.778	0.688	1
HMGCR	0.420047799268394	-0.297059418436225	0.083	0.146	1
AR	0.422084419599461	0.274128707667037	0.472	0.438	1
GJA1	0.423727810969843	-0.285890929582376	0.444	0.562	1
GRB10	0.423903440775496	-0.277398779871696	0.139	0.208	1
STRAP	0.424257162988427	-0.261499778898263	0.333	0.438	1
MDH2	0.424744184429509	0.269416353067196	0.583	0.458	1
CLTC	0.426729140822576	-0.257989939058556	0.389	0.479	1
FKBP3	0.427824937300717	0.266879179797188	0.333	0.208	1
CITED4	0.42940559178922	-0.387842036730518	0.083	0.104	1
CITED2	0.429640571724359	0.492232994324131	0.472	0.396	1
AUP1	0.430645223827259	0.275704357122246	0.361	0.25	1
LRPPRC	0.43094851941215	0.257675107653549	0.417	0.292	1
PRNP	0.433866424563264	0.293892300688653	0.5	0.396	1
KPNA1	0.434559422973168	-0.261220144944022	0.167	0.208	1
IFIT2	0.43573556450595	-0.263545704637458	0.167	0.271	1
ATP6V1E1	0.436932311529198	-0.250072609317039	0.333	0.438	1
ECHDC2	0.437781431873091	0.25195365431568	0.444	0.333	1
PGR	0.437889129836146	-0.25184638058369	0.306	0.375	1
ELF1	0.440359578336642	-0.262278081364041	0.667	0.708	1
H1F0	0.440375759719778	-0.250473968472264	0.139	0.25	1
ATXN3	0.440941359870379	-0.311663455563481	0.194	0.292	1
GLTP	0.442839414257867	-0.257744458857583	0.222	0.292	1
PDGFA	0.447344580551576	-0.286722699553776	0.333	0.438	1
NRIP1	0.449947575076136	-0.292841433640584	0.417	0.5	1
PLEKHO1	0.450397891626766	-0.426932233716032	0.444	0.5	1
CLSTN1	0.455370883872948	0.264115220944421	0.389	0.292	1
SRA1	0.455858346605667	0.259999330366874	0.25	0.167	1
HLA-DRA	0.456485003697213	0.265364600625702	0.833	0.833	1
GADD45A	0.457274487489411	-0.304685449260817	0.611	0.688	1
MPC2	0.457415445273605	0.268852886586784	0.444	0.354	1
SLC8A1	0.460570341604836	0.280305072151187	0.306	0.292	1
TERF1	0.461238294627433	0.261303776817612	0.5	0.375	1
ID3	0.46125567852599	0.337608979189179	0.889	0.854	1
AP2B1	0.461963216684806	-0.264864979830794	0.361	0.458	1
WAPL	0.463206845367364	-0.259414660544163	0.361	0.479	1
EFNA1	0.46390356085361	0.290883698874887	0.278	0.167	1
NCOR2	0.463992100729834	-0.265565796762087	0.278	0.375	1
GNG11	0.471395287472972	0.381381251778458	0.917	0.833	1
ZNF562	0.47189027814914	-0.306511835545238	0.111	0.188	1
PTK2	0.472551001204873	0.258672479743476	0.528	0.438	1
CD46	0.473677197044564	-0.316032960516478	0.583	0.708	1
IL33	0.477293645563809	0.286525683984752	0.639	0.542	1
LAP3	0.478548936841596	-0.271744818096275	0.389	0.479	1
CFD	0.47938276374049	0.38676498011973	0.111	0.042	1
WDR13	0.479713731991987	-0.252861114043453	0.333	0.354	1
SOX17	0.483176398542947	-0.42753085540078	0.306	0.417	1
CXCL8	0.488535036339184	-0.683829870722616	0.083	0.125	1
EFNB2	0.490068901090497	-0.271807231416987	0.472	0.583	1
CWF19L2	0.492596174039056	0.259327274081858	0.5	0.375	1
TMEM106B	0.493890540239353	-0.409728027326748	0.25	0.354	1
SMG1	0.495752950005163	-0.311853840687245	0.361	0.458	1
MYOCD	0.501576814089729	-0.31556556093544	0.361	0.458	1
TMPO	0.502340698358157	0.25507229671738	0.333	0.292	1
HES1	0.511468839675503	-0.25641030404252	0.639	0.667	1
VSIR	0.51429480074846	0.292706398513919	0.306	0.25	1
C12orf75	0.519808807738333	0.364961289008947	0.611	0.521	1
EFEMP1	0.520258851526807	-0.26492485732204	0.111	0.188	1
INSIG1	0.521096997291889	-0.252588852538751	0.306	0.417	1
ZCCHC12	0.52643871484444	0.484911056525681	0.25	0.167	1
ANGPT2	0.530198805776695	-0.304389461663699	0.278	0.333	1
RC3H1	0.534744624723465	-0.325308342731104	0.194	0.271	1
NDUFAF2	0.53693063258112	0.262629802637949	0.444	0.333	1
GOLGB1	0.539176116136196	0.299946071612695	0.806	0.75	1
THBS1	0.546372451821064	0.41062153290776	0.528	0.583	1
RBP1	0.548777784808922	0.340766795669955	0.611	0.604	1
CDC5L	0.550332672283392	-0.273147441776442	0.417	0.5	1
MBNL2	0.55878006963466	-0.252226013230232	0.417	0.521	1
FAM13C	0.565860034548714	0.351477655242242	0.444	0.354	1
MYO6	0.575415051373841	-0.294138945697365	0.222	0.271	1
CAVIN3	0.576402737784004	-0.265115449642942	0.639	0.667	1
TRIP11	0.576808859285321	0.265546730825159	0.556	0.5	1
ARIH1	0.5995335196478	-0.263533090614952	0.556	0.646	1
RBM24	0.60342467138861	-0.259377240068004	0.222	0.312	1
CCND1	0.610356159892991	0.265428859386825	0.333	0.333	1
MIR222HG	0.613364895341513	0.305759517402914	0.583	0.521	1
SLMAP	0.620069366963937	0.277506720917466	0.639	0.542	1
NUP153	0.637491958373685	-0.263323109262839	0.139	0.188	1
SNCG	0.646186591690998	0.294740037634731	0.778	0.688	1
ARL4A	0.668773007755669	0.293478413592108	0.556	0.458	1
DEPP1	0.674001344190801	-0.287402150262732	0.167	0.229	1
C2CD4B	0.708780354913955	0.305606633457487	0.5	0.438	1
NFIA	0.728660616210173	-0.252937158302467	0.694	0.771	1
TCIM	0.776876565866297	0.291693314487005	0.25	0.208	1
RNASE1	0.805378913539136	-0.272882281054059	0.639	0.667	1
PHLDA2	0.80714954906198	0.271355580323165	0.278	0.229	1
LUM	0.8075438007257	0.328337187413503	0.111	0.083	1
RGS5	0.875427549931572	0.340282964099385	0.278	0.229	1
