	p_val	avg_log2FC	pct.1	pct.2	p_val_adj	perDiff	FC
MUSTN1	3.04321046926278e-16	-1.07687907290996	0.255	0.504	8.94156100078789e-12	-0.249	-2.10946781056089
CRIP1	2.45681260392365e-17	-0.94638535075133	0.603	0.764	7.21860679284847e-13	-0.161	-1.92703844049599
RPL17	2.00662585365314e-21	-0.892983691178741	0.751	0.837	5.89586808320366e-17	-0.086	-1.85701271205528
MIF	3.79201590959332e-16	-0.821493440760221	0.351	0.527	1.11417011455671e-11	-0.176	-1.76723444162806
SEPTIN7	2.32213859343988e-13	-0.798291315423007	0.249	0.481	6.82290761524504e-09	-0.232	-1.73904023949749
NME2	5.17714536218773e-13	-0.783971327598944	0.252	0.463	1.521148850318e-08	-0.211	-1.72186415567556
HSPE1	6.49569624540949e-14	-0.717041385520102	0.569	0.617	1.90856547082622e-09	-0.048	-1.64380752859789
RPS17	1.09540003933823e-15	-0.68881242952265	0.606	0.738	3.21850439558359e-11	-0.132	-1.61195607258915
RNASEK	1.68176910886811e-12	-0.619986650030961	0.266	0.375	4.94137399567629e-08	-0.109	-1.53686095988946
EEF1G	3.19356588564853e-15	-0.6157389545953	0.28	0.536	9.3833352852125e-11	-0.256	-1.53234266861636
GAS5	9.43905124658643e-07	-0.606416756206904	0.235	0.39	0.0277338203727202	-0.155	-1.52247311929277
MAP3K7CL	5.2249266154642e-09	-0.590309457983568	0.252	0.332	0.000153518793815569	-0.08	-1.50556965736207
PTGDS	1.02882476754323e-06	-0.581960234823108	0.031	0.1	0.0302289293199552	-0.069	-1.49688172749303
SNHG29	2.95120188237008e-09	-0.559050162216813	0.246	0.441	8.67122137077976e-05	-0.195	-1.47329891123316
EIF4A1	1.78772037423651e-10	-0.549070579309754	0.518	0.566	5.25268000358171e-06	-0.0479999999999999	-1.46314279860533
RPL36A	2.06511102234664e-22	-0.536538550566647	0.907	0.951	6.0677092058589e-18	-0.0439999999999999	-1.45048819153869
HSP90AA1	4.42230829185852e-07	-0.526083240535685	0.977	0.957	0.0129936262231387	0.02	-1.44001440198612
CCN1	9.84696935483844e-08	-0.520869172066709	0.195	0.362	0.00289323653583863	-0.167	-1.43481941495917
CARMN	1.43993260707033e-09	-0.513643924987559	0.499	0.524	4.23080998609406e-05	-0.025	-1.42765157409939
MICOS10	2.89847531785559e-10	-0.507661124337467	0.212	0.319	8.51630017892328e-06	-0.107	-1.42174341704209
NIBAN1	6.64756756594337e-07	-0.482022407081081	0.207	0.344	0.0195318830222548	-0.137	-1.3967002250159
HSPD1	3.38776656842342e-11	-0.478315933594173	0.694	0.626	9.95393573134168e-07	0.0679999999999999	-1.39311652373742
ATP1B3	4.94569434538374e-08	-0.478283057124372	0.334	0.371	0.00145314391256065	-0.037	-1.39308477743611
SRGN	5.56515461401581e-08	-0.45903043561859	0.221	0.264	0.00163515372869013	-0.043	-1.37461769470031
MT1M	6.38397923307899e-08	-0.458872560988012	0.72	0.646	0.00187574077826327	0.074	-1.37446727802812
NDUFA13	1.41221394838938e-13	-0.451460042928845	0.68	0.735	4.14936702315767e-09	-0.0549999999999999	-1.36742342293403
BAG3	9.55236107679892e-07	-0.433918607936019	0.28	0.321	0.0280667473158506	-0.041	-1.3508978692134
NDUFA7	1.88993848601999e-11	-0.418439580974378	0.201	0.281	5.55301725962392e-07	-0.08	-1.33648123458949
TIPARP	1.88338881129936e-08	-0.381064759265101	0.416	0.424	0.000553377300535978	-0.00800000000000001	-1.30230264563014
COX7B	2.01071419990294e-13	-0.378021860331978	0.609	0.642	5.9078804621548e-09	-0.033	-1.29955875377602
RPL39	9.31848894921668e-22	-0.376967506561177	0.997	0.987	2.73795842305884e-17	0.01	-1.2986093541655
RPS29	3.48099583750304e-12	-0.372943770377707	0.992	0.99	1.02278619697514e-07	0.002	-1.29499252501377
TOMM6	1.72441726665774e-10	-0.369468929717322	0.167	0.225	5.06668281289376e-06	-0.058	-1.29187719035546
RPS27	7.43453702899368e-20	-0.362461144559453	1	0.997	2.18441566985892e-15	0.003	-1.28561720783613
ATP5ME	4.64607099354387e-11	-0.358802654511796	0.694	0.693	1.36510857932306e-06	0.001	-1.28236117726016
RPS28	1.85808357950151e-19	-0.35164950504664	1	0.993	5.45942117329135e-15	0.00700000000000001	-1.27601872932387
GNG10	1.11427155877824e-08	-0.341802385423871	0.139	0.191	0.000327395269400221	-0.052	-1.26733891514685
MIR22HG	1.63586738861331e-08	-0.339376989831265	0.312	0.307	0.000480650556122364	0.005	-1.26521011050551
LINC01578	3.36469669817243e-08	-0.339293608292171	0.19	0.231	0.000988615183857022	-0.041	-1.2651369889415
CIAO2B	1.99338883440624e-11	-0.336461487621156	0.144	0.185	5.85697507325242e-07	-0.041	-1.26265586441757
SNHG32	1.89239580352332e-07	-0.335059061685145	0.187	0.241	0.00556023734991223	-0.054	-1.26142904871232
RPS21	3.24175442261454e-14	-0.334978845977917	0.994	0.983	9.52492284452604e-10	0.011	-1.26135891357814
RBIS	5.67810069906896e-09	-0.316670378423338	0.17	0.216	0.000166833954740044	-0.046	-1.24545282664785
MAGI2-AS3	1.26990614258429e-10	-0.316452604939393	0.088	0.145	3.73123822814117e-06	-0.057	-1.24526484088247
PSMA6	1.74496280930558e-12	-0.315986237935835	0.144	0.185	5.12704972630165e-08	-0.041	-1.24486236041421
RPL28	1.84932740089833e-12	-0.311401076103237	0.992	0.99	5.43369376931948e-08	0.002	-1.24091222928593
CHORDC1	1.13259877858505e-08	-0.307539012451399	0.348	0.362	0.00033278017312386	-0.014	-1.23759477624518
SNHG14	4.00885281646139e-08	-0.305085489732095	0.108	0.15	0.00117788113453269	-0.042	-1.23549184645711
PHLDA2	4.11092224895191e-08	-0.304725168730522	0.45	0.417	0.00120787117518705	0.033	-1.23518331412056
RBM4	2.9299251580091e-07	-0.303159616441299	0.164	0.225	0.00860870609926233	-0.061	-1.23384367186728
RPL37A	2.92524149365035e-15	-0.299980577643651	1	0.996	8.59494455664347e-11	0.004	-1.23112783911136
CSRP2	2.9133550807918e-07	-0.29356890516789	0.873	0.858	0.00856001989838248	0.015	-1.22566856064936
NGRN	1.62297372719839e-09	-0.292055247040193	0.227	0.251	4.76862140525431e-05	-0.024	-1.22438327843995
MRPS24	1.0109068800153e-10	-0.288688188669205	0.19	0.213	2.97024659486096e-06	-0.023	-1.22152906266627
RPS26	3.81202682193423e-07	-0.287644938336629	0.969	0.979	0.0112004972082072	-0.01	-1.22064606250743
HIST1H4C	6.10219165155433e-10	-0.283889167533736	0.68	0.626	1.79294595105969e-05	0.054	-1.21747248492404
RPL38	9.07650583160399e-08	-0.283106181846093	0.983	0.991	0.00266685894344189	-0.00800000000000001	-1.21681191226598
ARPC1B	3.76589521287189e-09	-0.281644823144741	0.524	0.509	0.000110649533144602	0.015	-1.21557998290584
RPL26	1.86449115363493e-13	-0.278136173640649	0.992	0.989	5.47824790761015e-09	0.003	-1.2126272715779
NDUFB4	3.25444470872821e-10	-0.273122102416502	0.683	0.658	9.56220944318522e-06	0.025	-1.20842011363281
NDUFC1	1.2259233052674e-07	-0.27082065796001	0.569	0.582	0.00360200785553668	-0.013	-1.2064939306198
NDUFA3	1.7053874137947e-07	-0.269090799873972	0.371	0.385	0.00501076929921159	-0.014	-1.20504815553929
RPS24	7.59617922532495e-13	-0.266786272571208	0.992	0.997	2.23190937998498e-08	-0.005	-1.20312477640022
ATP5F1E	2.91574115004572e-08	-0.26439216719772	0.892	0.887	0.000856703064706433	0.005	-1.20112988575396
MTHFD2	1.68744841020381e-07	-0.262913923308693	0.547	0.527	0.00495806091886083	0.02	-1.19989978963735
MICOS13	5.96270260823704e-11	-0.261334306546683	0.167	0.183	1.75196128035221e-06	-0.016	-1.19858673004261
RPL21	2.79913124439206e-14	-0.260773295519301	1	0.994	8.22440742227274e-10	0.00600000000000001	-1.1981207343672
RPL37	1.13622611943724e-10	-0.259479067733547	1	0.99	3.33845958413048e-06	0.01	-1.19704639379173
UQCR11	2.31433932908181e-09	-0.259219245835429	0.731	0.705	6.79999181670817e-05	0.026	-1.19683083135297
TOMM5	2.51787313346652e-08	-0.258009227515702	0.17	0.198	0.000739801484075133	-0.028	-1.19582744529568
KLF6	2.50811735039008e-08	-0.257912786553461	0.652	0.574	0.000736935039891613	0.0780000000000001	-1.19574750955622
RPS25	1.13686396928544e-09	-0.254724561030894	0.997	0.997	3.34033371455449e-05	0	-1.19310793342351
RPL35A	3.17734602526028e-10	-0.252316809873198	1	0.999	9.33567809141975e-06	0.001	-1.19111838532636
