	p_val	avg_log2FC	pct.1	pct.2	p_val_adj
VIM	1.407003018042e-06	0.729522109605862	1	0.805	0.04134056267611
KRT19	9.98524210984401e-06	-2.92712536459706	0	0.221	0.293386383671437
SLPI	1.59799038805276e-05	-3.09036137350676	0	0.212	0.469521535817663
OFD1	1.79513968953217e-05	1.26409738674141	0.157	0	0.527447943578344
SSFA2	1.79513968953218e-05	1.53246192743668	0.157	0	0.527447943578345
SCGB1A1	2.54838934349504e-05	-8.58951850044826	0	0.204	0.748767756905712
TFF3	6.41641099599866e-05	-2.43628919075481	0	0.186	1
ATP6V0B	6.77392505220223e-05	1.07596062568282	0.137	0	1
ACTG1	9.14665817487073e-05	0.897205395685722	0.941	0.761	1
IGFBP4	9.27310385513368e-05	1.20835808490142	0.627	0.31	1
ICAM1	0.000213934228258438	1.34766003273243	0.294	0.053	1
ACKR1	0.000240114808069499	1.14947630740049	0.569	0.239	1
LAMTOR5	0.000250499927145907	-1.32422389255304	0	0.159	1
PLA2G16	0.000253229849115364	1.24545663230925	0.118	0	1
TXNIP	0.000319176367140349	1.39347775100893	0.706	0.381	1
HSPA8	0.000385779042515008	1.04621779268983	0.608	0.283	1
MSLN	0.000392249193597731	-1.69388473051345	0	0.15	1
RBM22	0.000392249193597737	-1.52558684168985	0	0.15	1
THBD	0.000471590718702788	1.55892407177231	0.196	0.018	1
ID3	0.000477478758691679	1.9351226700277	0.51	0.239	1
WFDC2	0.000558179103679676	-3.96108633939407	0.059	0.265	1
PHPT1	0.000612673504803536	-1.41564425485481	0	0.142	1
KRT8	0.00061267350480354	-1.51154314211951	0	0.142	1
SCGB3A1	0.000627497930066028	-6.10315053383003	0.02	0.195	1
MT1E	0.000628728945262615	-2.52285266402198	0.078	0.319	1
FOS	0.000645198517684328	1.10039530277703	0.804	0.504	1
ZFP36	0.000688327297287779	1.23371386051166	0.725	0.442	1
SOCS3	0.00102339243636778	0.928991291644004	0.686	0.381	1
CDKN1A	0.00103045264555797	1.21033337805846	0.51	0.221	1
TGFBR2	0.00112467970488112	0.659299610622583	0.373	0.133	1
LPCAT4	0.00117842660437988	1.12672225875678	0.176	0.018	1
SLC25A25	0.00145098249655935	1.22160394838147	0.333	0.097	1
SFRP4	0.00148472428316267	-1.3389126911519	0	0.124	1
EIF1	0.00153880383975631	0.536403151977868	0.961	0.85	1
MIF	0.00167588209495686	-1.34216422935796	0.196	0.442	1
RPL17	0.00169658267177497	-0.66173028619971	0.627	0.858	1
MDH2	0.00230460395805003	-1.50365098522236	0	0.115	1
C19orf33	0.00230460395805006	-1.54530784491166	0	0.115	1
CLDN10	0.00230460395805011	-1.37306020268796	0	0.115	1
GPM6A	0.00237513519979581	1.21553934100268	0.137	0.009	1
H3F3B	0.00260153483939102	0.589056558933124	0.902	0.832	1
CAVIN2	0.00264261746905578	0.708614783748686	0.686	0.398	1
PHLDA1	0.00278870908309505	1.11102860030936	0.137	0.009	1
TINAGL1	0.00283987665155915	0.858232110691464	0.235	0.053	1
RELA	0.00289095125367662	1.11533954914349	0.137	0.009	1
SREK1IP1	0.00312243991500721	1.19542346284395	0.137	0.009	1
ADAMTS1	0.00325770993429885	1.52890143644934	0.353	0.124	1
SCGB2A1	0.0035716432327555	-1.35519546718215	0	0.106	1
EPCAM	0.00357164323275555	-1.30148500589364	0	0.106	1
HLA-E	0.00403616332036188	0.727378943237664	0.784	0.611	1
NRN1	0.00421064930217997	1.39772316217751	0.333	0.133	1
MT1M	0.00427832152570708	-2.13923564557573	0.059	0.257	1
HAPLN3	0.0043342966198817	1.15564617343994	0.157	0.018	1
TSHZ2	0.00442323223535994	1.17632615727923	0.157	0.018	1
PDHA1	0.00445937810150119	0.983482626223169	0.196	0.035	1
AQP1	0.00447155203459136	1.1306224220344	0.451	0.204	1
PCF11	0.0045164729355044	1.34159236825529	0.255	0.071	1
LDLR	0.00486495239033197	1.30564885862908	0.176	0.027	1
JUNB	0.00517965655208583	0.989525118012476	0.745	0.575	1
SEPTIN7	0.00589095370169019	-1.66480030483679	0.098	0.274	1
BAZ2B	0.00613342988627214	1.62939716159311	0.157	0.027	1
RSRP1	0.00646470216914923	0.83220383137436	0.235	0.062	1
HLA-DPB1	0.00712831832069557	0.554875447854553	0.608	0.345	1
SPARC	0.00743271366167873	1.07734953202475	0.373	0.15	1
ARPC1B	0.00761469923238132	0.962096837657733	0.235	0.062	1
STOM	0.0079131268151403	0.990341075996032	0.431	0.195	1
ADIRF	0.00851239100814439	0.836413211649406	0.706	0.496	1
YWHAQ	0.00877309580797055	0.954900816429677	0.294	0.097	1
LIN7C	0.00883419779412065	0.849760186262405	0.118	0.009	1
SYPL1	0.00886147553100643	0.602896057623129	0.275	0.097	1
IPO11	0.00905268588164953	0.937161914316944	0.118	0.009	1
ARMCX1	0.009202919428748	1.16245563475739	0.118	0.009	1
MYRIP	0.00940387883554385	1.18953154212735	0.118	0.009	1
NFKBIA	0.00941411756910769	1.10061296872058	0.667	0.504	1
GIPC1	0.00943619092357893	0.96852636822365	0.118	0.009	1
ACTB	0.00979379442254008	0.596413331024275	0.804	0.584	1
CCDC85B	0.00995579845590114	1.10838624190903	0.412	0.212	1
CD74	0.0107471413041252	0.458144354457071	0.863	0.646	1
PPP3CA	0.0117495774189527	1.29595645947142	0.196	0.044	1
CEP68	0.0123202724107551	1.08541131134927	0.137	0.018	1
CX3CL1	0.0132558169507187	1.10124918921426	0.157	0.027	1
IL33	0.0132916729421976	0.797327546956196	0.451	0.221	1
VCP	0.0136978410753959	1.10745157339252	0.255	0.08	1
B2M	0.0144372268902114	0.433417582258691	0.98	0.903	1
KLF9	0.0145013101129295	1.05330436407474	0.294	0.106	1
TFPI	0.0148872400653374	0.67045223029882	0.255	0.088	1
SELE	0.0160047894873432	1.27935918430711	0.353	0.177	1
PSMA2	0.0171532830365028	-1.02080387468845	0.02	0.15	1
ENG	0.0172338493259017	0.769049557726872	0.255	0.088	1
S100A10	0.0174664002753742	0.763896466280828	0.706	0.478	1
RPS16	0.0176312935558435	-0.509247716698045	0.804	0.85	1
NOSTRIN	0.0179169692981246	0.930578377040745	0.314	0.124	1
SYNE2	0.017973362316691	1.27112467562665	0.216	0.062	1
SOX18	0.018036729462121	1.63925807143984	0.255	0.097	1
IRF1	0.0182967930651105	0.90407090867574	0.588	0.398	1
IFI6	0.0184942493362547	0.70852317135964	0.333	0.142	1
TCF4	0.0187457364883321	0.888496824676493	0.275	0.097	1
CNN3	0.0190033630289357	0.718719030291356	0.451	0.23	1
PITPNB	0.0192897275406103	0.93741414590644	0.216	0.062	1
OVGP1	0.019599365727062	-1.51617439023763	0.02	0.15	1
S1PR1	0.019932669770685	0.847237842737214	0.216	0.062	1
PEBP1	0.0211427264724284	-1.19895128163589	0.137	0.301	1
CLU	0.0212567440842965	0.400495672804344	0.745	0.522	1
EIF4G2	0.0226242240450621	0.847460791433139	0.431	0.23	1
TRIB1	0.0227819932787574	0.900550218062237	0.196	0.053	1
SH3BP5	0.0235694496299574	1.39738964686076	0.255	0.133	1
NET1	0.0238871942937569	1.11937102863756	0.196	0.053	1
JAM2	0.024003312209528	1.03557463463004	0.353	0.159	1
SMIM19	0.0242143799949977	-0.967029827235353	0.02	0.142	1
NDUFC2	0.0255736661446238	-1.30183471449864	0.118	0.265	1
CRIP1	0.0263612563094109	-1.60215718004518	0.039	0.177	1
TM9SF3	0.0276081856370806	0.88774578360617	0.235	0.08	1
DNAJA1	0.0277749212788712	0.640182875866691	0.745	0.531	1
SNX6	0.0280710312885861	-1.41782093138265	0.02	0.142	1
AUP1	0.0303345418893964	0.959878182337731	0.157	0.035	1
RPLP1	0.0305851119295717	-0.381282523702403	0.882	0.973	1
CD93	0.0309047304656108	0.951983310343557	0.157	0.035	1
TMSB10	0.0309497221117072	0.515779930151672	0.922	0.894	1
TNFRSF10D	0.0310669254094953	0.949353277611166	0.157	0.035	1
HOXD8	0.031168558290773	0.935514362200258	0.157	0.035	1
MRPL18	0.0320069674488314	-1.36952749095693	0.02	0.133	1
MAPK1IP1L	0.0322262436696489	1.09950468718915	0.118	0.018	1
ADAM15	0.0326020910904581	0.714311686516382	0.118	0.018	1
FRY	0.0330216249593124	0.8344474111303	0.137	0.027	1
PRPF31	0.0332563215472228	0.938118727171156	0.137	0.027	1
RHOA	0.0336072271473843	0.90587051495653	0.392	0.221	1
HYAL2	0.0344978737792096	1.07325729461202	0.294	0.124	1
HINT1	0.035051024626993	-0.704207066618299	0.275	0.487	1
CYBA	0.0354169018021063	-0.699391024274115	0.02	0.124	1
GRASP	0.0356636471601046	0.989949295236762	0.216	0.071	1
PDCD5	0.0370705787384582	-1.33390175214858	0.039	0.168	1
C2CD4B	0.0373897648702418	1.07504066215368	0.255	0.097	1
FUS	0.0374382693086296	0.81225430787039	0.294	0.124	1
APOLD1	0.0376779750351121	0.427236416462379	0.373	0.195	1
MARCKSL1	0.0387386300481532	0.579933977566614	0.412	0.221	1
WASF2	0.0389027678039869	0.450748444259049	0.275	0.124	1
GSTP1	0.0396988545950856	-0.906035355086046	0.373	0.46	1
CDC37	0.0403646007844711	0.697654224247846	0.333	0.159	1
YBX3	0.0432909016253135	0.447307853255283	0.588	0.389	1
RPS29	0.0438017449383385	-0.493026077898985	0.725	0.876	1
RRBP1	0.0439496719108727	1.11321775771293	0.196	0.062	1
ATP5ME	0.044677086786714	-0.763137030745772	0.118	0.283	1
PTTG1IP	0.0453131452460637	0.94446253927446	0.275	0.115	1
CALCOCO2	0.0455435336676773	0.856860452537308	0.275	0.115	1
MT-CO3	0.0455861345746151	0.794315272064688	0.314	0.319	1
TM4SF18	0.0456439589938699	0.69084737354911	0.235	0.088	1
SERF2	0.046536021198475	-0.633748489065611	0.529	0.602	1
SLC3A2	0.0468634464268194	0.822133101570219	0.275	0.115	1
KRT10	0.0482578625616624	-0.978470938388839	0.059	0.195	1
LDHA	0.0483064329602697	0.71278983230868	0.49	0.319	1
NPR3	0.0491193257177232	-0.579569354656874	0.02	0.115	1
ITM2B	0.0492579281531871	0.606139296371599	0.745	0.646	1
SNHG6	0.0503693552314347	-1.12355442670302	0.098	0.257	1
PFDN1	0.0509849956883578	-1.05841043590639	0.02	0.124	1
PMP22	0.0512546299718493	0.915256155335101	0.176	0.053	1
MLEC	0.0515708484046801	0.814190747799334	0.176	0.053	1
MKLN1	0.0531925352822357	1.07662946451621	0.118	0.027	1
UQCR11	0.0539279027363382	-0.351140615399848	0.098	0.221	1
TMEM248	0.0546185272731873	-0.836249822820951	0.02	0.124	1
ZCRB1	0.0552620142533771	-1.14409436100616	0.02	0.124	1
DDRGK1	0.0554217556162549	0.412788327647386	0.118	0.027	1
PRCP	0.0563848298273051	0.665108402133849	0.216	0.08	1
SNHG5	0.0568717780941264	-1.0158436527164	0.039	0.159	1
UBE2A	0.0570032281162808	0.604165576958384	0.137	0.035	1
ATP5MC1	0.057463505269018	-1.14077559245786	0.059	0.168	1
CPVL	0.0580804254935624	0.525357508875852	0.118	0.027	1
ANXA1	0.0583339427952556	0.666064751511135	0.549	0.354	1
PPP1R7	0.0589733766265442	0.837762126461295	0.157	0.044	1
ACTR2	0.0595275374116673	0.587586515555562	0.196	0.071	1
VPS35	0.0603465740002279	-0.933390168531985	0.02	0.106	1
TOMM6	0.0607278429269445	-1.0527405827962	0.02	0.106	1
HLA-DRB1	0.0619021528351679	0.569658494602898	0.569	0.478	1
CCL2	0.0620913202428884	1.05378069673004	0.373	0.212	1
GNAI2	0.0634886931810919	0.583284718843529	0.373	0.204	1
WSB1	0.0637678428318827	0.994371048729741	0.275	0.133	1
MYH9	0.0648360606307437	1.01606333168866	0.235	0.097	1
TNS2	0.0662142738737052	0.811926139916279	0.137	0.035	1
MT-CO1	0.066388773877489	1.0458451965704	0.294	0.239	1
HSP90AB1	0.0665081788520455	0.441874522431903	0.863	0.708	1
TSSC4	0.0669705653065721	0.7437682789773	0.137	0.035	1
ICAM2	0.0670824326529623	0.424687227351065	0.235	0.106	1
SCML1	0.0679590546716054	0.604061154082773	0.118	0.027	1
IL6ST	0.0697015111276284	0.485654994285304	0.333	0.177	1
HLA-DRA	0.0697168768735989	0.646360886149073	0.725	0.566	1
CST3	0.0698181888067907	0.577127042248695	0.667	0.496	1
ADGRG1	0.0704649943853536	0.749753672284803	0.137	0.035	1
ISCU	0.0705302147594695	-1.03955253221298	0.039	0.15	1
SAP30	0.0713708623636986	0.947861001149825	0.196	0.071	1
MDK	0.0717614842596966	-1.05028363517173	0.118	0.257	1
CLIC4	0.0722641110087988	0.923994204491568	0.255	0.115	1
TMEM14C	0.072677740201925	0.599279828733491	0.294	0.142	1
LMNA	0.0727876608554485	0.790854521159186	0.392	0.23	1
IL6	0.072811351036206	0.750405218711632	0.118	0.027	1
HLF	0.0739296882739275	0.699576824199231	0.118	0.027	1
ARL6IP1	0.0747770275276956	0.805109207952524	0.392	0.23	1
BLVRB	0.0753368741678322	-0.733607672921896	0.02	0.115	1
MKNK2	0.0753844868566388	0.959175912501743	0.118	0.027	1
CAV1	0.0757932042816758	-0.417802969807077	0.588	0.496	1
ZFP36L2	0.0759038353218	0.784987236853757	0.294	0.142	1
ELK3	0.0761178068179055	0.853051726311991	0.294	0.142	1
RPS13	0.0773119170647192	-0.489801228229283	0.843	0.885	1
C11orf96	0.0779937602324026	0.997780805621017	0.294	0.142	1
CFAP20	0.0780199226485827	-1.01235435579115	0.02	0.115	1
MAP3K8	0.0784230838573447	0.853366553279927	0.118	0.027	1
GPBP1	0.0789251743861776	0.877171518082751	0.216	0.088	1
MRPL51	0.0789973947433542	-0.948592711220614	0.039	0.15	1
GSN	0.0793154097466087	0.763247825728514	0.392	0.381	1
SOCS2	0.0798893257270781	0.641023837264629	0.176	0.062	1
UQCRC2	0.0805066899686062	0.594481423017845	0.176	0.062	1
ASRGL1	0.0805616302608941	-1.03693656202747	0.039	0.15	1
HES1	0.0824498357000996	1.46714222704102	0.216	0.097	1
SEC62	0.0836690539210208	0.880317403027596	0.373	0.221	1
DUSP6	0.0836756521090125	0.812794366876645	0.176	0.062	1
UGCG	0.0838109322555748	1.22489231812643	0.235	0.106	1
PPP1R15A	0.0842369326229336	0.653806706156135	0.569	0.416	1
LY6E	0.0858906930308948	0.602543983184742	0.235	0.106	1
RYBP	0.0898316800106207	0.836951445350906	0.176	0.062	1
SP100	0.0906765011146741	0.649622245110187	0.216	0.088	1
KRT18	0.0928655472089974	-1.51606084282912	0.098	0.186	1
ATP5MF	0.0932271273436638	-0.963080389077197	0.039	0.133	1
ID1	0.0946830572559976	1.08866025135449	0.294	0.168	1
RPL10A	0.0955337539443551	-0.392589854413448	0.863	0.858	1
PSMB9	0.0966358968023669	0.833188828092259	0.235	0.106	1
TPST2	0.100479846619437	0.574092087451377	0.196	0.08	1
TMCO1	0.100652173200263	0.388802433643465	0.176	0.071	1
TIAM1	0.100948674133619	0.437012621225283	0.176	0.071	1
HLA-B	0.100982641784985	0.345798596949569	0.882	0.752	1
HLA-C	0.101416718770891	0.410894938660864	0.784	0.619	1
HNRNPA2B1	0.101472215660204	0.518753223216474	0.608	0.451	1
MT-ND1	0.102022773864408	1.48392915606414	0.216	0.142	1
C8orf59	0.102055148454067	0.42324710273992	0.118	0.035	1
WNK1	0.10344633529953	0.906730066650543	0.118	0.035	1
ID2	0.104647111207903	1.12126133136783	0.294	0.15	1
PIN4	0.106033522284442	-0.789576255221393	0.02	0.106	1
ACAP2	0.106142581908823	0.957124333460325	0.137	0.044	1
EPAS1	0.109212056261518	0.654903761205258	0.294	0.15	1
ABCB1	0.110658296436972	0.426349109788622	0.176	0.071	1
TPRKB	0.110762439290224	0.764206760099859	0.235	0.106	1
PARK7	0.111226442088708	-0.80527674476787	0.098	0.23	1
EIF4B	0.111857541736155	0.786894232313488	0.431	0.274	1
KMT2E	0.111889192294364	1.01614623023153	0.176	0.071	1
RAMP3	0.112201521889143	0.937938749407538	0.255	0.124	1
SRRM2	0.113029487520475	0.283332831352344	0.294	0.168	1
CDC42	0.113311668840704	0.587857028667628	0.471	0.31	1
MT-ND2	0.11402473380088	1.16530797836337	0.196	0.133	1
STMN1	0.114161508997676	-1.04296967944879	0.039	0.115	1
PRDX5	0.120004470293577	-0.590084414197324	0.078	0.195	1
EPB41L4A-AS1	0.120527424022969	0.376184606206775	0.196	0.088	1
HLA-F	0.120557367195593	0.633598021994641	0.255	0.124	1
EGFL7	0.122201260990858	1.03486018496707	0.216	0.097	1
HMGN1	0.124471084908689	-0.744958921074609	0.059	0.168	1
CTNNB1	0.125666833337429	0.782209787766241	0.255	0.124	1
TKT	0.126899175399655	0.751908250931052	0.137	0.044	1
EVL	0.127099709826792	0.694439292728024	0.137	0.044	1
RAB21	0.127303622793932	0.788062507789128	0.137	0.044	1
SSR1	0.127753967869436	1.05770411809656	0.137	0.053	1
FAM241A	0.128207069913288	0.925864183114354	0.176	0.071	1
NDUFB5	0.128602142990228	0.80624716599341	0.137	0.044	1
PLVAP	0.128694209999431	0.8696566894636	0.294	0.159	1
DBI	0.128743744205385	-1.20192129517664	0.059	0.159	1
SUMO3	0.128883319668053	0.711889680112608	0.137	0.044	1
ATP1A1	0.129425678172657	1.00750314604521	0.157	0.062	1
CCL14	0.129784928294649	-0.380565314673578	0.451	0.434	1
S100A13	0.131100028085342	-0.987207495492969	0.235	0.363	1
KLF3	0.131175351089611	0.788663227477641	0.176	0.071	1
BNIP3	0.13327771567533	0.471110041158997	0.157	0.062	1
LIMS1	0.133778273157062	0.370850088413809	0.196	0.088	1
TAGLN	0.134390400061317	-0.358390345962913	0.157	0.097	1
CAMTA1	0.134939869206471	0.255193882341886	0.137	0.053	1
GHITM	0.135097477219572	0.752640349749086	0.216	0.097	1
ARID5A	0.136071885427791	0.759212485186743	0.216	0.097	1
PLAT	0.136273451105083	0.671485790282879	0.216	0.097	1
YWHAG	0.137722468842708	1.05832964548649	0.157	0.062	1
DDX5	0.138915717556763	0.383268449190732	0.824	0.735	1
FLT1	0.139861169804345	0.666579829224202	0.235	0.115	1
FOSB	0.14234332795951	0.491763119569752	0.529	0.531	1
FAM107A	0.142789127274211	0.887051001345127	0.235	0.115	1
MTUS1	0.142892728362229	0.528197894637224	0.196	0.088	1
ELF3	0.143000992117921	-0.917907997496844	0.039	0.133	1
NARS	0.14462778639136	-0.88020593869461	0.039	0.133	1
PCBD1	0.14503495656707	-0.80083794914282	0.039	0.133	1
MIR22HG	0.145115763404727	0.355733026048817	0.216	0.106	1
NCOA7	0.145187795863909	0.330259511890732	0.412	0.265	1
IER3	0.145446792973224	0.984440811412077	0.196	0.097	1
SCAF11	0.145592962064411	0.869497690600902	0.118	0.035	1
ETFB	0.145745941525472	0.318463187009645	0.176	0.08	1
FYTTD1	0.146332965719285	0.793952766212853	0.118	0.035	1
DDOST	0.146532326159803	0.676631588897246	0.118	0.035	1
ANKRD11	0.146824306970099	0.594117949480787	0.118	0.035	1
EIF2S2	0.146871509306682	0.870190831239592	0.275	0.159	1
NIFK	0.147531979874594	-0.956626683848318	0.039	0.124	1
RPL27A	0.148238319745341	-0.579932378339799	0.706	0.796	1
RPS12	0.14872360885394	-0.300065289168322	0.98	0.965	1
NOP56	0.149001035792249	0.988160491346155	0.118	0.035	1
PSMD12	0.149594320089381	0.725151759328773	0.118	0.035	1
CCDC69	0.150871244133015	0.437765981312955	0.118	0.035	1
NDUFB11	0.152222475703813	-0.807372848929957	0.078	0.186	1
NDUFS5	0.152341280215351	-0.630063378245047	0.176	0.319	1
TRAM1	0.153600921901523	-0.3087357627104	0.078	0.168	1
SAT1	0.154635077835799	-0.385698858316974	0.216	0.363	1
CYB5A	0.161912712240734	-0.876613342084136	0.118	0.204	1
NSD3	0.162397371345284	-0.910357973988911	0.039	0.124	1
DDX46	0.162661888856281	-0.867194035546113	0.059	0.159	1
IGFBP7	0.162897878081944	0.542539103498318	0.706	0.593	1
CHMP2A	0.16456671906008	-0.822568526608813	0.137	0.248	1
DUSP5	0.16570280683979	1.03101822402112	0.118	0.044	1
TAF7	0.166112901226923	0.768660692215577	0.176	0.08	1
SNAP23	0.166438338887088	0.373399478837443	0.137	0.053	1
SMAP1	0.166755495230047	0.863252352633085	0.157	0.062	1
VDAC2	0.167213074231088	-0.893211358184992	0.078	0.177	1
S100A11	0.167785753363641	-0.484385887558609	0.314	0.469	1
CD151	0.168494213203689	0.813811240387488	0.216	0.106	1
TM9SF2	0.168824082521463	0.493226832778489	0.137	0.053	1
TSPAN7	0.169269975733718	0.756057281152958	0.294	0.168	1
PYURF	0.169516598009835	0.465977718936337	0.157	0.062	1
PIK3C2A	0.170298330369317	0.983841108394658	0.137	0.053	1
SSBP1	0.170678461379516	0.754525917353679	0.255	0.142	1
PABPC1	0.171256515290914	-0.84064043777895	0.314	0.442	1
CTNNA1	0.173007138873217	0.811841530330718	0.176	0.08	1
SGK1	0.174882754727482	0.786740060486734	0.176	0.08	1
SDHD	0.175611429791464	-0.836238762026094	0.078	0.186	1
LIFR	0.175862071674925	0.934838260471119	0.353	0.239	1
HSP90AA1	0.176118801802094	0.490073795957503	0.706	0.584	1
TPM4	0.176136354467323	0.472616345663974	0.373	0.23	1
RPS17	0.176296516022424	-0.449080277495529	0.333	0.487	1
ATRAID	0.176874477077162	0.527387485406906	0.216	0.106	1
ZNHIT1	0.177164245143227	0.417120154962474	0.235	0.124	1
RTCB	0.178197903926093	0.891484471514541	0.118	0.044	1
GIMAP4	0.179024851969182	0.616344906041663	0.275	0.15	1
PPIC	0.181338434188428	0.74253042042469	0.176	0.08	1
RPL23	0.183271004897508	-0.304743220674603	0.745	0.752	1
EIF3K	0.184317214939344	-0.645005645923793	0.275	0.407	1
SAP18	0.184548003791052	0.533793935394962	0.412	0.345	1
DNAJB4	0.185375349921249	0.748869794819113	0.216	0.115	1
MT-ND5	0.185891346331017	0.575019164053226	0.137	0.053	1
RPS24	0.187452954117599	-0.27250755500867	0.961	0.947	1
CFL1	0.187893612318736	0.439146905894242	0.588	0.504	1
PSMA6	0.188542432179654	-0.820211305397317	0.059	0.15	1
CD55	0.188827050703289	-0.716595266806066	0.039	0.124	1
RPLP2	0.190108617509256	-0.288887461712763	0.784	0.885	1
PNISR	0.190271160321864	0.543855857424209	0.137	0.053	1
TMED2	0.190466954269087	-0.791098685311434	0.039	0.124	1
TBC1D15	0.191098365138116	0.586926314064172	0.137	0.053	1
MRFAP1	0.192086151035763	-0.76071274278545	0.157	0.212	1
TJP1	0.192689742379882	0.542581031747106	0.216	0.106	1
SPCS2	0.193490083035611	-0.441709623568403	0.078	0.177	1
BAG5	0.19349875393898	0.402708984869947	0.157	0.071	1
ATP5F1E	0.193965479583309	-0.310600761599773	0.431	0.575	1
LSM4	0.197424713310765	0.502063939129488	0.137	0.053	1
RBBP6	0.197823098045863	0.736355751295582	0.137	0.115	1
ARRDC3	0.198038381113676	0.560098735051613	0.137	0.053	1
ANXA11	0.198039852918468	0.734917744602907	0.137	0.053	1
RAC1	0.198148925891436	0.566077592919555	0.471	0.389	1
SLC9A3R2	0.199200191561901	-0.662602415397305	0.098	0.204	1
RBP1	0.200543213258048	-0.643631861560492	0.137	0.257	1
MPZL2	0.201541650577042	0.583798766432354	0.137	0.053	1
OLFM1	0.201892853544921	0.595523008161213	0.176	0.08	1
KRR1	0.204293879132757	0.639744325032742	0.176	0.08	1
SINHCAF	0.205977886476251	0.641625760052721	0.176	0.08	1
HMGB2	0.206646355125295	0.366293152375507	0.157	0.071	1
DNAJC7	0.207211389742907	0.613462516883933	0.137	0.053	1
PMF1	0.207269084862767	-0.88183512512062	0.039	0.106	1
SDHB	0.207787829454981	0.591538180018855	0.137	0.053	1
SPAG9	0.207829215689247	0.597640343264666	0.137	0.053	1
HSP90B1	0.208107225609959	0.39794528338096	0.118	0.221	1
ARHGDIB	0.209678490548439	1.0132128499666	0.137	0.062	1
PSMB10	0.209850583619173	-0.46972266507473	0.039	0.115	1
NME2	0.210825270247015	-0.346302136612551	0.353	0.496	1
NDUFB7	0.212264350146694	-0.71489486333254	0.078	0.177	1
BST2	0.212535860249052	0.265362028943486	0.49	0.345	1
UFM1	0.213728318991742	-0.669287960197776	0.059	0.15	1
RNASEK	0.214087577970148	-0.730935825279898	0.118	0.23	1
ARID5B	0.21417686994271	0.509386248558384	0.157	0.071	1
GADD45B	0.214874385612148	0.547557603882206	0.431	0.292	1
HMGN2	0.215924051870606	0.454461224837764	0.255	0.142	1
NDUFB10	0.217214896839482	-0.8187949141823	0.098	0.204	1
RIPK1	0.218253472628521	0.881320362070758	0.118	0.044	1
JUND	0.225461648707309	0.385448505236315	0.549	0.407	1
TUBB4B	0.226318591647495	0.794535025487443	0.275	0.204	1
TCEAL8	0.227116322898921	-0.644300362511912	0.039	0.115	1
SEC61B	0.227340654565563	-0.822478088221382	0.196	0.292	1
CXCL8	0.227907598472267	-1.17109855981978	0.039	0.115	1
SMDT1	0.227945857353797	0.735196186886871	0.275	0.168	1
EGR1	0.228847559862125	0.622782971988351	0.569	0.425	1
VDAC1	0.229006719618282	0.425394782870556	0.196	0.097	1
PSME1	0.229288113750389	-0.582430254329455	0.216	0.345	1
LAMTOR4	0.232076485641231	-0.407517958219089	0.098	0.195	1
DNAJC19	0.232386551667647	0.329499254010682	0.118	0.044	1
C12orf57	0.233443557683938	-0.698627516570124	0.196	0.257	1
MXRA7	0.233719580764178	0.616129688537008	0.196	0.097	1
ERH	0.233771159821128	0.35472559529706	0.275	0.159	1
RAP1B	0.233915174854	0.375415079782493	0.294	0.177	1
BCAP31	0.234171853679797	0.740980812795659	0.196	0.097	1
NDUFB3	0.234618937836799	-0.754169536237216	0.098	0.195	1
UBE2S	0.236108090169213	0.666431041168078	0.196	0.097	1
FNTA	0.238103947960235	-0.577232005303393	0.039	0.115	1
PLPP1	0.238166887180228	-0.860764571489936	0.039	0.115	1
HLA-DQB1	0.238550649279988	0.67593271714974	0.275	0.159	1
RSRC2	0.239292930133091	-0.711965658773007	0.039	0.115	1
H2AFV	0.239492361068423	-0.868052867196582	0.059	0.106	1
GADD45GIP1	0.240773442182867	0.333893708844097	0.176	0.088	1
PLIN2	0.241226052878872	0.674613495730503	0.118	0.044	1
SELENOW	0.241505071235988	0.329132758629793	0.431	0.46	1
RPS19	0.242169558433055	-0.273664140552549	0.941	0.947	1
TAP1	0.242491664798038	0.432953731836606	0.216	0.115	1
TPM1	0.243527702831298	-0.903846796157585	0.118	0.221	1
VPS29	0.244084389586453	0.869843554013571	0.196	0.106	1
SPTBN1	0.244961956075758	0.365144675928209	0.196	0.106	1
SRSF4	0.245568336744357	0.831492704395213	0.118	0.044	1
PSMC3	0.246001762568764	-0.691172034980315	0.039	0.115	1
VAPA	0.246020816830642	-0.367210783221325	0.235	0.23	1
TAF15	0.246599274216794	-0.610673404802682	0.039	0.115	1
TSPAN13	0.247117082260839	0.541430322156487	0.118	0.044	1
MGLL	0.247471926516387	0.78880909386891	0.118	0.044	1
CDC42EP3	0.247551922572362	0.422104445090131	0.216	0.115	1
KPNA4	0.248137365642841	0.579696453466167	0.118	0.044	1
POLR2K	0.248153175958128	-0.643624351495738	0.039	0.115	1
PPFIBP1	0.248977043526226	-0.881462764494557	0.039	0.115	1
TLE5	0.249114436807656	-0.668473105484938	0.039	0.115	1
STAG2	0.249347021920145	0.655241408762493	0.118	0.044	1
PROS1	0.249402383072089	0.602712771743453	0.118	0.044	1
RPS10	0.249492121989996	0.352372986774014	0.667	0.558	1
FAU	0.250062033734994	-0.340007492936905	0.804	0.885	1
TIMP3	0.251661906853734	0.321795938818428	0.353	0.248	1
NES	0.252316230205224	0.804622690219624	0.157	0.071	1
IFITM3	0.252964904549869	0.296366397800865	0.843	0.814	1
COX7A2L	0.255236757001978	-0.763802228268842	0.118	0.212	1
CHD1	0.255365525688906	-0.735091704652894	0.039	0.106	1
SERPINH1	0.256098435028746	0.265554379853206	0.118	0.053	1
SLC40A1	0.256166241954748	-0.713018572854109	0.078	0.168	1
ITM2A	0.256637682169328	0.57217897151272	0.373	0.265	1
UXT	0.258065630586993	-0.743443845220415	0.078	0.15	1
COMMD6	0.258531633991487	-0.599712083836417	0.255	0.381	1
SAMHD1	0.25864061256544	0.410443523110884	0.137	0.062	1
KLF4	0.259096846715117	0.789869045238984	0.275	0.212	1
SEC61G	0.259396618924282	0.570554570633401	0.196	0.177	1
FOXP1	0.259519095687606	0.472859549824174	0.176	0.088	1
EIF4A3	0.259758398086098	0.391160207006862	0.176	0.088	1
MT-CYB	0.259864681843819	0.679504630419505	0.314	0.292	1
RPL35	0.262076605278588	0.289207128944451	0.804	0.805	1
MORF4L2	0.263835983739232	-0.754108609440889	0.059	0.133	1
SRSF3	0.266548842861439	0.563159813616776	0.451	0.327	1
SERPINB6	0.266555401403694	0.69281904715981	0.196	0.133	1
CMPK1	0.269994827736641	0.732513137046997	0.137	0.071	1
RPS21	0.270739611771614	-0.36528025887929	0.725	0.761	1
RHOB	0.271568792016659	-0.329571569135216	0.059	0.133	1
DYNC1LI2	0.274354228486775	1.00660474467392	0.118	0.053	1
FTL	0.274512784508002	0.351579286954173	0.706	0.646	1
RAB13	0.275995734609596	0.5132888239628	0.235	0.133	1
VKORC1	0.2765994704144	-0.911105681560413	0.059	0.133	1
EBPL	0.276724259405171	0.252232738668534	0.176	0.097	1
BHLHE40	0.280940512822714	0.726949094658024	0.255	0.159	1
CDKN1C	0.28199938231708	-0.82287645761313	0.039	0.106	1
RSL1D1	0.284334952998191	0.484080386971624	0.275	0.168	1
DDX17	0.284544976554243	0.719304208984328	0.275	0.168	1
PEA15	0.285901687429762	0.500283562618453	0.176	0.088	1
MYL6	0.285975753078148	0.46274623260544	0.647	0.575	1
SNW1	0.285977940393289	0.723242962964069	0.176	0.088	1
SRRM1	0.287638101918687	-0.274828709866039	0.118	0.212	1
HSPE1	0.288360871553656	-0.672054260840619	0.196	0.292	1
POLE4	0.289521404441837	0.256883226712022	0.176	0.097	1
DYNLT1	0.289563601003527	-0.779479424468741	0.059	0.124	1
UBE2I	0.290082409346843	0.70718734683346	0.157	0.08	1
SLC25A6	0.290536043327569	-0.700455917346213	0.196	0.283	1
TPM3	0.290971555796497	0.565821254167219	0.471	0.398	1
HERPUD1	0.291492336036996	-0.816057672521225	0.118	0.195	1
RPLP0	0.292042870477477	-0.350092207299722	0.745	0.805	1
PSMB4	0.293147199568714	-0.592801435325815	0.078	0.159	1
BCAP29	0.294791274570215	0.572094408815472	0.137	0.062	1
TRAPPC5	0.294935703411852	-0.96394617415727	0.078	0.106	1
UBXN1	0.295214750864396	0.529755272100553	0.275	0.168	1
RNPS1	0.299558447167078	0.641804272202738	0.137	0.062	1
SDCBP	0.300835960266009	0.545323894091931	0.608	0.504	1
HDLBP	0.30132038881773	-0.511189120183773	0.039	0.106	1
COX6C	0.301570560896609	-0.61113159479658	0.235	0.327	1
TFAM	0.30232852462837	-0.525499432618345	0.039	0.106	1
PHB2	0.304022108428208	0.635510970108186	0.196	0.106	1
YY1	0.304927745474532	0.550242235845267	0.137	0.062	1
RGCC	0.305073713992872	-0.858919041350333	0.118	0.212	1
NNMT	0.305122655568578	-0.581734834302327	0.196	0.31	1
ATP5PD	0.306178840852643	-0.54730114175225	0.137	0.239	1
NDUFB8	0.306286399749927	-0.517666859351358	0.137	0.239	1
RPL38	0.308211390331425	-0.387475107982755	0.686	0.735	1
HP1BP3	0.308900302588645	0.555942203789635	0.196	0.106	1
RPL12	0.309494230516783	-0.266523143652307	0.843	0.867	1
EIF3L	0.309624574791836	0.525665884552236	0.216	0.124	1
EIF3I	0.30969532986086	0.439447545347575	0.294	0.186	1
SARAF	0.309764267842183	0.357845386949833	0.216	0.124	1
STX10	0.311840222579968	-0.532584026459554	0.039	0.106	1
LEPR	0.312488843989336	0.684741685563235	0.196	0.106	1
CD63	0.316520757352361	-0.478994194838512	0.49	0.611	1
UQCRFS1	0.317450284640746	-0.509452575574867	0.059	0.133	1
TOMM5	0.318452257772448	0.671204209338711	0.137	0.071	1
NFIX	0.318660153968103	-0.623384604072575	0.039	0.106	1
NDUFS7	0.318699939872125	-0.728718336239021	0.039	0.106	1
CSDE1	0.319279002909941	0.67306025659232	0.235	0.142	1
JUN	0.322750402837602	0.446450327059417	0.451	0.363	1
MCFD2	0.32544771292935	-0.700827098870481	0.078	0.15	1
CEP112	0.326550082042732	0.613910492794627	0.118	0.053	1
CAPNS1	0.326625892627127	0.469449343216439	0.216	0.124	1
ELOB	0.327439725671324	-0.359891071898798	0.216	0.327	1
TTC3	0.328457252913519	-0.329100761940782	0.118	0.204	1
GSTK1	0.331616431744277	-0.656776279391883	0.059	0.133	1
FLOT1	0.331692380707037	0.707729575136333	0.176	0.097	1
UBE2D2	0.333327418803282	-0.545124644529498	0.098	0.186	1
SP110	0.337499624897122	0.693959407375368	0.118	0.053	1
PNP	0.338540868560151	0.615485294509434	0.255	0.159	1
XBP1	0.339413996369298	0.826670554737083	0.118	0.071	1
RPS11	0.341235358521713	-0.314335914984806	0.784	0.867	1
COX7C	0.341538946784765	-0.472470384444725	0.412	0.496	1
GGNBP2	0.341744468975076	-0.802793110541503	0.078	0.106	1
NENF	0.343059841742188	0.432328999175362	0.157	0.08	1
PPP2R2A	0.343115903390276	0.554025662366657	0.157	0.08	1
VCAM1	0.344252666182043	0.583151139159455	0.157	0.08	1
STAT3	0.344973075222533	0.613146709073196	0.118	0.053	1
IL3RA	0.345186743306274	0.62569009388986	0.118	0.053	1
PODXL	0.345593805405094	0.613133751674929	0.118	0.053	1
TUBA1B	0.345803834247716	0.434297280640662	0.529	0.407	1
NR4A2	0.345875297976462	0.51348186908462	0.157	0.08	1
CFLAR	0.346644681609291	0.644111117124733	0.157	0.08	1
CDC5L	0.346792989259221	0.826966691519107	0.157	0.08	1
ECH1	0.347580675196967	-0.655860901773821	0.059	0.124	1
ENY2	0.348504370328781	0.550558413754849	0.235	0.142	1
ANP32B	0.34910227268905	0.64404092598244	0.255	0.159	1
GINM1	0.349416765955681	0.734787605117251	0.137	0.071	1
C1QBP	0.349808138920062	-0.776537259042424	0.059	0.115	1
MX1	0.352514295363935	0.440912426283812	0.235	0.142	1
COX8A	0.352625418957807	-0.542763204343907	0.157	0.239	1
CYCS	0.353059221881016	-0.340013532518215	0.137	0.221	1
CANX	0.354360093719591	0.273523074073734	0.176	0.106	1
CAVIN1	0.355240663342664	0.532493629494291	0.255	0.159	1
FEZ2	0.355526111035139	0.415892565100303	0.118	0.053	1
ATP5MC2	0.357093948488375	-0.50099769538016	0.333	0.407	1
SHOC2	0.357376203212166	0.337464362196776	0.118	0.053	1
CMIP	0.357790817755466	0.696930740570302	0.118	0.062	1
PDLIM1	0.358044173883678	0.574841050620546	0.471	0.372	1
TSPO	0.358075081530364	-0.562455889875268	0.196	0.292	1
TCEAL4	0.358161618578981	-0.713718316646464	0.118	0.204	1
TMPO	0.360845074665798	0.601735161895078	0.118	0.053	1
MDFIC	0.360978223366504	0.394843335459992	0.118	0.053	1
PCGF5	0.363088717981266	0.731010562242621	0.118	0.053	1
MBNL1	0.364325219488664	0.768464847722855	0.118	0.053	1
YWHAE	0.365238757747961	0.534241541225189	0.392	0.301	1
ATP5MC3	0.3660672058746	-0.558304239404475	0.157	0.248	1
NOLC1	0.366088432159297	0.632488725831971	0.118	0.053	1
PPP1R15B	0.366973086291379	0.412395033997083	0.118	0.053	1
ACADM	0.367131174285901	0.562543388204064	0.118	0.053	1
BNIP2	0.368089787442663	0.66800480757135	0.137	0.08	1
HNRNPAB	0.368384778062856	-0.286678991734247	0.098	0.177	1
TAF1D	0.369007320901431	0.555882392761234	0.137	0.071	1
CAST	0.371096556961496	0.561556833288249	0.275	0.177	1
GABARAP	0.371179653278537	-0.640689022272821	0.176	0.265	1
MSN	0.37200937944677	0.401020243007362	0.216	0.133	1
SMARCE1	0.372213299395095	-0.730913031154284	0.078	0.142	1
PECAM1	0.37260993622598	0.475530924719436	0.275	0.177	1
CHCHD2	0.375557972262443	0.385265409628616	0.51	0.407	1
KDELR2	0.376615676456357	-0.80257674633693	0.059	0.106	1
RAMP2	0.377181490775853	0.35279583174451	0.392	0.283	1
TRIR	0.378100219568882	-0.565695432478023	0.235	0.301	1
GTF2H5	0.379894690389801	0.606513814899031	0.157	0.115	1
NAMPT	0.381045936964789	0.337362831404439	0.294	0.195	1
CYB5R3	0.382500978097295	0.707203377403307	0.137	0.071	1
GLUL	0.382532016293013	0.594202570738134	0.196	0.115	1
NAA38	0.383264091498736	-0.353170394372133	0.078	0.15	1
RPL39	0.383418608008099	-0.304482421416392	0.804	0.876	1
CLEC14A	0.384290879974796	-0.2790206453209	0.255	0.204	1
HNRNPR	0.384302015470746	0.765517654388208	0.157	0.088	1
CAV2	0.389705188029545	0.265751542194019	0.157	0.088	1
CBX3	0.38984413406229	0.404958062548098	0.255	0.168	1
EGR3	0.391749106318937	0.614357098018598	0.196	0.115	1
NXT1	0.392538072668491	0.317988957772337	0.137	0.071	1
ARPC1A	0.394070074117478	-0.621395724838741	0.059	0.124	1
MRPL32	0.394977035206127	0.611496794249332	0.118	0.08	1
SNRPD2	0.395976812022515	-0.510295291276137	0.196	0.186	1
BTG1	0.396986096919234	0.353464142909664	0.471	0.398	1
PIM3	0.397093083987699	0.733440248357944	0.118	0.088	1
MRPL33	0.397954822937438	-0.700343051412453	0.118	0.195	1
SRI	0.39855086718044	-0.675853278307775	0.157	0.248	1
RNF181	0.399614915683004	-0.780651892235093	0.059	0.115	1
CTTN	0.400772028520841	-0.647404394777085	0.059	0.115	1
PSMA3	0.4016546267203	0.482654910631307	0.216	0.133	1
CD34	0.402615849325353	0.329635765468463	0.235	0.15	1
COX17	0.402920309944427	-0.576692986882673	0.118	0.177	1
ITGA6	0.40339235601019	0.266581004484281	0.176	0.106	1
NSA2	0.404039529552154	-0.37856299427055	0.275	0.381	1
CPNE8	0.408382617890372	1.01861835275239	0.118	0.071	1
IKBIP	0.408836570288269	0.569207241323737	0.137	0.071	1
ATRX	0.409173050500524	0.906543347123817	0.118	0.071	1
PKP4	0.410420848178902	-0.735194374661776	0.059	0.106	1
EMP1	0.411611622043591	0.416906315900359	0.51	0.398	1
LAMTOR2	0.412406884955478	0.452744278255783	0.137	0.071	1
THOC7	0.412999243155163	-0.488502560375325	0.059	0.124	1
COMT	0.41322567615661	0.430368014340282	0.137	0.071	1
HEBP2	0.41326587589942	-0.586506784100951	0.078	0.15	1
MT-ND3	0.413591579118809	0.363735312455921	0.255	0.257	1
NAA20	0.414912026669137	0.564031986360421	0.118	0.062	1
NASP	0.415685143640974	0.609347440602874	0.314	0.221	1
LINC01578	0.415893807357542	0.449076270142891	0.137	0.071	1
TMED9	0.416214718749197	0.464491785487632	0.137	0.071	1
TUBB	0.416536506126713	0.331511390193897	0.216	0.133	1
ATP6V1F	0.416715510250981	0.581551212918759	0.176	0.106	1
TAX1BP1	0.416998301693153	-0.668780271216734	0.137	0.221	1
TXNL1	0.417498753129669	-0.625831913967843	0.078	0.133	1
UBE2B	0.41875881872652	0.675673910530819	0.137	0.088	1
GAS5	0.419692909977778	-0.399916221095008	0.255	0.354	1
MAT2A	0.419905027080747	0.316049734102653	0.157	0.088	1
ADGRL4	0.423959417183845	0.379865842687197	0.176	0.106	1
KLF2	0.427004296637299	0.651640043853517	0.529	0.425	1
FKBP1A	0.429464085313612	0.297803431857063	0.412	0.372	1
NDUFB2	0.429873788735514	-0.53006599120681	0.137	0.221	1
ATP5PO	0.430007466026684	-0.646269487416553	0.137	0.195	1
GMFG	0.430342993531669	-0.381058485571097	0.137	0.124	1
TNRC6B	0.432266467238794	-0.434281409770551	0.059	0.115	1
IER5	0.434550244984798	0.512512906179926	0.196	0.124	1
TMEM70	0.435096193051011	0.500628323218848	0.294	0.212	1
NFIA	0.435575773641618	-0.689775747837651	0.078	0.124	1
PPP2CA	0.438802580534426	0.352779148130326	0.157	0.088	1
ETS2	0.44265687954031	0.479825588444927	0.431	0.345	1
PRPF40A	0.444280801710486	-0.340482806153854	0.059	0.115	1
SH3BGRL2	0.445219659038176	0.599735715842097	0.118	0.062	1
U2SURP	0.445363594716115	0.559989901211021	0.157	0.088	1
GIMAP1	0.448660753040015	0.538472232951707	0.176	0.106	1
HLA-A	0.44885705352406	0.269023530828663	0.784	0.726	1
ENSA	0.44967925757264	0.404207912623065	0.176	0.106	1
PAK2	0.451080801359637	0.453091282372204	0.157	0.088	1
EMP2	0.451136820838193	-0.433747083425265	0.176	0.195	1
PRDX3	0.452194306589998	-0.553073363238792	0.059	0.106	1
MORF4L1	0.453962520985985	0.42806727206124	0.431	0.345	1
PPP1R14B	0.454226173509747	-0.584349505812331	0.078	0.124	1
FERMT2	0.456562520790723	-0.593761506577881	0.098	0.106	1
RRAS	0.456653514772335	0.538841904513427	0.118	0.062	1
ZFAND5	0.458893465266991	-0.415440924219016	0.255	0.239	1
CTNNAL1	0.459212536844439	-0.405222823601311	0.235	0.221	1
AHNAK	0.460788973718784	-0.706735919143903	0.098	0.159	1
SHISA5	0.461027411744658	0.262060862600098	0.118	0.062	1
EIF3E	0.462901659128197	-0.420716489421838	0.373	0.398	1
FUNDC2	0.463404810351472	0.523723846107525	0.176	0.106	1
HNRNPK	0.4647968713623	-0.322295324617512	0.294	0.389	1
TMEM59	0.465179285683733	-0.551516726044279	0.196	0.283	1
CYYR1	0.465278286201294	0.257600142149649	0.196	0.124	1
PET100	0.465352695100917	0.293377219708642	0.118	0.133	1
BEX3	0.467330968981733	-0.451212695775903	0.157	0.239	1
H2AFX	0.468676648619317	0.612020396214794	0.137	0.08	1
FIS1	0.469419361664622	-0.527232232207015	0.196	0.283	1
PSMB8	0.470703041540489	-0.326095991058603	0.157	0.23	1
CTSZ	0.471410844612051	0.572579484095531	0.118	0.062	1
DHX36	0.473236113148888	0.824924089371133	0.137	0.08	1
EIF4A1	0.473448345985336	-0.289371989331357	0.373	0.469	1
ZRANB2	0.474326461113042	0.428001838221027	0.176	0.106	1
MZT2A	0.475394071385925	0.367056932382687	0.118	0.062	1
SNRPD3	0.47599249402928	-0.501782460375143	0.098	0.168	1
NOP10	0.477241127606193	0.656298830219598	0.216	0.142	1
DAP3	0.480787086318141	0.330965603032574	0.118	0.062	1
MARCKS	0.481015343362606	0.483407850661985	0.196	0.124	1
KDELR1	0.481043713558116	0.619180806345991	0.196	0.124	1
ZFAS1	0.482510181422777	-0.487362636685745	0.275	0.327	1
NDUFA5	0.483828818226692	0.323331479571537	0.137	0.08	1
RCAN1	0.483907463768877	0.28164811854501	0.255	0.177	1
CHMP5	0.48399150069763	-0.285075422871911	0.196	0.274	1
IFIT2	0.484834001813319	0.60505672564123	0.196	0.133	1
NFIB	0.4853161053446	-0.713025487990251	0.137	0.204	1
AP1S2	0.486384861071705	0.398814361670845	0.196	0.124	1
TCIM	0.488507341213407	0.49511381342195	0.216	0.142	1
CSRP2	0.493499129668958	0.517263890957434	0.118	0.062	1
PLP2	0.493935921995779	0.465113777035093	0.118	0.062	1
JMJD1C	0.495460721534146	-0.291965343714448	0.078	0.142	1
MYADM	0.495824414657305	0.608881224454633	0.137	0.097	1
ATP1B3	0.496153049129008	0.437169122310696	0.118	0.062	1
DIPK2B	0.496156596772	0.444296682554914	0.118	0.062	1
INPP1	0.496178642703384	0.446519143266435	0.118	0.062	1
PNRC2	0.496293218616888	0.281247370630206	0.235	0.159	1
SAP30BP	0.496847089009424	0.643247975943283	0.118	0.071	1
MLF2	0.496880916292276	-0.533876685598256	0.078	0.106	1
SLTM	0.498645624200434	-0.289203877358172	0.059	0.115	1
PDCD4	0.499359402687875	-0.500452546445369	0.157	0.195	1
BORCS7	0.500207873491124	0.686154933266593	0.137	0.08	1
HIGD2A	0.500712406107939	-0.417850262754197	0.059	0.115	1
LSM2	0.504548896412497	0.559966219496225	0.157	0.133	1
DDAH2	0.505316539221798	0.554656732276982	0.137	0.08	1
ARL6IP4	0.508084743007389	-0.488659858117215	0.137	0.212	1
CYTL1	0.511433750151078	-0.553620052627758	0.118	0.142	1
UACA	0.511540283860039	0.625682691527568	0.137	0.106	1
FZD4	0.51169368331571	0.470727596989814	0.137	0.08	1
TAF10	0.516150947405449	0.272270171673083	0.137	0.08	1
SNRPF	0.517339875708885	0.369787922422355	0.255	0.177	1
PPP1R12A	0.518088712792256	0.588434603047375	0.157	0.097	1
SET	0.518704304781653	0.346378559064306	0.314	0.248	1
BUD31	0.52164119753706	-0.280463415839187	0.118	0.097	1
UBE2V1	0.522897935813125	-0.5380596539319	0.118	0.159	1
BEX4	0.524068839391439	0.547937432281403	0.137	0.08	1
PLAAT4	0.526782989903587	-0.741071420972242	0.078	0.124	1
CBR3	0.526890101222423	0.384313405280863	0.137	0.08	1
ARGLU1	0.526894209132744	0.640877605563566	0.176	0.115	1
MT-ND4	0.526993629469447	0.849057141346582	0.216	0.186	1
HNRNPF	0.528794536123932	0.284898538833702	0.333	0.248	1
SF3B5	0.530555719234162	-0.3037884298823	0.098	0.15	1
YIPF3	0.53092001953011	0.492373314808426	0.137	0.08	1
CD99	0.531133012689224	0.600230169361789	0.157	0.115	1
ZEB1	0.53396444009722	0.534056178097979	0.137	0.08	1
RTF1	0.534146095206457	-0.362624863256647	0.059	0.106	1
HSBP1	0.535296189822996	-0.360424271516984	0.118	0.186	1
PSMC1	0.536790709380284	0.48088973369647	0.137	0.097	1
MYL12B	0.54230970740754	-0.397338104052622	0.471	0.531	1
KHDRBS1	0.542595158716519	-0.464357010438238	0.078	0.133	1
NDUFB9	0.543645854053416	-0.372097992668492	0.098	0.159	1
GNG5	0.544395011276913	-0.399669943308042	0.235	0.292	1
SRP14	0.547041228800636	-0.374014791145956	0.686	0.664	1
MRPL57	0.547615120429561	-0.509778691077516	0.098	0.142	1
TOP1	0.548501222614331	-0.436861945554738	0.176	0.186	1
PPIB	0.549201413894735	-0.288203145881668	0.314	0.301	1
SQSTM1	0.549516753134459	0.469991814611146	0.294	0.239	1
HNRNPU	0.5513274282078	-0.306400880550166	0.235	0.239	1
RAB7A	0.552657895764529	-0.277860720579031	0.098	0.159	1
IGFBP5	0.552917894222735	-0.740245064966959	0.059	0.106	1
SELENOF	0.553136435463642	0.294393287349851	0.157	0.097	1
ATF3	0.555135398546824	0.283571358147316	0.314	0.292	1
PHACTR2	0.558437876946839	0.358038501866339	0.176	0.159	1
ANXA4	0.558656939363899	0.524103192394121	0.157	0.106	1
GNG10	0.558700149613647	-0.422136113811757	0.098	0.159	1
CCT6A	0.561461548623711	-0.600488053668163	0.118	0.177	1
IER2	0.563748091223405	0.474369266528589	0.333	0.257	1
PDIA3	0.565012208013167	0.440418649956953	0.216	0.15	1
DUT	0.566285408379665	-0.602998759084725	0.098	0.15	1
KTN1	0.568677624469007	0.258016340732236	0.255	0.239	1
PHB	0.573217917415249	-0.26817180505157	0.137	0.106	1
ARPC3	0.573979478108323	-0.335934870572796	0.255	0.336	1
CTSL	0.575153708633973	0.305429828198223	0.137	0.133	1
SH3BGRL	0.575355256938124	-0.589002542794638	0.176	0.23	1
RBP5	0.575690820621302	-0.388665359304601	0.078	0.133	1
ESAM	0.57571541652868	0.445050883504551	0.196	0.133	1
SNU13	0.575927103614961	-0.277579390861731	0.196	0.265	1
PNKD	0.576361306346593	-0.464158665145396	0.078	0.133	1
TPI1	0.576520974269443	-0.412120213271059	0.216	0.292	1
CEBPD	0.576645759358106	0.304772955500376	0.549	0.558	1
SNRPB2	0.577578733172894	-0.415524861885883	0.118	0.142	1
ECI2	0.578207406310861	0.383141207881296	0.176	0.115	1
NRP1	0.58031102852108	0.270486105813237	0.118	0.071	1
UBL5	0.580715980293464	-0.386392592164678	0.294	0.336	1
PRRC2C	0.581287343921479	0.372230637289807	0.235	0.195	1
PSAP	0.583374155012283	0.387126118441379	0.196	0.133	1
LSM7	0.588710318331532	0.538512614557287	0.137	0.097	1
NUDC	0.589184474842508	0.36032385587147	0.216	0.15	1
TMEM50A	0.589531516441722	0.402637558001387	0.216	0.15	1
NSRP1	0.589940267598637	-0.56113309739301	0.059	0.106	1
COX5A	0.58994420712787	-0.467155272351438	0.098	0.15	1
APP	0.590020030701886	0.319225412287874	0.196	0.133	1
NDUFA13	0.591094490152684	-0.432952019190243	0.137	0.195	1
LRRFIP1	0.59331544482187	-0.410789043491691	0.176	0.239	1
ISG15	0.59507878243578	-0.622451498190052	0.176	0.221	1
GPX4	0.596463254002635	0.375646595966781	0.235	0.177	1
WBP11	0.59788832397023	0.670030727685806	0.118	0.08	1
CNBP	0.597956391399466	0.343429646228172	0.314	0.248	1
H2AFY	0.599642308095548	-0.46097663930842	0.059	0.106	1
RSF1	0.601155494390111	-0.467138743835335	0.059	0.106	1
SMIM26	0.601199873187726	-0.42472074841772	0.059	0.106	1
FAM177A1	0.603476644751057	0.365608372767869	0.118	0.071	1
LMCD1	0.60525448025544	0.41097044057683	0.294	0.221	1
PFDN5	0.605623649203074	0.312925534471359	0.569	0.496	1
PSME2	0.606044539515809	-0.4690221883017	0.176	0.212	1
YTHDF2	0.609798307821468	0.440536370502366	0.118	0.071	1
SELENOH	0.612318161947448	-0.534242718733147	0.118	0.177	1
HLA-DRB5	0.616306318263642	0.481058030983832	0.176	0.133	1
PRNP	0.61648755715732	0.330694708595518	0.118	0.071	1
CD46	0.620262518410486	-0.461214069749945	0.098	0.106	1
BNIP3L	0.62093224227781	0.410539094359721	0.118	0.071	1
CLDN5	0.621508373797309	-0.358123122385503	0.216	0.212	1
RBMX	0.622033036740673	0.506162646728154	0.137	0.097	1
ANP32E	0.625980749192141	0.413329767349538	0.118	0.124	1
TPR	0.626511758588894	0.679488027171629	0.176	0.133	1
REEP5	0.630897627939784	-0.276596505417892	0.078	0.124	1
LYRM1	0.631909325683762	0.27394379930104	0.137	0.088	1
NDRG1	0.632602340730274	0.460868360472672	0.118	0.106	1
SERP1	0.633005151651601	-0.531953649459552	0.137	0.195	1
GIMAP7	0.63524674474252	0.6104052012203	0.235	0.186	1
S100A16	0.635358134160181	-0.334025746997725	0.137	0.195	1
MICOS10	0.635534092388564	-0.531454993646452	0.078	0.115	1
RTN4	0.635579545601004	0.371571202445746	0.157	0.106	1
MRPS21	0.636744251550936	0.325677358465976	0.176	0.133	1
UBE2L3	0.637829197099374	-0.423785555136334	0.098	0.15	1
GBP4	0.638290551537556	0.406926285857579	0.137	0.088	1
ZFP36L1	0.639596538845813	0.539487562241996	0.333	0.265	1
CAPZB	0.640821228171931	-0.310520409929976	0.098	0.15	1
ARL4A	0.640879210323946	0.508858899367115	0.157	0.133	1
C1orf115	0.642780177916782	-0.49354653015488	0.098	0.15	1
SYF2	0.645892922395801	-0.616410270312996	0.118	0.15	1
WTAP	0.646318530337304	0.32004900014775	0.137	0.124	1
ERF	0.647167113497307	0.312650977811455	0.157	0.106	1
CLEC2B	0.648578490585841	-0.520091781990717	0.137	0.186	1
SNCG	0.654164951465977	0.480057057882614	0.157	0.115	1
RUNDC3B	0.656584502665214	0.255466149623963	0.176	0.124	1
EEF1B2	0.657203956976989	-0.292140997111051	0.608	0.664	1
METRNL	0.661081283165629	0.42221096976682	0.118	0.08	1
BRK1	0.66164530621919	-0.473454495189679	0.137	0.195	1
TMEM88	0.661651382195674	0.351748181591685	0.157	0.159	1
OST4	0.661881902535158	-0.420166111090559	0.255	0.274	1
TMED10	0.663837044993009	-0.457117250011283	0.098	0.133	1
CCNL1	0.664079999502368	0.310333469406399	0.314	0.248	1
LAP3	0.665845935610015	-0.356261886146201	0.157	0.186	1
ATP5F1B	0.667091064777618	-0.319620229585904	0.196	0.186	1
GABARAPL2	0.669262787140167	0.278974732569309	0.255	0.195	1
CALR	0.670385101251384	0.369872980068023	0.294	0.265	1
CALD1	0.670540661991652	0.32369195762763	0.196	0.142	1
ANAPC16	0.671348608980687	0.262161306817874	0.275	0.212	1
ANP32A	0.672844462494455	-0.379056956069728	0.118	0.133	1
MAGOH	0.674199201346854	-0.367220244604373	0.118	0.159	1
RAB14	0.674731991599816	-0.4731456224994	0.078	0.124	1
PRDX4	0.675595628503305	-0.281365424468033	0.078	0.124	1
CTSH	0.675829061041914	0.276636636591574	0.176	0.124	1
TUBA1A	0.678627211224918	-0.447060595419172	0.196	0.239	1
SOD2	0.679008780255715	0.540341765251417	0.314	0.257	1
TBCA	0.680680756164617	0.3569136480209	0.216	0.159	1
RSL24D1	0.680900396891521	0.328249103919125	0.216	0.159	1
PCNP	0.681656134755442	0.409942624177866	0.196	0.142	1
IFIT3	0.683678228538389	0.401471631929549	0.216	0.186	1
MIDN	0.684143491357485	0.435983314545522	0.235	0.186	1
FAM13C	0.684223731597281	0.26969456213755	0.137	0.097	1
IGBP1	0.688452893388999	-0.349731371246869	0.098	0.106	1
LAPTM4A	0.690899492017074	-0.339233704727943	0.275	0.31	1
CCT4	0.691000547755536	-0.311897459758034	0.118	0.168	1
CSRP1	0.694488056869395	0.49021110481801	0.118	0.088	1
NDUFA1	0.697599450289538	-0.296321556011728	0.255	0.274	1
PICALM	0.698662797739666	0.620615972268169	0.137	0.097	1
GNAS	0.699364472944067	-0.293926642505996	0.314	0.354	1
COPB1	0.699489437175112	0.419652870714485	0.137	0.097	1
COX7A2	0.709046262915664	-0.338767619922515	0.137	0.142	1
SRSF11	0.711345637615747	0.465763166204882	0.196	0.159	1
PA2G4	0.716803662804864	-0.387962848720106	0.157	0.168	1
HLA-DQA1	0.719436157757522	0.389753011281373	0.137	0.097	1
SPART	0.723957726234665	0.294183662224504	0.118	0.08	1
CCN2	0.725118506942606	0.708166913367295	0.118	0.08	1
TNFSF10	0.729199888039881	0.3084775318235	0.255	0.204	1
SOX17	0.730151181551213	-0.344704450697556	0.235	0.292	1
PCMTD1	0.730277503793143	-0.468149570201382	0.098	0.142	1
DNAJC8	0.731895884386461	-0.355531768578707	0.176	0.23	1
SSB	0.733110902379781	0.521938665734882	0.176	0.133	1
NFKBIZ	0.733561057333306	0.259938536009313	0.216	0.168	1
IER3IP1	0.734708694563827	0.357057900544272	0.118	0.08	1
NCL	0.736039775671179	-0.306932055820847	0.373	0.345	1
EIF5B	0.738534562157056	0.289099359527267	0.176	0.133	1
NUCKS1	0.738677586920353	0.274187025262055	0.353	0.292	1
KRTCAP2	0.740198400249352	-0.333208437178258	0.216	0.248	1
RHOU	0.741482319948785	-0.323259488520417	0.118	0.133	1
LARS	0.742561135299777	0.45529039347087	0.137	0.097	1
CCDC59	0.743855017430687	0.314257697867696	0.137	0.097	1
NDUFA6	0.744409229798906	-0.375824657572764	0.078	0.106	1
OSTC	0.745884963459523	0.330897901476492	0.137	0.106	1
SNRPC	0.746211360311962	0.327232995682347	0.118	0.08	1
EIF1AX	0.748205160049169	-0.429443292360415	0.176	0.204	1
TMEM256	0.750722100056571	-0.476512109135256	0.078	0.106	1
CAP1	0.751445290740888	-0.363265315734735	0.078	0.115	1
MAP4	0.753807205812572	-0.40373289918763	0.098	0.124	1
GBP1	0.755143772843986	0.293587857913818	0.196	0.15	1
PDK4	0.755427681966023	0.503095938317325	0.118	0.106	1
COPS9	0.758160663445352	-0.460018748752652	0.098	0.124	1
CNIH1	0.761183416474295	0.388619191085063	0.118	0.088	1
CCT7	0.763779545993051	-0.387632745696633	0.137	0.168	1
CSNK1A1	0.768167367577371	0.334578136747972	0.235	0.186	1
PTMS	0.768318743197669	-0.283980249979711	0.275	0.327	1
TCP1	0.772305081275671	-0.375178895686719	0.098	0.133	1
REX1BD	0.773261318623264	-0.460624684863226	0.098	0.124	1
RWDD1	0.773789261375895	-0.344040157497722	0.137	0.177	1
ARL6IP5	0.774912146245025	-0.32547619342623	0.157	0.177	1
PALM2-AKAP2	0.782335262723987	0.402539195038302	0.118	0.106	1
CEBPZ	0.782406184703119	-0.43716864094773	0.118	0.115	1
STC1	0.785198857651317	0.476803292942079	0.118	0.088	1
PRDX2	0.786204481368652	-0.285791342937529	0.176	0.221	1
CSRNP1	0.786427295807657	-0.381444917359563	0.157	0.195	1
NDUFA4	0.788706498450247	-0.295273464139137	0.314	0.363	1
SUMO2	0.788822216963421	-0.323023111163431	0.294	0.327	1
TMEM258	0.790824490474675	-0.441137049781307	0.137	0.15	1
MTDH	0.790983496345079	0.438356074660491	0.157	0.124	1
SSR3	0.795084008678625	-0.418704692850157	0.078	0.106	1
PLSCR1	0.796106785288642	0.441000133810417	0.137	0.106	1
RILPL2	0.800312003140385	0.262247514808827	0.157	0.124	1
TMBIM4	0.800735728067366	-0.426604550260185	0.196	0.23	1
PSIP1	0.801495403280066	-0.285165736438092	0.137	0.133	1
LSM3	0.804897403089642	0.354512587213176	0.137	0.115	1
LHFPL6	0.809174963012277	-0.379099772119839	0.157	0.168	1
FXR1	0.809861176957966	0.33352555071974	0.216	0.177	1
ATP6V0E1	0.810248455408966	0.342574558680463	0.235	0.204	1
EIF5A	0.810649939217853	-0.288170553016128	0.157	0.177	1
MT-ATP6	0.814497152590048	0.357329811595614	0.333	0.31	1
GTF2B	0.814943704752943	0.478496278393264	0.137	0.106	1
SSR2	0.815828395403857	-0.295463779270393	0.157	0.195	1
PSMA1	0.819303514595139	-0.294487487473428	0.137	0.168	1
DNTTIP2	0.831936622088026	0.419763776446158	0.137	0.106	1
FBL	0.834282887203682	-0.312229522820661	0.098	0.124	1
PDCD6	0.838530331599941	0.283033486227758	0.137	0.106	1
HSPA1A	0.839821220079797	-0.404253201487148	0.235	0.195	1
DHRS7	0.841462051155647	0.289874961315279	0.137	0.106	1
RBM25	0.842043002769321	-0.386447168952645	0.098	0.124	1
RNH1	0.844500701034701	-0.304524533419452	0.118	0.15	1
MAPK3	0.84684193175371	0.28631805599971	0.118	0.088	1
CWC15	0.8469876180031	-0.26434527451378	0.078	0.106	1
UBE2M	0.851962266955221	-0.290775999265533	0.078	0.106	1
BRD2	0.85337134151903	0.371616448952947	0.196	0.177	1
NDUFB1	0.853540555127498	-0.380420776242335	0.176	0.212	1
DYNLRB1	0.855913573875393	0.415783564958686	0.176	0.168	1
NPDC1	0.860215012866829	0.257122510644428	0.294	0.257	1
ARF4	0.864894524213454	-0.311675591034354	0.157	0.186	1
PCM1	0.866963531385994	0.257204189429958	0.137	0.142	1
C9orf16	0.876454965129583	-0.27968156116393	0.137	0.168	1
SWAP70	0.878199245596162	-0.276940953172392	0.118	0.124	1
NDUFA3	0.885381342091022	-0.256982377848637	0.098	0.124	1
SERINC3	0.885833121257234	-0.253281804958588	0.098	0.124	1
PSMD8	0.889093042793953	-0.370981745999683	0.098	0.124	1
DEK	0.889779453284848	0.277404157213476	0.216	0.186	1
PCAT19	0.89434718542147	-0.253425779852185	0.157	0.186	1
SRSF7	0.904239348202491	0.406685341393922	0.196	0.168	1
C19orf53	0.90498946187923	-0.326853388975355	0.176	0.195	1
SELENOM	0.90603191280814	-0.279233561915074	0.137	0.15	1
RHEB	0.91431059739663	-0.253884044851457	0.118	0.124	1
MALAT1	0.916734141492114	1.06039839498176	0.608	0.575	1
EIF3J	0.921466863532122	-0.394792081592899	0.098	0.115	1
TIMP1	0.926055369297867	-0.299092257430346	0.275	0.301	1
SUPT4H1	0.928296560627348	-0.283725498507431	0.098	0.115	1
CSNK2B	0.95784619470423	0.309431973161396	0.157	0.15	1
DNAJB1	0.96219656471549	-0.2598844350559	0.176	0.195	1
MT1X	0.964116274435273	0.349529526649662	0.294	0.283	1
