	p_val	avg_log2FC	pct.1	pct.2	p_val_adj	perDiff	FC
RPL17	4.279234075806e-107	-1.11449582760119	0.739	0.959	1.25732455615332e-102	-0.22	-2.16519329808176
SNHG29	3.08857555710076e-92	-1.0694064851182	0.414	0.852	9.07485270187345e-88	-0.438	-2.09856985233865
EEF1G	3.06115347545541e-91	-0.971496991181189	0.511	0.875	8.99428114158308e-87	-0.364	-1.96087421205282
KIAA1551	1.05076962622546e-78	1.31736834169951	0.346	0.042	3.08737131577565e-74	0.304	2.49211102327287
LRFN5	9.95106635365886e-78	1.1686762588273	0.305	0.026	2.92382231603205e-73	0.279	2.24805332715357
NME2	1.57129776855453e-75	-0.777968353151608	0.451	0.847	4.61678710356693e-71	-0.396	-1.71471445901019
AC024230.1	3.44997559883836e-71	2.67642587607529	0.333	0.221	1.01367183045069e-66	0.112	6.39270214552743
RPL36A	1.25723599600487e-69	-0.665412694738402	0.739	0.966	3.6940108034615e-65	-0.227	-1.58602190289698
EIF4A1	5.70159485652521e-63	-0.745816515791772	0.674	0.918	1.67524260074424e-58	-0.244	-1.67692308162282
MT-RNR2	2.24625580368389e-62	3.85939742707348	0.252	0.023	6.599948802384e-58	0.229	14.514243029971
MIF	7.60674966290699e-60	-0.650875476851815	0.6	0.889	2.23501518595533e-55	-0.289	-1.57012070987508
RPS27	6.44541116501304e-57	-0.55064865126818	0.935	0.996	1.89379070850413e-52	-0.0609999999999999	-1.46474411268784
RPL26	1.7666724504785e-56	-0.365220848149233	0.746	0.973	5.19083699399594e-52	-0.227	-1.28807879387054
TNNT1	5.78343357840247e-56	0.493809551430064	0.358	0.079	1.69928845400621e-51	0.279	1.40815832522555
MT-ND3	6.48017071337301e-56	-0.624442086932683	0.898	0.978	1.90400375900326e-51	-0.08	-1.54161454331078
ITM2B	2.12119224094222e-55	0.305556367736015	0.871	0.973	6.23248704233644e-51	-0.102	1.23589516168937
CYR61	3.3829130587806e-54	1.10523256540662	0.314	0.056	9.93967514930916e-50	0.258	2.15133555267786
IFITM3	5.32179848338182e-54	0.355330004395635	0.788	0.93	1.56365083038725e-49	-0.142	1.27927817196921
GAS5	3.00580311232259e-52	-0.540989411844581	0.519	0.841	8.83165070462622e-48	-0.322	-1.45497000535235
BTG1	4.69222613732415e-52	-0.800141152459498	0.586	0.835	1.37866988366858e-47	-0.249	-1.74127148326654
GABARAP	2.15035890295317e-51	-0.610055784389986	0.481	0.798	6.318184528657e-47	-0.317	-1.52631822564989
SLC26A3	5.71579338929613e-50	2.03855691616099	0.217	0.023	1.67941441364299e-45	0.194	4.10834379968457
RESF1	1.18959157556144e-49	-0.78114543800637	0.295	0.625	3.49525796731462e-45	-0.33	-1.7184947425213
EEF1A1	1.7017290790949e-49	-0.309576999575862	0.947	0.999	5.00002038019664e-45	-0.052	-1.23934426899998
PRUNE2	5.94486835100226e-49	1.05980891816863	0.529	0.264	1.74672121889148e-44	0.265	2.0846553953075
RPL41	7.63118607574157e-49	-0.334624536713915	0.873	0.993	2.24219509277439e-44	-0.12	-1.26104917641122
MARCKS	8.14302744381174e-49	-0.812155528958069	0.522	0.77	2.39258432354077e-44	-0.248	-1.75583287162887
CCN1	9.66723300569945e-49	-0.653536934691183	0.346	0.694	2.84042640173461e-44	-0.348	-1.57301991367188
RASGEF1B	2.41300682139398e-46	2.18946908634954	0.392	0.182	7.08989664261978e-42	0.21	4.56137596229012
C6orf48	5.29497341573146e-45	0.63789217891812	0.296	0.061	1.55576908901022e-40	0.235	1.55605405569761
RNASEK	7.08502411831171e-45	-0.59104521855762	0.441	0.748	2.08172178644235e-40	-0.307	-1.50633767921011
SNHG6	8.62786574472614e-45	-0.335021339384578	0.474	0.786	2.53503951311544e-40	-0.312	-1.26139606642411
EIF1	1.33772294853902e-44	-0.410927803199448	0.857	0.988	3.93049756739736e-40	-0.131	-1.32954057230641
MT-RNR1	5.02087283222934e-44	2.14392994367438	0.203	0.022	1.47523285556562e-39	0.181	4.41964331900591
IGKC	6.67089765314688e-44	0.304759206606487	0.242	0.037	1.96004314844762e-39	0.205	1.23521245646265
PLCB1	8.7130353059299e-44	1.25729703701461	0.543	0.325	2.56006403358832e-39	0.218	2.39047453473444
HNRNPA1	1.84487428461111e-43	-0.270241179979733	0.727	0.946	5.42060962304438e-39	-0.219	-1.20600942332181
H3F3B	3.45277140732811e-43	-0.404192193096944	0.831	0.985	1.01449329490115e-38	-0.154	-1.32334772203937
PDE4D	4.03828255171503e-43	1.76561606215088	0.594	0.44	1.18652817934491e-38	0.154	3.40019164235179
SEPT7	1.21654314827487e-42	0.692420617899979	0.325	0.08	3.57444707826123e-38	0.245	1.61599262937624
CTGF	6.36032387761768e-42	0.818285012181675	0.192	0.02	1.86879036172163e-37	0.172	1.76330863253215
CERT1	6.91631804634838e-42	-0.595487724922729	0.229	0.51	2.03215256837808e-37	-0.281	-1.51098331003592
ATP6V0C	1.64337116324869e-41	-0.490414514120862	0.351	0.672	4.82855315185729e-37	-0.321	-1.40484845782409
MT-ATP6	4.20368832194631e-41	-0.445183071252199	0.91	0.983	1.23512770275426e-36	-0.073	-1.36148687185373
SEPTIN7	4.58431961292945e-41	-0.486156522573813	0.358	0.676	1.34696478867093e-36	-0.318	-1.40070827994036
SERPINA5	1.88863682934228e-40	-0.633935660836607	0.086	0.343	5.54919273197348e-36	-0.257	-1.55179250247715
LINC01578	1.91009867147349e-40	-0.542610759540497	0.328	0.642	5.6122519165234e-36	-0.314	-1.45660606721091
MT-CYB	6.52199312431708e-40	-0.476582229164888	0.903	0.977	1.91629201978684e-35	-0.074	-1.39144340392955
INO80D	2.55965566655786e-39	1.64682828621472	0.577	0.413	7.52078027948032e-35	0.164	3.1314444491632
KRT19	2.94001322130625e-39	-0.806267955070899	0.783	0.948	8.63834684684202e-35	-0.165	-1.7486819973936
DDX5	3.72205651627881e-39	-0.583963323640942	0.841	0.959	1.09361464561304e-34	-0.118	-1.49896149449986
RBIS	6.64513666421187e-39	-0.473277654813577	0.358	0.669	1.95247405467873e-34	-0.311	-1.38825987176489
RAP2B	7.95536521176731e-39	-0.875784523930257	0.439	0.652	2.33744540652147e-34	-0.213	-1.83500567389072
RPL15	3.46465401330491e-38	-0.282315128457474	0.871	0.992	1.01798464218925e-33	-0.121	-1.21614489719151
CCN2	4.42736636373384e-38	-0.939009863581469	0.219	0.517	1.30084878499228e-33	-0.298	-1.917211984754
S100A6	5.62818119309281e-38	-0.415210142712509	0.801	0.971	1.65367219815453e-33	-0.17	-1.33349289929294
LDHB	7.98779885777866e-38	0.606319655601094	0.709	0.631	2.34697506039253e-33	0.078	1.52237065267081
MUM1	8.80740943163436e-38	0.334665432670038	0.178	0.02	2.58779303920281e-33	0.158	1.26108492377382
ATP5F1E	1.8031952823763e-37	-0.338561681195429	0.718	0.933	5.29814837867804e-33	-0.215	-1.26449530572742
SEPT2	3.80868596801338e-37	0.630199808752484	0.284	0.069	1.11906811112169e-32	0.215	1.54777934129834
MTRNR2L8	4.04271136963093e-37	-0.356909768398619	0.026	0.224	1.18782945462496e-32	-0.198	-1.28067976027159
MFGE8	1.04160751019472e-36	0.60109096032501	0.481	0.273	3.06045118645413e-32	0.208	1.51686317890361
C9orf3	5.54905618012881e-36	0.495996111264359	0.208	0.034	1.63042368684545e-31	0.174	1.41029415907911
C19orf70	2.52190617393723e-35	0.518298612175103	0.245	0.053	7.40986472026238e-31	0.192	1.43226516389933
AP001324.1	2.54214514911818e-35	1.56965922191395	0.169	0.021	7.46933087713904e-31	0.148	2.96834590732699
SNHG16	3.26123404409916e-35	-0.393711493571621	0.353	0.648	9.58215786837216e-31	-0.295	-1.31376887677113
AC073621.1	5.33964357214988e-35	1.47578082309651	0.169	0.02	1.56889407436908e-30	0.149	2.7813413647882
HSPD1	5.53042706135201e-35	0.673738521982197	0.824	0.868	1.62495007916645e-30	-0.044	1.59520133473813
SEPTIN2	6.85214688244231e-35	-0.447993105006086	0.333	0.629	2.0132977969992e-30	-0.296	-1.36414131529741
PAM	9.04991974012135e-35	1.00458127581274	0.524	0.316	2.65904741804246e-30	0.208	2.00636109129827
CLDN10	1.16270591432585e-34	-0.740125120046997	0.393	0.605	3.41626251747222e-30	-0.212	-1.67032069382298
S100A11	4.92318655881951e-34	-0.356440885182308	0.751	0.944	1.44653067471235e-29	-0.193	-1.2802636004751
RPL39	6.41553311029553e-34	-0.289872058737704	0.868	0.987	1.88501193846703e-29	-0.119	-1.22253185616144
RPL28	9.14078729536193e-34	-0.286852798748241	0.871	0.989	2.68574612312324e-29	-0.118	-1.21997602716588
MICOS10	1.98685189870823e-33	-0.31400126596687	0.362	0.638	5.83776824878451e-29	-0.276	-1.24315075976995
ERP27	2.75867221183802e-33	-0.645262711817615	0.362	0.584	8.10553069282247e-29	-0.222	-1.56402406591254
TNFAIP3	3.96094421115565e-33	-0.811260290674506	0.384	0.617	1.16380462812175e-28	-0.233	-1.75474365931513
ARL6IP1	4.95914103501336e-33	-0.550709747101693	0.55	0.774	1.45709481890763e-28	-0.224	-1.46480614357781
RPL13AP5	5.09604923134058e-33	1.36572258370313	0.159	0.02	1.49732118515249e-28	0.139	2.5770536708376
C8orf59	6.55391317166003e-33	0.55884894655192	0.286	0.079	1.92567076809715e-28	0.207	1.47309344151208
ISYNA1	6.78735193525847e-33	-0.541422739791661	0.494	0.716	1.99425974561764e-28	-0.222	-1.45540708584578
FAM208B	6.82787562597473e-33	0.469983886117893	0.196	0.035	2.0061664164239e-28	0.161	1.38509399750529
HSP90AB1	1.17791009563868e-32	0.325350330277177	0.931	0.986	3.46093544300557e-28	-0.0549999999999999	1.25296866062149
FAM208A	1.56531288170442e-32	0.414667777124407	0.169	0.024	4.59920230902394e-28	0.145	1.33299168128786
VIM	1.88821036474178e-32	0.621173745011582	0.744	0.724	5.54793969368431e-28	0.02	1.53812605796805
FKBP2	2.62392407939974e-32	0.672353842317782	0.374	0.156	7.70961373009232e-28	0.218	1.59367101605246
FTL	3.60826667343384e-32	-0.3468907176027	0.797	0.963	1.06018091398833e-27	-0.166	-1.27181666452691
RALYL	7.45025081696522e-32	0.537844396676485	0.134	0.011	2.18903269504072e-27	0.123	1.45180168592938
MT-CO3	7.80690623988465e-32	-0.393177137877142	0.929	0.983	2.29382519140291e-27	-0.0539999999999999	-1.31328236377489
FAM96B	9.33761098397243e-32	0.339993212630649	0.236	0.054	2.74357685931078e-27	0.182	1.26575063904768
DAPL1	1.047406209783e-31	-0.569824665913209	0.483	0.742	3.07748892558442e-27	-0.259	-1.48434316398651
CD44	1.93925340558232e-31	-0.456224666195086	0.467	0.721	5.69791435628197e-27	-0.254	-1.37194692077704
COL4A3BP	3.52867352521542e-31	0.536996568178275	0.196	0.036	1.03679485517879e-26	0.16	1.45094875637476
MRPS24	6.91960702118876e-31	-0.363553288172052	0.346	0.624	2.03311893496568e-26	-0.278	-1.28659080944374
CPM	9.1850588249084e-31	-0.506096397671397	0.138	0.371	2.69875398393459e-26	-0.233	-1.42020225012635
SLC40A1	1.31694749503193e-30	-0.67484799641039	0.557	0.753	3.86945512990282e-26	-0.196	-1.59642856276646
TOMM6	1.87085118023347e-30	-0.347312369482742	0.356	0.632	5.49693493776197e-26	-0.276	-1.27218842865319
MT-ND1	5.41279712575368e-30	-0.364170998197739	0.875	0.975	1.59038805148895e-25	-0.1	-1.28714179921166
BICD1	1.50669451823602e-29	1.09001876680108	0.617	0.492	4.42696983348108e-25	0.125	2.128768056072
SNHG32	1.6024308091746e-29	-0.407214092571517	0.342	0.613	4.70826220351681e-25	-0.271	-1.32612253918231
ANKHD1	2.07860973016929e-29	-0.40655778644865	0.289	0.509	6.10737110918339e-25	-0.22	-1.32551940104095
SLC25A6	2.42436027595274e-29	-0.424332129815783	0.693	0.891	7.12325536280435e-25	-0.198	-1.34195112639512
MT-ND2	2.72244164708461e-29	-0.410761175705963	0.864	0.973	7.999078047464e-25	-0.109	-1.32938702272474
FAM213A	2.78440351124089e-29	0.334540766139865	0.199	0.041	8.18113439672798e-25	0.158	1.26097595529138
MT-ND4	2.78910596437555e-29	-0.346582683994296	0.924	0.976	8.19495114452825e-25	-0.0519999999999999	-1.27154514459707
TLE5	3.86069057269549e-29	-0.369321813269897	0.365	0.635	1.13434810406939e-24	-0.27	-1.29174546002622
SAT1	4.16026259558735e-29	-0.499376826250364	0.82	0.954	1.22236835583548e-24	-0.134	-1.41360282314446
RPL37A	4.20886670315369e-29	-0.321915983252888	0.942	0.994	1.23664921472062e-24	-0.052	-1.24998950611244
CSMD1	4.84958125978572e-29	1.39432589471554	0.148	0.038	1.42490396575024e-24	0.11	2.62865698245694
LINGO1	9.46206468102276e-29	0.937428030230224	0.168	0.027	2.78014384457811e-24	0.141	1.91511102246937
B2M	1.49431334762718e-28	-0.342118469792492	0.836	0.972	4.39059147799817e-24	-0.136	-1.26761661063722
ATP5MG	2.17057243768028e-28	-0.252291834171736	0.704	0.903	6.3775759363922e-24	-0.199	-1.19109776505745
TPM1	4.0653824495788e-28	-0.649873049540269	0.596	0.786	1.19449067133524e-23	-0.19	-1.56903012235883
LRRC75A-AS1	6.58736300436214e-28	1.17861893437535	0.12	0.011	1.93549899794168e-23	0.109	2.2635998302993
IRF1	6.64955500899952e-28	-0.646744664585024	0.681	0.813	1.95377225274424e-23	-0.132	-1.56563147466842
ATP5S	6.7127947128643e-28	0.260351579967403	0.182	0.034	1.97235334253379e-23	0.148	1.19777056174429
RPL18A	7.06885786556252e-28	-0.290714275979037	0.891	0.987	2.07697181805958e-23	-0.096	-1.22324575478711
ERBB4	1.04501199496136e-27	1.3930891994989	0.474	0.434	3.07045424359545e-23	0.04	2.62640463217508
PPP1R15A	1.60124282542847e-27	-0.440389845945788	0.705	0.881	4.70477166967393e-23	-0.176	-1.35697095944119
AES	2.64538137560913e-27	0.308061809090476	0.263	0.095	7.77265955781476e-23	0.168	1.2380433309401
EYA2	3.28763268514019e-27	0.989175608075937	0.434	0.32	9.6597223554789e-23	0.114	1.98505035944834
MINOS1	8.52058664542659e-27	0.367376799722023	0.243	0.068	2.50351876815924e-22	0.175	1.29000512718856
EEF1D	1.18878417509382e-26	-0.295207838711195	0.79	0.944	3.49288566326065e-22	-0.154	-1.22706173849142
C19orf33	1.76888390864248e-26	-0.423724663003489	0.721	0.901	5.19733470037335e-22	-0.18	-1.34138619815299
GSTP1	2.60230426697558e-26	-0.27150639818406	0.829	0.966	7.64609039722765e-22	-0.137	-1.20706753630326
SERPINA3	4.22152209587494e-26	-1.00326233529542	0.109	0.306	1.24036762220997e-21	-0.197	-2.00452767426106
S100A2	7.46550304788972e-26	-1.79091290122064	0.178	0.319	2.19351410553096e-21	-0.141	-3.4603378475713
RPL9P9	7.78282421116224e-26	1.1805007177725	0.138	0.019	2.28674940972369e-21	0.119	2.26655428961299
KLF5	7.88587434679372e-26	-0.517962625362305	0.693	0.858	2.31702760057493e-21	-0.165	-1.43193164492082
RPL37	1.11160445474152e-25	-0.262749651337895	0.931	0.994	3.26611620892153e-21	-0.0629999999999999	-1.19976317124184
RAD50	1.23277865607313e-25	-0.41987974157045	0.344	0.56	3.62215024727407e-21	-0.216	-1.33781603408611
LCN1	1.46326405987218e-25	-0.470874926737791	0.007	0.136	4.29936246071645e-21	-0.129	-1.38594972666817
AHR	1.52730008856807e-25	-0.488427702805101	0.388	0.607	4.4875131202307e-21	-0.219	-1.4029150986019
FGL2	1.92878759623069e-25	-0.576115387873849	0.102	0.285	5.66716371524501e-21	-0.183	-1.49082961974567
COX8A	2.03869394834602e-25	-0.340302876368622	0.637	0.848	5.99009055903029e-21	-0.211	-1.26602235214814
NDUFA13	2.17871301523065e-25	-0.276216717261617	0.67	0.873	6.40149458135068e-21	-0.203	-1.21101498527611
TROVE2	2.43859443664379e-25	0.261471872521064	0.175	0.035	7.16507817374678e-21	0.14	1.19870102489228
ARPC2	2.45010450198858e-25	-0.362916654464734	0.705	0.878	7.19889704774285e-21	-0.173	-1.28602318679552
PNRC1	3.22987612760582e-25	-0.465591399631474	0.806	0.939	9.49002203813144e-21	-0.133	-1.38088329872081
ITGB6	3.38999475775634e-25	-0.458612311792253	0.212	0.429	9.96048259723967e-21	-0.217	-1.37421935886834
MUC20-OT1	4.04051664900531e-25	0.279641121111951	0.189	0.043	1.18718460181074e-20	0.146	1.21389288383042
DSP	4.04140920299035e-25	-0.443154851164197	0.587	0.787	1.18744685202262e-20	-0.2	-1.35957416348947
DSTN	6.47162855176765e-25	-0.319562077515136	0.772	0.928	1.90149390108037e-20	-0.156	-1.24795168223949
GALNT4	8.71056435032782e-25	-0.358256806748828	0.168	0.378	2.55933801741332e-20	-0.21	-1.2818760840435
TRAPPC5	1.24809896174564e-24	-0.343298920325581	0.367	0.614	3.66716436940104e-20	-0.247	-1.26865423190028
NEAT1	1.47586132552777e-24	-0.602254277947712	0.748	0.909	4.3363757466657e-20	-0.161	-1.51808679529434
KDM6B	1.99039354229946e-24	-0.488918623431723	0.43	0.629	5.84817430598426e-20	-0.199	-1.40339256413132
RPL18	2.30837744420726e-24	-0.273410288553254	0.905	0.988	6.78247460656977e-20	-0.083	-1.20866152619677
RNPC3	2.37431257586588e-24	0.713809236542269	0.566	0.438	6.97620521040912e-20	0.128	1.64012893847491
MYH10	2.72195302536538e-24	0.69419571156902	0.499	0.387	7.99764237912855e-20	0.112	1.61798217231823
PERP	3.83487698056004e-24	-0.565000566657276	0.677	0.834	1.12676355442815e-19	-0.157	-1.47938809031818
PCP4	5.30598135151495e-24	0.355771474623322	0.231	0.07	1.55900344070212e-19	0.161	1.27966969590775
AC007969.1	5.53006988567131e-24	1.09975929315291	0.127	0.018	1.62484513380795e-19	0.109	2.14318931423564
HES4	1.06480478181123e-23	-0.436168250731892	0.339	0.574	3.12860940991777e-19	-0.235	-1.35300601282102
TMEM176B	1.47467269274507e-23	0.285860906159754	0.192	0.051	4.33288330582358e-19	0.141	1.21913754830718
PLAUR	1.65056292473964e-23	-0.621912301822734	0.37	0.566	4.84968398547e-19	-0.196	-1.53891367022684
SUMO2	2.84980757581066e-23	-0.277056062790779	0.716	0.897	8.37330461924688e-19	-0.181	-1.2117197466604
CPE	3.89657589879114e-23	0.588661532265998	0.444	0.256	1.14489193058281e-18	0.188	1.50385089461499
CD9	6.06306782934423e-23	-0.285033447619343	0.781	0.936	1.78145058961792e-18	-0.155	-1.21843851177611
ATP5E	6.49120649137605e-23	0.9898738651304	0.113	0.013	1.90724629129611e-18	0.1	1.98601134625324
AC097376.2	7.51122915725657e-23	0.369628848268105	0.15	0.028	2.20694935098512e-18	0.122	1.292020399123
AMD1	7.79550011576769e-23	-0.450454081543806	0.642	0.811	2.29047384401486e-18	-0.169	-1.3664702792322
ZFAND5	1.06031258464148e-22	-0.416636105266656	0.667	0.83	3.11541043619359e-18	-0.163	-1.33481157782507
TIPARP	1.15527481054623e-22	-0.508794577212335	0.497	0.665	3.39442844834693e-18	-0.168	-1.42286084817793
TNFAIP2	1.32487003910446e-22	-0.755948426942556	0.444	0.617	3.89273314889671e-18	-0.173	-1.68874140511471
RARRES3	1.54090565009748e-22	0.32427843170675	0.215	0.069	4.52748898111641e-18	0.146	1.25203807136482
PMAIP1	1.6965004869375e-22	-0.479400534127502	0.519	0.678	4.98465773071977e-18	-0.159	-1.39416424552921
AC096919.1	1.92618032620979e-22	0.945706713104887	0.12	0.018	5.6595030344696e-18	0.102	1.92613218292912
KRT5	1.95399483635052e-22	-1.03527560923197	0.155	0.247	5.74122762816509e-18	-0.092	-2.04950514154481
C3	2.22468902512743e-22	0.964317057194713	0.589	0.503	6.53658129362943e-18	0.086	1.95113967263992
RPS28	2.40685665176501e-22	-0.262780505997711	0.935	0.994	7.07182621421594e-18	-0.0589999999999999	-1.19978883063576
UBC	2.6873071781183e-22	-0.2881412153195	0.891	0.98	7.89584595074718e-18	-0.089	-1.22106602842651
ZBTB20	2.75599353629063e-22	0.776530964407177	0.628	0.578	8.09766020832913e-18	0.05	1.7130069021266
ATP5ME	2.95145888388808e-22	-0.328798645699521	0.677	0.865	8.67197649263996e-18	-0.188	-1.25596707588937
KRT7	3.57962939832143e-22	0.413274614571939	0.725	0.759	1.0517667098148e-17	-0.034	1.33170507693159
UBE2V1	4.09917495280894e-22	-0.350073006792873	0.393	0.616	1.20441958463432e-17	-0.223	-1.27462512739415
MICOS13	4.43911685149175e-22	-0.344686121107976	0.335	0.569	1.30430131330531e-17	-0.234	-1.26987467312732
LINC00486	4.4815312052506e-22	0.993984011615793	0.138	0.025	1.31676349872673e-17	0.113	1.99167743369294
SQSTM1	5.31376905376189e-22	-0.359116462138582	0.67	0.84	1.56129162337632e-17	-0.17	-1.28264014022536
MAP3K21	5.40759014070235e-22	0.716971116795099	0.33	0.182	1.58885813514116e-17	0.148	1.6437274663235
LINC-PINT	6.22630158446791e-22	0.787477815339633	0.365	0.453	1.82941193154836e-17	-0.088	1.72605425730884
KRTCAP2	7.92886233441359e-22	-0.371590942110977	0.6	0.789	2.3296583310974e-17	-0.189	-1.29377876790458
MUC16	7.93078238744962e-22	-0.580900002828037	0.4	0.549	2.33022248108045e-17	-0.149	-1.49578207798834
FHIT	8.15353024116045e-22	0.908020340680509	0.351	0.205	2.39567025545776e-17	0.146	1.87646884930929
C3orf58	1.13868718236758e-21	0.334373205935729	0.15	0.031	3.34569067923243e-17	0.119	1.26082950915204
GSN	1.15547489651572e-21	-0.458512910649112	0.704	0.828	3.39501634094248e-17	-0.124	-1.37412467893556
AL022718.1	1.87352770444454e-21	0.692529689037945	0.111	0.019	5.50479910119894e-17	0.092	1.61611480683784
RPS13P2	2.0745673252723e-21	1.01517470067244	0.118	0.019	6.09549371511508e-17	0.099	2.0211476255479
UBE2D2	3.30467773464757e-21	0.71593012623227	0.725	0.723	9.70980411994148e-17	0.002	1.64254184666849
WWC1	3.44941846961101e-21	0.910831162032574	0.554	0.466	1.01350813474111e-16	0.088	1.88012836154576
CCDC18-AS1	5.24796268050141e-21	0.35620800877195	0.3	0.451	1.54195639478493e-16	-0.151	1.2800569600406
ESR1	5.87343389310851e-21	0.958577406439973	0.617	0.573	1.72573234647314e-16	0.044	1.94339263491495
VASN	7.88805226177696e-21	0.478980622667038	0.459	0.301	2.31766751555531e-16	0.158	1.39375851851204
NCL	8.65072338731079e-21	0.455673684404816	0.887	0.927	2.54175554565966e-16	-0.04	1.37142305854651
NFE2L2	9.51742203916914e-21	-0.422761379148048	0.688	0.853	2.79640894354868e-16	-0.165	-1.34049085689922
PTPRM	9.6636851408634e-21	0.936132337973553	0.347	0.224	2.83938396808849e-16	0.123	1.91339182297902
ZFPM2	1.29369124747362e-20	1.02681460043487	0.379	0.321	3.80112362332699e-16	0.058	2.03752053630303
AOPEP	1.58412052261696e-20	-0.348798303925213	0.247	0.448	4.65446291955316e-16	-0.201	-1.27349942121027
KIAA1324	1.81176586743218e-20	-0.26057852647379	0.143	0.332	5.32333047168923e-16	-0.189	-1.19795899465511
OSER1	2.22163626309345e-20	-0.330160648713142	0.353	0.527	6.52761166822118e-16	-0.174	-1.25715335478024
IFITM2	3.30556745536734e-20	0.252461541692421	0.684	0.746	9.71241829736032e-16	-0.0619999999999999	1.1912378848557
AC119673.2	3.33604463740832e-20	-0.25739407332626	0.101	0.27	9.80196635363312e-16	-0.169	-1.19531766226237
PDLIM1	3.44379603516981e-20	-0.285813784301988	0.617	0.799	1.01185615105359e-15	-0.182	-1.21909772902012
NAALADL2	3.67325003664897e-20	0.916070098180312	0.353	0.235	1.0792743257682e-15	0.118	1.88696818424533
MUC1	3.89698852168178e-20	-0.591814935427931	0.605	0.744	1.14501316744054e-15	-0.139	-1.50714156557982
SCGB1A1	4.01367646633172e-20	-2.17376954426014	0.041	0.178	1.17929841933759e-15	-0.137	-4.51200774528435
BBC3	4.96171701066366e-20	-0.359280924095344	0.19	0.369	1.4578516920732e-15	-0.179	-1.28278636484337
RSL1D1	5.66747418247268e-20	0.455966934904225	0.778	0.828	1.66521726429412e-15	-0.0499999999999999	1.37170185022592
CIAO2B	6.92073998682581e-20	-0.261313913788479	0.312	0.532	2.03345182292916e-15	-0.22	-1.19856978791976
TES	7.30022263924315e-20	-0.413121846021681	0.497	0.68	2.14495141586242e-15	-0.183	-1.33156406869547
PSMA6	8.17502537277131e-20	-0.335871799234406	0.392	0.603	2.40198595502767e-15	-0.211	-1.26213987085654
RBM3	8.37810494736637e-20	-0.271171413957278	0.63	0.801	2.46165479563519e-15	-0.171	-1.20678729575764
LRMDA	8.51960747414894e-20	0.937380023532193	0.295	0.187	2.50323106805444e-15	0.108	1.91504729685564
EPHA2	1.05081281402675e-19	-0.398501426835931	0.381	0.562	3.0874982101734e-15	-0.181	-1.31813800759788
CYP1B1	1.47806284855083e-19	-0.533315980774676	0.16	0.329	4.34284426161204e-15	-0.169	-1.44725182996853
HIGD2A	1.89989709610538e-19	-0.350866023127755	0.603	0.778	5.58227764777682e-15	-0.175	-1.27532595215302
CAV1	2.44456076145678e-19	-0.402568758898768	0.377	0.587	7.1826084293123e-15	-0.21	-1.32185942438536
ATP5MPL	3.19008882111637e-19	-0.288448055745558	0.614	0.806	9.37311897420413e-15	-0.192	-1.22132575917786
FOXC1	3.28527174053796e-19	-0.331718334292671	0.067	0.201	9.65278542804862e-15	-0.134	-1.25851144304101
CRTAC1	3.56121652178622e-19	-0.300711848048363	0.175	0.371	1.04635663843123e-14	-0.196	-1.23175202893258
IGFBP7	5.30915346877466e-19	0.391689051760339	0.697	0.763	1.55993547219537e-14	-0.0660000000000001	1.31192846037741
CCSER1	6.09511904614309e-19	1.04740790630422	0.229	0.187	1.79086787813776e-14	0.042	2.06681306163873
HERPUD1	6.67753162833632e-19	-0.376885189223503	0.545	0.722	1.96199234303778e-14	-0.177	-1.29853526018718
HOTAIRM1	7.08181699937889e-19	-0.386442978415065	0.282	0.438	2.08077947075751e-14	-0.156	-1.30716655677724
WEE1	9.5672741233086e-19	-0.476501165490664	0.496	0.646	2.81105648291053e-14	-0.15	-1.39136522223299
RBM4	9.60550637338803e-19	-0.354587908237487	0.446	0.62	2.82228988262887e-14	-0.174	-1.27862030369626
F11R	1.05593404981012e-18	-0.369438970771931	0.413	0.579	3.10254542515211e-14	-0.166	-1.29185036356585
PNOC	1.11000146150026e-18	0.491078335177659	0.295	0.153	3.26140629418007e-14	0.142	1.40549501343261
PNISR	1.20478391612002e-18	0.471058742829135	0.776	0.771	3.53989610234383e-14	0.005	1.38612632399796
RPS23P8	1.20898622440193e-18	0.975251394322619	0.108	0.017	3.55224332453776e-14	0.091	1.96598374633304
GPHN	1.22038849457598e-18	0.704612264690618	0.254	0.136	3.58574547476314e-14	0.118	1.62970660984593
SYNE2	1.28986546100009e-18	0.521355494631436	0.783	0.77	3.78988269751047e-14	0.013	1.43530316423432
ITPRID2	1.35560961490088e-18	-0.337891789253163	0.198	0.363	3.98305217050175e-14	-0.165	-1.26390829422466
UGT2B7	1.63011755985694e-18	1.12039778573979	0.519	0.459	4.78961141437166e-14	0.06	2.17406908558296
HNRNPD	1.84488908262874e-18	0.388798423529825	0.743	0.771	5.42065310257978e-14	-0.028	1.30930247173066
RPL21P16	2.15548955146275e-18	0.889680788581345	0.101	0.014	6.33325940010786e-14	0.087	1.85276613447345
ATP1B1	2.66951315803226e-18	-0.392088993349358	0.566	0.742	7.84356356093037e-14	-0.176	-1.31229220148173
TM4SF1	3.05057623033676e-18	-0.392938919176054	0.743	0.871	8.96320307997547e-14	-0.128	-1.31306553167763
SEPT10	3.483947015399e-18	0.311002002393	0.168	0.046	1.02365331206453e-13	0.122	1.24056901956576
BNC2	5.46930442179828e-18	0.957525147168374	0.437	0.375	1.60699102521277e-13	0.062	1.94197569836386
RBFOX2	6.51482257654004e-18	0.982760201606564	0.462	0.407	1.914185169439e-13	0.055	1.97624279335777
HSP90B1	7.11413102857975e-18	0.275292203178133	0.838	0.91	2.0902739788173e-13	-0.0720000000000001	1.21023918601119
MAFF	7.29578650615553e-18	-0.404344356335733	0.702	0.833	2.14364799123862e-13	-0.131	-1.32348730489592
IMMP2L	8.86942953716117e-18	0.866072042469495	0.409	0.3	2.60601578660869e-13	0.109	1.82269357709133
APP	1.01540138118845e-17	0.334140029405099	0.635	0.64	2.98345233820791e-13	-0.005	1.26062574322441
RPL31	1.2716316327316e-17	0.305294322506321	0.942	0.98	3.736308063292e-13	-0.038	1.23567069913021
RPL7P9	1.34446484917221e-17	0.723463731630306	0.106	0.018	3.95030661983779e-13	0.088	1.65114146519146
RAB3IP	1.49718028494149e-17	-0.447925968942377	0.388	0.543	4.39901511321508e-13	-0.155	-1.36407783622195
UQCR11	1.50938869469242e-17	-0.262483893777826	0.649	0.827	4.43488586274528e-13	-0.178	-1.19954218429821
CHMP3	1.71939382029865e-17	-0.33760627497366	0.511	0.671	5.05192292280149e-13	-0.16	-1.26365818720272
PAK3	1.74012269397664e-17	0.484782378240858	0.265	0.132	5.11282849944215e-13	0.133	1.39937476251477
SIK3	1.77631627509639e-17	0.89245923993808	0.347	0.236	5.21917247948821e-13	0.111	1.85633776995364
PDLIM3	1.95381219783775e-17	0.342793969077509	0.305	0.145	5.74069099968687e-13	0.16	1.26821027359695
ATP5F1D	2.12202232692852e-17	-0.291121332132341	0.665	0.837	6.23492600098139e-13	-0.172	-1.22359094205772
NGRN	2.35412140141302e-17	-0.288122941579008	0.328	0.525	6.91687950163173e-13	-0.197	-1.22105056202385
SELENOW	3.07231206632724e-17	-0.272792851966368	0.603	0.787	9.02706731328271e-13	-0.184	-1.2081443606445
GPX3	3.18729064065655e-17	0.279115810740192	0.213	0.085	9.36489736037708e-13	0.128	1.21345096476601
MTRNR2L12	4.0949830356461e-17	0.850558841395516	0.247	0.177	1.20318791553354e-12	0.07	1.80319927603385
CLIC1	4.30505658516629e-17	-0.269153684254554	0.675	0.843	1.26491172585356e-12	-0.168	-1.20510068248105
RPS26	4.33372917680509e-17	-0.436162823305852	0.852	0.957	1.27333630672887e-12	-0.105	-1.35300092281514
SCMH1	4.49836713027733e-17	0.807782693360761	0.231	0.162	1.32171023021809e-12	0.069	1.75051896676246
KIAA1217	5.58362608265282e-17	0.81611140901542	0.646	0.615	1.64058101560505e-12	0.031	1.76065398458635
COBL	5.91862354235886e-17	0.742791296370923	0.474	0.363	1.73900996921588e-12	0.111	1.67341038840676
AC005912.1	6.23962401119471e-17	0.695607596162132	0.101	0.018	1.83332632696923e-12	0.083	1.61956637563908
SFN	7.04551479699027e-17	-0.817096481752244	0.085	0.218	2.07011315765168e-12	-0.133	-1.76185657033027
BST2	7.75961515608076e-17	0.497160307532922	0.573	0.418	2.27993012515965e-12	0.155	1.4114326684564
ZC3H12A	1.66241436827028e-16	-0.400168535333528	0.42	0.573	4.88450589685175e-12	-0.153	-1.31966206441552
EIF4G2	2.77825553678966e-16	-0.273922409638803	0.688	0.844	8.16307041819538e-12	-0.156	-1.20909064732757
NAP1L1	3.39097065884329e-16	0.329245911665093	0.817	0.891	9.96334998981334e-12	-0.0740000000000001	1.25635651260149
MACROD2	4.14513015583934e-16	0.749877480198888	0.27	0.252	1.21792214238872e-11	0.018	1.68165001156921
CADM2	4.15011301764843e-16	0.392059782941086	0.081	0.143	1.21938620684546e-11	-0.062	1.31226563162335
ITGB1	4.18470947220735e-16	-0.316668473563021	0.656	0.812	1.22955133712396e-11	-0.156	-1.24545118221709
B3GNT5	4.77016138050801e-16	-0.375344402200825	0.316	0.43	1.40156881682086e-11	-0.114	-1.29714917497888
EDN1	4.9799792869749e-16	-0.50179753578619	0.321	0.472	1.46321751409897e-11	-0.151	-1.41597670964031
CRISP3	6.15869572943596e-16	-0.668061436435089	0.7	0.756	1.80954797922287e-11	-0.056	-1.58893646280323
LINC00641	7.03711818916082e-16	-0.252250031447479	0.131	0.275	2.06764606633923e-11	-0.144	-1.19106325297509
COX16	7.72659356417091e-16	-0.324776344311345	0.439	0.613	2.2702277210247e-11	-0.174	-1.25247025773049
AC034236.1	8.20935630807783e-16	0.783897117427172	0.101	0.018	2.41207307043943e-11	0.083	1.72177558772129
DST	9.28941979021541e-16	-0.699184464819952	0.194	0.358	2.72941732276109e-11	-0.164	-1.62358674254615
CAV2	1.00537853066828e-15	-0.295829488334111	0.325	0.492	2.95400319880954e-11	-0.167	-1.22759058680154
CFL2	1.08683541867526e-15	-0.360381199150556	0.39	0.537	3.19333982715166e-11	-0.147	-1.28376505829274
MECOM	1.16911802302632e-15	0.787878160673107	0.51	0.55	3.43510257525592e-11	-0.04	1.7265333007897
RPS6	1.17486985244524e-15	0.311752039726105	0.977	0.997	3.4520026004546e-11	-0.02	1.24121414203766
FGF18	1.24803080008336e-15	0.272102032951124	0.272	0.134	3.66696409680492e-11	0.138	1.20756599218552
ZSWIM6	1.27874594209901e-15	1.03654846774411	0.473	0.477	3.75721132707531e-11	-0.004	2.05131417335166
LUC7L3	1.28777015801256e-15	0.686343090844921	0.737	0.695	3.78372627827252e-11	0.042	1.6091993840345
AGR2	1.37725506268711e-15	-0.324853930006123	0.351	0.545	4.04665082518726e-11	-0.194	-1.25253761526992
CSRNP1	1.47178536205348e-15	-0.338298663657024	0.526	0.678	4.32439975078554e-11	-0.152	-1.26426479677138
S100A16	1.49439492917294e-15	-0.399886547444076	0.506	0.653	4.39083118089592e-11	-0.147	-1.31940414964893
NR2F1	1.51322661670198e-15	0.283878137984451	0.383	0.208	4.44616244519376e-11	0.175	1.21746317725952
HES1	1.59333062955622e-15	-0.3564034807537	0.43	0.619	4.68152405576208e-11	-0.189	-1.28023040780007
ITGA6	1.59371419803112e-15	-0.276259120531675	0.407	0.581	4.68265105665504e-11	-0.174	-1.21105057959692
RNASE1	1.78503677499312e-15	-0.819597182087112	0.388	0.522	5.24479505228478e-11	-0.134	-1.7649131386743
KRT15	3.27614203019361e-15	-0.784283357947404	0.125	0.275	9.62596051311485e-11	-0.15	-1.72223660582133
KLK6	3.97629572061494e-15	0.264202433974711	0.326	0.188	1.16831520863108e-10	0.138	1.20097193188766
SERPINB2	4.11345804353467e-15	-0.630269315281462	0.014	0.106	1.20861624235136e-10	-0.092	-1.54785391240183
NPAS3	4.21646059577238e-15	0.770814181242217	0.295	0.274	1.23888045224984e-10	0.021	1.70623241976508
H2AFZ	6.09378546127974e-15	-0.405277646932514	0.584	0.73	1.79047604423321e-10	-0.146	-1.32434375607751
SELENOK	7.43752341670685e-15	-0.32674790460263	0.577	0.732	2.18529313029681e-10	-0.155	-1.25418303041555
ATP5F1A	7.5964177191541e-15	-0.284281197288087	0.608	0.777	2.23197945424186e-10	-0.169	-1.21780335893341
HLA-DRB5	7.83892556944988e-15	0.321159057534084	0.395	0.222	2.30323311081576e-10	0.173	1.24933385746997
GABPB1-AS1	8.16911322301649e-15	0.515398884133327	0.686	0.656	2.4002488471867e-10	0.03	1.4293892903993
ATP1B3	8.99175080431593e-15	-0.260808772560415	0.402	0.573	2.64195622132411e-10	-0.171	-1.19815019749002
SERTAD1	9.3032679293403e-15	-0.321535615202994	0.589	0.745	2.73348618299877e-10	-0.156	-1.2496599885182
CYBA	9.41033702425978e-15	-0.437300574168356	0.649	0.799	2.76494522446801e-10	-0.15	-1.35406835916291
FXYD3	1.17065130621133e-14	-0.37222254023816	0.538	0.697	3.43960766791012e-10	-0.159	-1.29434529590918
BCAT1	1.53830596493874e-14	0.250323769521187	0.307	0.152	4.519850586183e-10	0.155	1.18947402673017
NRG3	1.69674322590243e-14	0.898912094916414	0.15	0.104	4.98537094634653e-10	0.046	1.86465935355323
TAGLN2	1.76650835575082e-14	-0.307795414280561	0.637	0.798	5.19035485086707e-10	-0.161	-1.2378147463393
MKLN1	1.77954194255536e-14	0.677397595886835	0.503	0.423	5.22865013561615e-10	0.08	1.59925234187774
HNRNPU	2.38508715708967e-14	0.261252319052141	0.84	0.899	7.00786308496087e-10	-0.0590000000000001	1.19851861701251
PDE3A	2.62777921034164e-14	0.805271059950676	0.27	0.174	7.7209408758258e-10	0.096	1.74747408418263
GJA4	4.40387122681924e-14	-0.307217599901811	0.162	0.279	1.29394544386403e-09	-0.117	-1.23731908791561
SGPP2	4.81345977554338e-14	-0.332600593051283	0.291	0.426	1.41429075125016e-09	-0.135	-1.25928130242566
CASC4	5.01850585540297e-14	0.560944949831129	0.607	0.522	1.4745373904345e-09	0.085	1.47523516417819
CALD1	5.43144435539487e-14	0.548645107974681	0.646	0.578	1.59586698050212e-09	0.0680000000000001	1.46271136055674
CNGA1	5.91156827537694e-14	-0.264390901244642	0.138	0.276	1.73693699067125e-09	-0.138	-1.20112883177279
NRCAM	6.56045351145644e-14	0.437479697788108	0.235	0.123	1.92759245073613e-09	0.112	1.35423648941688
COL4A2	7.38715241088964e-14	-0.26388942420319	0.196	0.323	2.17049312136759e-09	-0.127	-1.20071139507108
VTCN1	7.75552114695706e-14	-0.272625216317159	0.28	0.44	2.27872722339892e-09	-0.16	-1.20800398704339
POLD4	1.07784112741043e-13	-0.282465165720647	0.314	0.459	3.16691280055733e-09	-0.145	-1.21627138029102
VPS4B	1.08440409424378e-13	-0.300568575130535	0.384	0.534	3.18619610970707e-09	-0.15	-1.2316297106743
UPK1B	1.18280371813079e-13	-0.273285320085357	0.146	0.26	3.47531388461188e-09	-0.114	-1.20855683460695
PDIA3	1.27185955794906e-13	0.262376997691303	0.755	0.809	3.73697775316592e-09	-0.054	1.19945330784743
CYCS	1.46528745025342e-13	-0.256851245628976	0.647	0.805	4.30530758633459e-09	-0.158	-1.19486799725155
FRMD4B	1.59903925673601e-13	-0.366348585009066	0.529	0.672	4.69829714414175e-09	-0.143	-1.28908606275701
GADD45B	1.80747116217803e-13	0.474662798679394	0.66	0.726	5.3107117687115e-09	-0.0659999999999999	1.38959339201825
SPSB1	1.90594640699406e-13	-0.293054199079832	0.265	0.385	5.60005173302994e-09	-0.12	-1.22523136045754
CP	2.08129499105149e-13	0.658386908621112	0.478	0.341	6.1152609427075e-09	0.137	1.57831690527062
NR4A1	2.34850686703452e-13	0.303863326385263	0.794	0.843	6.90038287672083e-09	-0.0489999999999999	1.23444565623026
FOXQ1	2.35191612995076e-13	-0.346155680105346	0.171	0.317	6.91039997302132e-09	-0.146	-1.27116885275206
RBMXL1	2.45199526832903e-13	-0.253313666566877	0.261	0.375	7.20445249740437e-09	-0.114	-1.19194169490689
PCDH7	2.51291653306798e-13	0.602489362550495	0.443	0.382	7.38345135746032e-09	0.061	1.51833418500534
RBM25	2.63258705379296e-13	0.608155800947538	0.813	0.824	7.73506728145446e-09	-0.011	1.52430943618138
SGK1	2.78237436818268e-13	-0.454277158263342	0.388	0.528	8.17517236859434e-09	-0.14	-1.37009616587107
ARPC3	2.81256208865861e-13	-0.276478366494836	0.637	0.793	8.26386992889673e-09	-0.156	-1.21123463660107
AL136454.1	2.90009524314713e-13	0.608327631859926	0.125	0.038	8.52105984341489e-09	0.087	1.52449099851608
CYP51A1	3.04355054498851e-13	-0.277781427982512	0.259	0.399	8.94256021128524e-09	-0.14	-1.21232913415891
NFKBIA	3.27356108471459e-13	-0.380364514489905	0.801	0.892	9.61837717910842e-09	-0.091	-1.30167069686745
PTP4A2	3.46669466847335e-13	-0.346656180344347	0.589	0.722	1.01858422749084e-08	-0.133	-1.27160992357315
CANX	4.30430379749311e-13	0.285952981131695	0.741	0.788	1.26469054177943e-08	-0.047	1.21921535798593
CLU	4.40030812945592e-13	0.270183490585499	0.896	0.943	1.29289853459674e-08	-0.0469999999999999	1.20596119929658
PATJ	4.63344534735992e-13	0.740689170007683	0.533	0.509	1.36139891196129e-08	0.024	1.6709738661802
ATF3	4.63654851862775e-13	0.314805414287882	0.848	0.91	1.36231068574321e-08	-0.0620000000000001	1.2438438766286
HSPA1B	5.08364386208565e-13	0.768636439032478	0.675	0.616	1.49367623955801e-08	0.0590000000000001	1.70365881188355
BTG3	5.11067523885052e-13	-0.328276770284119	0.665	0.796	1.50161859867906e-08	-0.131	-1.25551282895319
SLC9A3R1	5.92136594777156e-13	-0.269973073626821	0.358	0.504	1.73981574277424e-08	-0.146	-1.20578532277625
LINC01133	6.06026523673482e-13	-0.289691741834582	0.347	0.5	1.78062713185742e-08	-0.153	-1.22237906615633
APOO	7.45628423782904e-13	0.647018527441646	0.272	0.205	2.19080543475893e-08	0.067	1.56592870242235
HSP90AA1	7.47811446548401e-13	0.31410170784533	0.956	0.985	2.19721959224851e-08	-0.029	1.24323731218794
PPP1R9A	8.59996409376482e-13	0.658185463932047	0.506	0.427	2.52684145002998e-08	0.079	1.57809653897498
COL4A1	1.12244454681883e-12	-0.264315696989217	0.111	0.217	3.29796656746308e-08	-0.106	-1.20106622142022
SLC1A5	1.27284458606429e-12	-0.252491378985376	0.215	0.353	3.7398719627741e-08	-0.138	-1.19126252185818
ADCY8	1.34869737911176e-12	0.254506242208251	0.104	0.031	3.96274263930617e-08	0.073	1.19292739754847
DYNC1I2	2.03977051442159e-12	-0.264810218656169	0.556	0.689	5.99325372547352e-08	-0.133	-1.20147798902271
NRARP	2.10891056544298e-12	-0.266153160133663	0.249	0.403	6.19640102338456e-08	-0.154	-1.20259691283408
CHCHD3	2.1292064620075e-12	0.703363893187749	0.39	0.316	6.25603442667043e-08	0.074	1.62829702621028
VWA3A	2.49626329578052e-12	0.434243535291104	0.101	0.048	7.33452081566233e-08	0.053	1.35120215604665
PARD3B	2.5271321457421e-12	0.655414479357716	0.233	0.163	7.42521967061945e-08	0.07	1.57506839773022
PET100	2.64763285246827e-12	-0.282797508411949	0.506	0.663	7.77927484712228e-08	-0.157	-1.21655159575889
LBH	2.76722709104721e-12	-0.332618364824546	0.367	0.464	8.1306666389149e-08	-0.097	-1.25929681492067
AMOTL2	2.89416554315184e-12	-0.252039677792591	0.302	0.428	8.50363719888874e-08	-0.126	-1.19088960141547
ZFP36L2	3.30083898076389e-12	-0.370757097804652	0.728	0.851	9.69852509328047e-08	-0.123	-1.29303120981008
RTN3	4.00597945090136e-12	0.400945795626223	0.605	0.576	1.17703688226384e-07	0.029	1.32037323153645
FXR1	4.22025253148645e-12	-0.27542963451029	0.644	0.766	1.23999459880135e-07	-0.122	-1.21035447905731
S100A1	4.22141281377648e-12	0.273790150721369	0.388	0.239	1.24033551294381e-07	0.149	1.20897980914918
FAM133B	4.81983840119713e-12	-0.279804175254323	0.675	0.82	1.41616491903974e-07	-0.145	-1.21403008638745
AKAP12	4.86097954943778e-12	0.441644622395867	0.469	0.317	1.42825301121581e-07	0.152	1.35815169121394
SOX6	4.88024874267506e-12	0.559618094298586	0.483	0.407	1.43391468557279e-07	0.076	1.47387900502301
AC008014.1	5.14999721682506e-12	0.504113361932497	0.134	0.076	1.51317218224754e-07	0.058	1.4182514725436
TUBA1C	5.23059411149738e-12	-0.3048040559479	0.591	0.727	1.53685316184016e-07	-0.136	-1.23525085634947
TBC1D5	5.94047148881636e-12	0.551203978600825	0.425	0.382	1.74542933284402e-07	0.043	1.4653080357547
NRXN3	7.14735338630765e-12	0.458026624880414	0.173	0.098	2.10003537196491e-07	0.075	1.37366158406637
ADGRG2	7.53502333857989e-12	0.258886919879727	0.293	0.166	2.21394055734154e-07	0.127	1.19655517216481
BZW1	8.77051354473183e-12	-0.252798712489093	0.61	0.748	2.57695228971311e-07	-0.138	-1.19151632039032
PLAC8	8.93108938139108e-12	-0.283376807529327	0.074	0.175	2.62413268204033e-07	-0.101	-1.21704018742697
PIGR	8.98828314476022e-12	-0.71117094608085	0.067	0.11	2.64093735359345e-07	-0.043	-1.63713233679976
LRBA	9.58009144150013e-12	0.693797788690129	0.349	0.281	2.81482246734157e-07	0.0679999999999999	1.61753596343603
ZFAND3	1.29842846066194e-11	0.563474293835497	0.344	0.279	3.8150425031169e-07	0.0649999999999999	1.47782382634425
CDC42EP3	1.49492810775223e-11	-0.294930930698228	0.353	0.476	4.3923977661976e-07	-0.123	-1.22682624130623
PTGS2	1.5619837021225e-11	-0.308994387832328	0.143	0.269	4.58942051357632e-07	-0.126	-1.23884387859975
SARNP	1.60124789703601e-11	-0.259844851115492	0.312	0.446	4.70478657107122e-07	-0.134	-1.19734993347156
SENP6	1.64551396915128e-11	0.549761664734273	0.623	0.594	4.83484914416028e-07	0.029	1.46384384689082
SYNPO2	2.08180345272475e-11	0.379472432130218	0.233	0.112	6.11675490479586e-07	0.121	1.30086606491273
ACSM3	2.36764680904137e-11	0.50897525404908	0.404	0.292	6.95661985432536e-07	0.112	1.42303905222537
CFI	2.5661977262365e-11	0.451837581936099	0.605	0.527	7.54000215922808e-07	0.078	1.36778131093
GPC6	2.64467627913695e-11	0.615456432163374	0.196	0.113	7.77058784336019e-07	0.083	1.5320426199031
TTYH1	2.7450145570982e-11	-0.302806367157904	0.434	0.544	8.06540177166592e-07	-0.11	-1.23354159760722
TSHZ2	3.00621999809503e-11	0.401691359628315	0.339	0.219	8.83287559840283e-07	0.12	1.32105575773528
DPH6	3.15020000470894e-11	0.518905262153357	0.346	0.271	9.25591765383582e-07	0.075	1.43286755478119
PAN3	3.29363398477518e-11	0.662704237013526	0.305	0.277	9.67735537406642e-07	0.028	1.58304716228098
LONRF2	4.30531918235634e-11	0.473343796697326	0.545	0.5	1.26498888215994e-06	0.045	1.38832351946959
ZFP91	4.42343593335929e-11	-0.257897894680848	0.339	0.467	1.29969394593963e-06	-0.128	-1.19573516680381
SCGB3A1	4.60984633400134e-11	-3.38590387672881	0.363	0.473	1.35446504985627e-06	-0.11	-10.4534255215555
SORL1	4.90721115772447e-11	-0.336922200848739	0.554	0.656	1.4418367823626e-06	-0.102	-1.26305914795028
OVGP1	5.24064384263735e-11	-0.635448762955521	0.497	0.606	1.53980597384371e-06	-0.109	-1.55342088005694
CDC42EP1	5.79242682312521e-11	-0.261006790355383	0.344	0.455	1.70193084917065e-06	-0.111	-1.19831466145256
SCAPER	6.13795250862275e-11	0.561831591526221	0.386	0.305	1.80345320608354e-06	0.081	1.47614208281609
RND3	6.66873371633713e-11	-0.350815318554074	0.504	0.648	1.95940734053418e-06	-0.144	-1.27528113067617
CST3	6.88602689199037e-11	0.334720330492001	0.75	0.839	2.02325242140461e-06	-0.089	1.2611329118315
SERPINE2	7.09342857435851e-11	0.34869072756582	0.346	0.215	2.08419118371802e-06	0.131	1.27340446467411
SEPT9	7.16735982101346e-11	0.329547151986286	0.122	0.04	2.10591366261017e-06	0.082	1.256618872105
MAGI1	7.93520345437643e-11	0.666188679409453	0.473	0.479	2.33152147896488e-06	-0.00600000000000001	1.58687520847859
LGR5	7.98806834695016e-11	0.418463845357501	0.277	0.193	2.3470542417009e-06	0.084	1.33650371277407
PARD3	8.68630339505545e-11	0.775322938185776	0.395	0.384	2.55220966353519e-06	0.011	1.71157313333931
KLF4	9.86474526455264e-11	-0.302588242816043	0.466	0.617	2.89845945363086e-06	-0.151	-1.23335510974788
EYA4	1.08315408798143e-10	0.471043138485043	0.247	0.132	3.18252334130703e-06	0.115	1.38611133158825
KCNMA1	1.09084986166751e-10	0.544464479333875	0.441	0.43	3.20513506355146e-06	0.011	1.45847886421241
MTHFD1L	1.09877671689194e-10	0.606695947345252	0.259	0.172	3.2284257495719e-06	0.087	1.52276777763907
IQCA1	1.40965754415776e-10	0.27670530370121	0.291	0.168	4.14185579624434e-06	0.123	1.21142517986698
CD22	1.45783644581441e-10	0.275583196130989	0.236	0.131	4.2834150450919e-06	0.105	1.21048331701839
LYPD1	1.55223198098567e-10	0.496221472139618	0.515	0.425	4.5607680065321e-06	0.09	1.41051447587635
ATP5PB	1.57710585712717e-10	-0.261517336645637	0.61	0.732	4.63385242941105e-06	-0.122	-1.19873880054818
QPRT	1.59669130077446e-10	0.370231719850702	0.496	0.39	4.69139837993552e-06	0.106	1.29256041980021
DDR1	1.67881837059065e-10	-0.25720471893066	0.434	0.561	4.93270413646944e-06	-0.127	-1.19516078655808
WFDC2	2.25875864820686e-10	-0.491514156584961	0.808	0.911	6.6366846601614e-06	-0.103	-1.40591966128125
CCDC85B	2.28305947984167e-10	0.286638111868147	0.557	0.515	6.7080853636708e-06	0.042	1.21979449652148
SERPINB5	2.46341658229743e-10	-0.390115796110878	0.067	0.137	7.23801060210632e-06	-0.07	-1.31049858516508
CFAP298	3.10485939917486e-10	-0.260504335768873	0.43	0.564	9.12269788665558e-06	-0.134	-1.19789739110444
SYNJ2	3.63682189543734e-10	-0.259205496795408	0.323	0.445	1.0685710093174e-05	-0.122	-1.19681942547984
PNN	3.77651030991408e-10	0.430566233052645	0.774	0.8	1.10961425925896e-05	-0.026	1.34776244671083
BCAM	3.91241465211378e-10	0.352871071490982	0.623	0.553	1.14954567308407e-05	0.07	1.27709962425816
FAAH2	4.74070783141115e-10	0.6015528817868	0.196	0.164	1.39291477502522e-05	0.032	1.51734892524599
ADGRL2	4.99588468979007e-10	0.531932465766783	0.27	0.334	1.46789083955412e-05	-0.064	1.44586461035712
TACSTD2	5.01640246633278e-10	-0.296681616185706	0.711	0.831	1.4739193726579e-05	-0.12	-1.22831587737886
AAK1	5.28952739686051e-10	0.251181423338283	0.582	0.615	1.55416893974556e-05	-0.033	1.19018135586221
DEFB1	5.52592726968192e-10	-0.344899519603313	0.252	0.392	1.62362795037794e-05	-0.14	-1.2700625225201
FTX	5.58987895112977e-10	0.584636510323829	0.573	0.547	1.64241823342095e-05	0.0259999999999999	1.49966109930313
CA8	6.08770533757023e-10	0.275671364797515	0.199	0.103	1.78868958228489e-05	0.096	1.21055729659009
NFKBIZ	6.5287481724711e-10	-0.302349615708957	0.58	0.687	1.91827678803546e-05	-0.107	-1.23315112511169
GOLGA4	6.80875328113061e-10	0.45421772395691	0.709	0.751	2.00054788906179e-05	-0.042	1.37003972356293
SMC5	6.90521646595796e-10	0.472305911516829	0.536	0.608	2.02889070202777e-05	-0.072	1.38732510872734
NNMT	7.12026280969063e-10	0.385957586527277	0.208	0.12	2.0920756187433e-05	0.088	1.30672683715493
CDKN1A	7.45573882214863e-10	-0.312926280073242	0.496	0.639	2.19064518072371e-05	-0.143	-1.24222480401628
DCDC2	7.99724720454789e-10	0.30886557052388	0.323	0.206	2.34975117364026e-05	0.117	1.23873326796818
PTPRG	8.00596531751528e-10	0.382421549273692	0.275	0.166	2.35231272959234e-05	0.109	1.30352797898014
RORA	8.66688257984445e-10	0.740809007707739	0.333	0.298	2.5465034396099e-05	0.035	1.67111267166317
COMMD10	8.77105888246846e-10	0.380670215966581	0.286	0.202	2.57711252084688e-05	0.084	1.30194654505783
HLA-DPA1	9.13438716337013e-10	0.409760406414107	0.483	0.358	2.68386563634141e-05	0.125	1.32846517275732
AUTS2	1.06238962706751e-09	0.545129435321103	0.326	0.267	3.12151320224977e-05	0.059	1.4591512501026
ARGLU1	1.15758104876432e-09	0.308924196264686	0.815	0.86	3.40120463747933e-05	-0.045	1.23878360648671
PGRMC1	1.20638033363168e-09	0.280875697011584	0.612	0.617	3.54458669627659e-05	-0.005	1.21493210852172
BCL10	1.25915949807992e-09	-0.276388373759163	0.473	0.597	3.69966243725842e-05	-0.124	-1.21115908430777
FYB2	1.30932175171746e-09	0.702403478090651	0.469	0.432	3.84704917089624e-05	0.037	1.62721341492296
FNBP1	1.50323250600838e-09	0.444639091504317	0.499	0.47	4.41679774915383e-05	0.029	1.36097360906898
NOP58	1.5790563425335e-09	0.455008908908558	0.614	0.59	4.63958334563194e-05	0.024	1.37079126984305
NR2F2	1.5829952666134e-09	-0.311204693447199	0.376	0.463	4.65115669236351e-05	-0.087	-1.24074332522284
PCM1	2.232893463605e-09	0.274243835356162	0.737	0.777	6.5606875747642e-05	-0.04	1.20936005708754
TFF3	2.52293495712465e-09	-0.620854415130962	0.12	0.236	7.41288749102364e-05	-0.116	-1.53778564281295
BDP1	2.85348112499797e-09	0.719051936553602	0.596	0.59	8.38409824146904e-05	0.00600000000000001	1.64609994855509
WWOX	2.93072703548255e-09	0.62780116872427	0.24	0.203	8.61106217565483e-05	0.037	1.54520812505918
CAMSAP2	2.9716950965539e-09	0.513820108173677	0.363	0.323	8.73143453269468e-05	0.04	1.4278259308102
H1FX	3.00848085170396e-09	-0.286050908800993	0.503	0.622	8.83951843847657e-05	-0.119	-1.21929811904579
LINC01320	3.13862675372358e-09	0.573569577815069	0.33	0.239	9.22191312779062e-05	0.091	1.48820119016826
BPTF	3.38455530187546e-09	0.336575681862076	0.681	0.735	9.94450038797046e-05	-0.0539999999999999	1.26275581189818
RERE	3.38833353298020e-09	0.511113966255511	0.541	0.52	9.95560158660241e-05	0.021	1.42515018999543
TTC17	3.40516875371025e-09	0.491582271720818	0.471	0.41	0.000100050668321514	0.061	1.40598604167819
MTPN	3.46633582891644e-09	-0.271070683682657	0.556	0.664	0.000101847879325223	-0.108	-1.20670303971693
CEP95	3.70700483151341e-09	0.540327018764001	0.436	0.383	0.000108919215959527	0.053	1.45430212972953
ARIH1	4.61908611447495e-09	0.446733315275754	0.547	0.594	0.000135717988215503	-0.0469999999999999	1.3629506401639
EXOC4	4.78109941004484e-09	0.46693918004465	0.333	0.284	0.000140478262865937	0.049	1.38217393674411
SPIDR	5.972446162272e-09	0.54388018542242	0.287	0.257	0.000175482413139876	0.03	1.45788829742438
MACC1	6.28193344103305e-09	0.261088800667822	0.279	0.166	0.000184575768364433	0.113	1.19838278184548
DENND4A	6.57328338334583e-09	0.497137513767266	0.323	0.282	0.000193136212369467	0.041	1.41141036879471
GSTM3	7.09620716459748e-09	-0.276338281876985	0.24	0.321	0.000208500758910203	-0.081	-1.21111703232645
PLK2	7.57992494497183e-09	-0.25360183931074	0.423	0.553	0.000222713354733162	-0.13	-1.19217980442152
DSC3	7.64894791878455e-09	-0.259156240083131	0.09	0.192	0.000224741387749728	-0.102	-1.19677856418757
FNDC3B	9.26906862586748e-09	0.737149146991916	0.451	0.422	0.000272343774365238	0.029	1.66687872869599
MCTP2	9.83064806130428e-09	0.33612313904224	0.289	0.186	0.000288844101337242	0.103	1.26235977431364
STK39	9.95183098169614e-09	0.389005980546971	0.097	0.189	0.000292404697904196	-0.092	1.30949085143473
WDR60	9.98246446503662e-09	0.479499608455262	0.478	0.367	0.000293304770911706	0.111	1.39425999038475
VMP1	1.17941828510805e-08	0.251330144729027	0.683	0.759	0.000346536680530446	-0.076	1.19030405299858
SOX17	1.30824965104724e-08	-0.278645130814316	0.414	0.538	0.0003843899124707	-0.124	-1.21305514039869
PITPNC1	1.43087671691984e-08	0.479832727485177	0.325	0.329	0.000420420196965387	-0.004	1.39458196290688
SCGB1D2	1.53846609803763e-08	-0.448021468901072	0.402	0.532	0.000452032108925417	-0.13	-1.364168135062
MEF2C-AS1	1.62070095297823e-08	0.300788953033834	0.115	0.049	0.000476194354004063	0.066	1.2318178618062
KCTD12	1.63945909532736e-08	-0.263036115317286	0.492	0.576	0.000481705871389084	-0.084	-1.20000142190924
SMYD3	1.76171429484738e-08	0.339487275538988	0.187	0.127	0.000517626894112057	0.06	1.26530683221172
CHN2	1.87567177273524e-08	0.330565873927832	0.111	0.057	0.000551109880265068	0.054	1.25750651450902
RMST	1.93768854777351e-08	0.446462519065491	0.201	0.23	0.000569331649106814	-0.029	1.36269483611577
EHBP1	1.98019296401021e-08	0.445918130530393	0.302	0.214	0.00058182029668548	0.088	1.36218073197069
IGFBP6	2.07810241374104e-08	-0.686933183422392	0.206	0.229	0.000610588051205391	-0.023	-1.60985771501239
STXBP1	2.28376217183334e-08	0.265779512808579	0.31	0.215	0.000671015001328071	0.095	1.20228548947492
NFAT5	2.37173465572109e-08	0.545625826910913	0.559	0.566	0.00069686307654397	-0.0069999999999999	1.45965339020165
DIAPH2	2.43113203396877e-08	0.602410399628564	0.436	0.388	0.000714315214220704	0.048	1.51825108440587
FOS	2.43257225179905e-08	0.427573842591986	0.847	0.848	0.000714738379023597	-0.001	1.34496985945264
RBM6	2.44611171886158e-08	0.476395232472039	0.466	0.427	0.00071871654523591	0.039	1.39126306196856
DHFR	2.85086026645892e-08	0.348580441413937	0.192	0.109	0.000837639763490959	0.083	1.27330712358229
FBXL17	3.09488023458334e-08	0.394725108418019	0.206	0.15	0.000909337710525276	0.056	1.31469223445256
KRT14	3.38425320373317e-08	-0.69030640080734	0.063	0.108	0.00099436127632088	-0.045	-1.61362618536509
SH3D19	3.45863641321975e-08	0.376836428465314	0.279	0.202	0.00101621655093223	0.077	1.29849137253801
CRYAB	3.71485888872726e-08	0.481300354376507	0.407	0.428	0.00109149983868584	-0.021	1.39600136710123
QKI	4.20494464338309e-08	0.603274136344262	0.49	0.482	0.00123549683511882	0.00800000000000001	1.51916032842668
MYO1E	4.41718117372198e-08	0.688050820704434	0.263	0.238	0.00129785617246299	0.025	1.61110533426174
DLGAP1	4.62761229024854e-08	0.724299723894759	0.247	0.238	0.00135968504312083	0.00900000000000001	1.65209852226923
BAZ2B	4.93173138687543e-08	0.575076799657314	0.612	0.602	0.00144904131609174	0.01	1.48975676592795
TTC3	4.93554783410289e-08	0.326825770350737	0.743	0.78	0.00145016266461611	-0.037	1.25425072354031
SLPI	4.98925498886877e-08	-0.362053167203312	0.797	0.887	0.00146594290082942	-0.09	-1.28525370166195
TMEM232	5.06004297142459e-08	0.353263967862324	0.102	0.047	0.00148674182586397	0.055	1.27744747056293
CCL20	5.14993792145721e-08	-0.508305842201518	0.076	0.168	0.00151315476008256	-0.092	-1.42237891393916
AL365259.1	5.28339873505863e-08	0.251835239525879	0.224	0.13	0.00155236821633493	0.094	1.19072085739835
MAATS1	5.40271509121222e-08	0.295422567515157	0.201	0.113	0.00158742574809998	0.088	1.2272443863147
PTPN4	6.1125800783006e-08	0.478444253796023	0.273	0.296	0.00179599827860628	-0.023	1.39324043969942
FCHSD2	6.53323795936486e-08	0.329463789447226	0.187	0.121	0.00191959597722058	0.066	1.25654626361159
COL18A1	7.36714615379376e-08	-0.250433506669957	0.517	0.6	0.00216461488290768	-0.083	-1.18956450631799
FBXL2	7.37967745008524e-08	0.37212572658165	0.168	0.108	0.00216829682838405	0.06	1.29425844034173
IGF2BP2	7.80203268236975e-08	0.619039919372362	0.515	0.46	0.00229239324273388	0.055	1.53585276616082
ATP8B1	7.9549380699472e-08	0.59451300653997	0.446	0.413	0.00233731990371188	0.033	1.50996279928672
SERPING1	8.55526813435614e-08	0.31624747216679	0.526	0.548	0.00251370888323652	-0.022	1.24508779274507
ANKRD17	8.75616017998514e-08	0.469662607528275	0.561	0.516	0.00257273498408323	0.045	1.38478558062737
CCT2	9.48489876477151e-08	0.280997119523005	0.621	0.663	0.00278685295506516	-0.042	1.21503436597165
MIB1	9.58027410889052e-08	0.531248897557315	0.372	0.305	0.00281487613867421	0.067	1.44517970263527
SLC25A37	9.72459300208655e-08	0.30451966957667	0.481	0.4	0.00285727991587307	0.081	1.23500738570762
ARID4B	9.9078395454621e-08	0.324747093504682	0.552	0.65	0.00291112141524767	-0.098	1.25244486401046
DUSP2	9.9793480285988e-08	0.357664000564128	0.367	0.256	0.0029321320377629	0.111	1.28134946688085
ANKS1A	1.04289477193815e-07	0.472438460110893	0.266	0.258	0.00306423341890869	0.00800000000000001	1.38745257602648
ATXN1	1.09960929428574e-07	0.553026814580688	0.376	0.398	0.00323087202847038	-0.022	1.46716061322275
EPB41L5	1.14169245669418e-07	0.60566962269856	0.362	0.317	0.00335452077625885	0.045	1.52168487495599
XPR1	1.20571453894165e-07	0.561330294681515	0.342	0.341	0.00354263045831837	0.001	1.47562925314655
TCF12	1.35739602788719e-07	0.480037273885991	0.383	0.343	0.00398830100913813	0.04	1.39477970181634
MYEF2	1.46114710457704e-07	0.321981731705944	0.407	0.307	0.00429314242266827	0.1	1.25004647362586
FRMD4A	1.56497150390124e-07	0.497721217345599	0.28	0.259	0.00459819927276262	0.021	1.41198153036572
ZNF638	1.56642771151765e-07	0.462187044892285	0.598	0.567	0.00460247790198116	0.031	1.37762864386269
USP32	1.74075487565749e-07	0.385538122723572	0.194	0.128	0.00511468597565684	0.066	1.3063469613544
AFF1	1.84124661958352e-07	0.474634953429224	0.436	0.426	0.00540995081766029	0.01	1.38956657193422
ARHGEF3	1.86042203425999e-07	0.479663999250419	0.326	0.26	0.0054662920210627	0.066	1.39441887120225
MBD5	2.01331275781689e-07	0.419634605737518	0.287	0.261	0.0059155155450176	0.026	1.33758873810287
SRSF11	2.28247498053519e-07	0.332217500967542	0.73	0.773	0.0067063679878085	-0.043	1.25894695827159
LPP	2.38586987489729e-07	0.417703009977122	0.586	0.595	0.00701016286642322	-0.00900000000000001	1.33579906543143
DNAH14	2.39246782134475e-07	0.322185178793907	0.252	0.163	0.00702954895267514	0.089	1.25022276607877
ZNF83	2.42470803678213e-07	0.449578260510603	0.494	0.448	0.00712427715367326	0.046	1.36564098393138
FARP1	2.56795637189239e-07	0.295931993547994	0.515	0.507	0.00754516941189422	0.00800000000000001	1.22767781168452
NOP56	2.6473848857545e-07	0.437976559058319	0.577	0.576	0.00777854627132386	0.001	1.35470296606209
OXR1	2.90246163994845e-07	0.539231615940154	0.511	0.482	0.00852801279049653	0.029	1.45319833302476
FTCDNL1	3.02444814352308e-07	0.274464558687662	0.12	0.059	0.00888643353529952	0.061	1.20954509577824
SOS1	3.11934473831137e-07	0.495759686607739	0.372	0.338	0.00916525871010646	0.034	1.4100630631207
ZNF611	3.19379694726795e-07	0.397305028447972	0.257	0.202	0.00938401419046268	0.055	1.31704535500777
ANKRD36	3.20910184249848e-07	0.455721061349203	0.213	0.155	0.00942898303362903	0.058	1.37146809571583
MAML3	3.26003809147939e-07	0.508693241337823	0.282	0.246	0.00957864392038475	0.036	1.42276090898046
BMPR2	3.28562463865322e-07	0.518991862133126	0.462	0.437	0.0096538223132909	0.025	1.43295356743254
SPON1	3.33068969325595e-07	-0.276342058679598	0.386	0.493	0.00978623245672462	-0.107	-1.21112020288976
CCT6A	3.57871088302388e-07	0.272008403615197	0.624	0.658	0.0105149683165008	-0.034	1.20748762501161
DMD	3.86246888656897e-07	0.547664423929531	0.307	0.234	0.011348706082517	0.073	1.46171740811257
ZNF248	4.10946456012362e-07	0.36250143113551	0.279	0.187	0.0120744287705552	0.092	1.28565310858931
TRAPPC9	4.1634110093664e-07	0.346906172182043	0.166	0.115	0.0122329342277204	0.051	1.27183028867912
LINC01515	4.23248595749943e-07	0.30009366798518	0.113	0.065	0.0124358902403248	0.048	1.23122434885246
TRIO	4.54261055969066e-07	0.436048622201797	0.22	0.187	0.0133470983464831	0.033	1.35289382597247
CAPS	4.9986531517951e-07	0.397605960711652	0.513	0.449	0.0146870426906044	0.064	1.31732010661376
WDFY3	5.02446944205579e-07	0.342884953314008	0.265	0.238	0.0147628961146483	0.027	1.26829025639216
PPIG	5.26002050903088e-07	0.40260351125639	0.688	0.71	0.0154549922596345	-0.022	1.3218912663779
CAVIN1	5.96910217354246e-07	0.336798279169786	0.511	0.427	0.0175384160063025	0.084	1.26295066092859
CEP290	5.98104045905058e-07	0.385459828966872	0.418	0.372	0.0175734930767824	0.046	1.30627606900846
GOLGB1	6.7603160943017e-07	0.319016504638984	0.751	0.806	0.0198631607482772	-0.055	1.24747984318143
HLA-DRA	6.77206326681803e-07	0.263774631211505	0.663	0.683	0.0198976762905647	-0.02	1.20061586014108
IFT57	6.86632147507327e-07	0.333309909570352	0.538	0.513	0.0201746257580603	0.025	1.25990059383754
CLEC16A	7.16099832459528e-07	0.325642626417102	0.171	0.1	0.0210404452773258	0.071	1.2532225431093
STK3	7.47958030498139e-07	0.456428462444277	0.347	0.284	0.0219765028520963	0.063	1.37214073677949
TEX9	7.62659495529392e-07	0.325876440240725	0.291	0.201	0.0224084612976446	0.09	1.25342566607859
ATRX	9.14817134583736e-07	0.392739855583768	0.69	0.739	0.0268791570483393	-0.049	1.31288436691157
STAT3	9.51750296985746e-07	0.365354770016894	0.723	0.736	0.0279643272260352	-0.013	1.28819836863832
SETD2	9.59221404203538e-07	0.406287941864016	0.457	0.457	0.0281838432983083	0	1.32527149640889
IGFBP3	1.03381852324646e-06	-0.49634341008292	0.157	0.197	0.0303756558500275	-0.04	-1.41063369892635
CDK14	1.11736063643231e-06	0.435546763905695	0.25	0.195	0.0328302902196542	0.055	1.35242328792215
USP47	1.11813098975294e-06	0.400166329274905	0.429	0.436	0.0328529247409208	-0.00700000000000001	1.31966004649103
HBEGF	1.19591616984003e-06	-0.277533058222101	0.287	0.369	0.0351384089022398	-0.082	-1.21212044142009
MAML2	1.27804071312447e-06	0.506504907743995	0.506	0.504	0.0375513922330233	0.002	1.42060444813421
BTAF1	1.33263885397801e-06	0.48182301158739	0.243	0.212	0.039155594807582	0.031	1.39650719982458
LINC00271	1.43884042237914e-06	0.397212265843068	0.123	0.098	0.0422760092903439	0.025	1.31696067416616
MAP3K14	1.44822010605067e-06	0.355917121594503	0.168	0.126	0.0425516031559808	0.042	1.27979889121122
AQP3	1.46217348342628e-06	-0.484860771690712	0.185	0.26	0.0429615812900309	-0.075	-1.39945080408469
AGAP1	1.50572393606858e-06	0.40812030784311	0.206	0.148	0.044241180689567	0.058	1.32695579220995
GPRC5A	1.60636126871286e-06	-0.325219475353497	0.236	0.301	0.0471981067973212	-0.065	-1.2528550193609
ZRANB2	1.62596842120207e-06	0.261194604704487	0.651	0.666	0.0477742041517594	-0.015	1.19847067178874
LAMA3	1.69825083061053e-06	0.327854227497497	0.3	0.286	0.0498980059049986	0.014	1.25514516274987
