	p_val	avg_log2FC	pct.1	pct.2	p_val_adj
IGKC	2.01478325461471e-46	-0.580626005710671	0.414	0.02	5.91983615870893e-42
ECRG4	3.80828268425152e-36	1.39020587048233	0.719	0.283	1.11894961828678e-31
S100A6	1.20342273893759e-35	0.915460508861825	0.932	0.867	3.53589669154644e-31
IGHA1	7.35332575784363e-34	0.420218696653958	0.308	0.016	2.16055417416961e-29
RAB3B	6.98680965412588e-32	0.556992735441247	0.316	0.018	2.05286441257526e-27
GSTA1	1.03252943020156e-31	-1.6110701274091	0.365	0.725	3.03377797181822e-27
SLC16A12	1.33362954981563e-31	0.51894092062164	0.403	0.053	3.91847034326829e-27
LINC02838	2.99004533689987e-30	0.513864034507498	0.376	0.045	8.78535120887921e-26
RTN1	8.3356348672437e-30	0.713181997259311	0.471	0.098	2.44917623669354e-25
IGFBP7	1.04184090643669e-29	0.697421556567364	0.833	0.844	3.06113695129229e-25
AC044893.1	6.00122773652925e-29	0.574084745935883	0.452	0.088	1.76328073354703e-24
IGLC2	1.6677392260766e-28	0.544085375807721	0.278	0.014	4.90015139405827e-24
CCDC198	6.00174152083576e-28	1.03898944645277	0.643	0.238	1.76343169365196e-23
CSRP2	4.42485294849021e-27	0.767100700274762	0.669	0.279	1.30011029332539e-22
SLPI	1.27190512738295e-26	0.900827288417676	0.81	0.756	3.73711164527659e-22
HOXB-AS3	1.3825374438395e-26	0.402182200582109	0.285	0.02	4.06217151748921e-22
FJX1	3.42871407854523e-25	0.296156259816636	0.255	0.014	1.00742477055816e-20
CFH	8.87683454306278e-24	0.625131847268087	0.338	0.057	2.6081915254427e-19
SMOC1	3.30624240775996e-22	0.430338228369779	0.312	0.045	9.71440144248032e-18
HES4	1.54101759172065e-21	0.365788051518805	0.373	0.082	4.52781788799361e-17
PLG	7.41120017398763e-21	0.525550164044693	0.414	0.107	2.17755883512105e-16
LDHB	1.29438740415161e-20	0.856389925716539	0.749	0.525	3.80316907087826e-16
CNTNAP2	1.80843861121142e-20	0.529446437586963	0.289	0.041	5.3135543274614e-16
KRT18	3.28192101585375e-20	0.854661147624225	0.844	0.713	9.6429403287815e-16
CRISP3	1.34948444179072e-19	-1.3347640133156	0.061	0.328	3.96505518686951e-15
TNNT3	4.88228364717986e-19	0.44033505415455	0.384	0.098	1.43451258121439e-14
SFTA2	2.10833691806489e-18	0.304126467123427	0.247	0.031	6.19471553265825e-14
MBD3L1	3.65306672386769e-18	0.407915383241026	0.365	0.092	1.0733440648068e-13
KRT23	3.73692062149482e-18	0.482720706061956	0.54	0.223	1.09798201700761e-13
NUCB2	4.41884273727246e-18	-0.574128521942687	0.779	0.758	1.2983443730654e-13
HOXB6	2.61960924097976e-17	0.292221943831527	0.506	0.197	7.69693587184672e-13
QPRT	1.22095679456688e-16	0.534024543006415	0.635	0.33	3.58741525379640e-12
TUBA1A	1.40661028862566e-16	0.647434654147316	0.84	0.773	4.13290235003992e-12
CWH43	2.04228219218784e-16	0.476242716247376	0.544	0.236	6.00063353708633e-12
RBP1	2.73952074721439e-16	0.499943301057225	0.833	0.828	8.04925985946531e-12
NEAT1	6.17702726036401e-16	-0.814727147602065	0.882	0.799	1.81493414964015e-11
CFD	6.73053535245489e-16	0.676606377000306	0.285	0.059	1.9775658972583e-11
BICC1	1.33524014364873e-15	0.301843869537808	0.464	0.178	3.9232025900687e-11
TRIP13	1.99532685322376e-15	0.460337862633167	0.513	0.217	5.86266936014205e-11
SGCE	3.60263407201496e-15	0.271471741450469	0.338	0.094	1.05852594303944e-10
LDLRAD1	3.78119028434781e-15	-0.695546661486942	0.722	0.791	1.11098932934707e-10
TMEM190	5.59774804944196e-15	0.669915108738354	0.825	0.654	1.64473033188704e-10
GIPC2	8.67188392198049e-15	0.394056562401992	0.27	0.057	2.54797293395631e-10
LGALS4	9.0719572718379e-15	2.50137955821737	0.129	0.096	2.66552248561141e-10
KLF6	1.02016896561476e-14	-0.544687870158841	0.795	0.732	2.99746045476929e-10
CDHR3	1.09847038633134e-14	-0.630150659670297	0.764	0.773	3.22752568911875e-10
HIST1H4C	1.70858636157268e-14	0.962576815132868	0.688	0.408	5.02016844757286e-10
TPRG1	2.22716417385532e-14	0.318468190859354	0.293	0.072	6.5438537756217e-10
SOX4	2.93911592742621e-14	-0.739261842956415	0.719	0.693	8.6357104179637e-10
TUBB4B	3.75391899841677e-14	0.449683472293378	0.89	0.875	1.10297648011482e-09
C9orf24	4.63241801054924e-14	0.370724297463701	0.817	0.832	1.36109705985958e-09
PLAC8	5.48823677972146e-14	-0.739055600808319	0.376	0.496	1.61255373061776e-09
KRT8	1.25394990689092e-13	0.716067134590179	0.863	0.754	3.6843556164269e-09
LCP2	1.72515799309189e-13	0.261963033535072	0.186	0.025	5.06885921530259e-09
PDLIM4	2.0361012696888e-13	0.572090313408815	0.521	0.258	5.98247275059964e-09
SPAG6	2.18686173761021e-13	0.505899651661425	0.551	0.268	6.42543715744631e-09
CLU	2.41553868284808e-13	-0.705983123192833	0.779	0.793	7.09733575794424e-09
PDE1C	2.57139833209538e-13	0.301545319776985	0.24	0.049	7.55528257936265e-09
PLTP	2.67042345806669e-13	0.459623193779852	0.593	0.309	7.84623820449154e-09
TCF7	4.37315196927048e-13	-0.791520361145104	0.464	0.588	1.28491951161105e-08
IRF1	6.03595713528099e-13	-0.822740371374757	0.521	0.586	1.77348492548826e-08
INPP4B	6.56921049704406e-13	0.333385725014621	0.281	0.074	1.93016542824149e-08
SMC2	6.70537781159292e-13	0.715580170399085	0.54	0.299	1.97017410860223e-08
SETD3	6.8377941169277e-13	0.524356218998085	0.601	0.336	2.0090806674357e-08
HOXB7	3.98269923990953e-12	0.383043454907006	0.422	0.176	1.17019669067022e-07
FOLR1	4.45444728770707e-12	0.605997303298853	0.745	0.613	1.30880570207409e-07
OXTR	5.02395788804670e-12	0.488698240346099	0.559	0.291	1.47613930666588e-07
NDN	5.93245290485877e-12	0.265572253729907	0.38	0.145	1.7430733125056e-07
FXYD1	6.67346946832972e-12	0.4549077784869	0.376	0.148	1.96079879918464e-07
PROM1	8.52259943582338e-12	0.348992843593711	0.395	0.158	2.50411016623363e-07
ID1	9.3674914068373e-12	0.852814241081968	0.517	0.281	2.75235632515694e-07
DNAH5	1.25157206410965e-11	-0.649142685808343	0.631	0.68	3.67736903876698e-07
BRD2	1.33616203571012e-11	-0.702485042509548	0.54	0.596	3.92591129332348e-07
LINC02832	1.64560471817971e-11	0.264711225515999	0.346	0.127	4.83511578295562e-07
LCN2	1.85332793667233e-11	0.314564125129981	0.392	0.16	5.44544814353063e-07
GJA4	1.86840832094205e-11	-0.454258324990456	0.118	0.344	5.48975732859193e-07
BTG1	2.11434975885826e-11	-0.419678161279502	0.753	0.725	6.21238246147733e-07
WFDC2	2.81878673836208e-11	0.522806028977241	0.837	0.803	8.28215919465546e-07
NT5E	3.00242502302111e-11	0.335499234752311	0.331	0.117	8.82172520264063e-07
TACC1	3.89898571729668e-11	-0.564913766030538	0.228	0.418	1.14559998345611e-06
ATF3	4.24066049901265e-11	-0.879174726799789	0.529	0.625	1.2459908678199e-06
TMED6	4.63781732479003e-11	-0.715749539340339	0.163	0.336	1.36268348636981e-06
MT-CO2	7.9999793712129e-11	0.49782763551242	0.985	0.891	2.35055393884977e-06
MUC4	1.15265960855022e-10	0.402155641290609	0.24	0.066	3.38674446184227e-06
METTL27	1.16986639591163e-10	0.449121228089858	0.692	0.471	3.43730144446754e-06
SAMHD1	1.21557334928994e-10	-0.499788538153917	0.662	0.65	3.5715976148837e-06
GADD45B	1.80666590653157e-10	-0.744563540511358	0.639	0.66	5.30834576657107e-06
SYNE2	1.8655295783185e-10	-0.590134729856282	0.749	0.74	5.48129900701542e-06
ANKUB1	1.91736936207443e-10	0.312577707921496	0.563	0.311	5.6336146596471e-06
TLE4	2.24025478225425e-10	-0.636894841088351	0.589	0.613	6.58231660121943e-06
JUN	2.35648835725005e-10	-0.713568316161319	0.658	0.68	6.92383409127211e-06
TSPAN6	2.96488115624422e-10	-0.318424099103462	0.703	0.67	8.71141381327676e-06
C20orf85	2.96946555275738e-10	0.253805953207984	0.852	0.881	8.72488368711174e-06
BACE2	3.49029478460297e-10	0.395116654588018	0.433	0.203	1.02551841361204e-05
MYL12B	3.61130521503868e-10	0.370083862762793	0.829	0.799	1.06107369828266e-05
ERICH3	4.29277042104229e-10	-0.433601966154628	0.76	0.754	1.26130180511064e-05
CLDN10	4.4182916791194e-10	-0.577571062891391	0.106	0.295	1.29818246115886e-05
STAG3	4.4623719640525e-10	0.450404172692501	0.555	0.318	1.3111341304779e-05
MRPS36	4.53217897007707e-10	0.755704850132882	0.673	0.447	1.33164482498804e-05
CABCOCO1	5.61949257858879e-10	0.405393276975592	0.768	0.572	1.65111930944096e-05
PCDH17	6.071204836121e-10	0.265406679802069	0.338	0.135	1.78384140494907e-05
KCNQ1OT1	9.63033731197498e-10	-1.37758746556661	0.593	0.611	2.82958570900449e-05
S100A10	1.22232667746187e-09	0.577629513430211	0.852	0.691	3.59144024371847e-05
ALDH1A1	1.55108235351316e-09	-0.528074044557341	0.308	0.525	4.55739017109238e-05
TMSB4X	2.30307585810699e-09	0.483496547241119	0.856	0.754	6.76689748628997e-05
FAM3C	3.20980443381933e-09	0.372460804091255	0.506	0.279	9.43104738744796e-05
HLA-A	3.26714766076981e-09	0.478240103091734	0.798	0.596	9.59953325687387e-05
UTP20	3.66384017893591e-09	0.301933931786513	0.316	0.125	0.000107650952137495
SLC25A5	4.06544914729684e-09	0.800383757961472	0.593	0.379	0.000119451026845876
NR2F1	4.22474033132367e-09	0.343167865434165	0.54	0.307	0.000124131320414952
NIN	4.71583216082719e-09	-0.595700841302794	0.259	0.43	0.000138560580549425
IGFBP2	5.06806541556151e-09	0.521327266706573	0.563	0.33	0.000148909898040028
RPL10	6.39602169819164e-09	0.357901112725357	0.958	0.887	0.000187927909536267
TCTEX1D1	6.43072615620197e-09	0.317902201048698	0.654	0.422	0.000188947595921526
NDUFB2	6.56951455233895e-09	0.507907862808239	0.817	0.674	0.000193025476576823
RNASEK	7.47108114411859e-09	-0.251321123766912	0.783	0.717	0.000219515306176492
RP1	7.8887767444901e-09	-0.538450749375054	0.738	0.711	0.000231788038306608
ZFP36	8.28470193195504e-09	-0.532895170955063	0.715	0.725	0.000243421112164703
DNAH9	8.45452600171384e-09	-0.504829135673135	0.741	0.74	0.000248410882982356
CCN1	8.52478119008609e-09	-0.704678115713188	0.548	0.52	0.000250475120927109
SPON2	8.53281074153442e-09	-0.484295344139429	0.183	0.371	0.000250711045207764
CAPN2	1.06641457152483e-08	-0.425177660365903	0.635	0.607	0.000313333929405424
RALGDS	1.2505275336614e-08	-0.674149283432171	0.35	0.451	0.000367429999940392
CLSTN2	1.28788982836906e-08	0.280938427971784	0.183	0.045	0.000378407789371396
KCNS3	1.34182401291506e-08	0.257030908193319	0.141	0.025	0.000394254731474704
MT-CO1	1.60564466874323e-08	0.326671042146844	0.985	0.906	0.000471770516570135
FTL	1.66954982980556e-08	0.524806610463556	0.886	0.746	0.000490547130993469
ALCAM	1.85951736278106e-08	-0.489937651052473	0.49	0.529	0.00054636339153233
PCCA-DT	1.95863341895002e-08	0.280525883125517	0.259	0.092	0.000575485671155894
CHCHD10	2.0025244631543e-08	0.655320463207091	0.559	0.355	0.000588381737763996
LKAAEAR1	2.50394344070292e-08	-0.455157333250526	0.053	0.168	0.000735708661747331
REV3L	2.52967655426677e-08	-0.583912043885398	0.506	0.57	0.000743269565174662
RIPOR2	2.58073313177736e-08	-0.477436570824763	0.612	0.598	0.000758271008778824
MLLT1	3.46468736046422e-08	0.292156184665015	0.57	0.348	0.0010179944402516
FAM153CP	3.61671296990242e-08	-0.631179805652915	0.266	0.426	0.00106266260481673
PDLIM1	3.63151509625624e-08	0.422567639439212	0.802	0.664	0.00106701176558201
CP	4.0259664430113e-08	0.298743309941943	0.198	0.057	0.00118290946028558
WEE1	4.38322559191539e-08	-0.572096903543723	0.445	0.48	0.00128787934341658
TMOD3	4.40065393213822e-08	-0.435318046951659	0.544	0.551	0.00129300013834085
SLC16A11	5.04659569768816e-08	0.26546529169756	0.452	0.246	0.00148279074789474
APRT	5.29505622480871e-08	0.454234913603355	0.669	0.453	0.0015557934199733
SCD5	5.44167275687936e-08	0.312802945233274	0.35	0.162	0.00159887228942629
AK1	5.54485716759413e-08	0.670980685917618	0.757	0.619	0.00162918993298251
TP53TG1	5.6739062603758e-08	-0.268036273657831	0.582	0.514	0.00166710713742362
UQCRH	5.84145938160086e-08	0.542342258179952	0.76	0.58	0.00171633759550197
NR4A3	5.8970470368809e-08	-0.412582113905457	0.433	0.33	0.00173267036037635
USH1C	6.03574065015041e-08	0.275618545146216	0.167	0.041	0.00177342131782719
C11orf97	6.13306576620497e-08	0.381093770225991	0.764	0.637	0.00180201738342634
ENPP2	6.65651824731285e-08	-0.528813953425527	0.259	0.389	0.00195581819142546
RTN4	7.03874728764753e-08	0.381891059594893	0.802	0.695	0.0020681247280566
KRT17	7.45659539307169e-08	0.560643406834034	0.255	0.094	0.00219089685839232
SOD3	7.92278840393104e-08	0.377908903931123	0.624	0.422	0.00232787368884302
TSPAN1	8.97737439261809e-08	0.497177901362941	0.779	0.635	0.00263773214403905
CCN2	9.49347338322e-08	-0.607207154527264	0.593	0.578	0.0027893723494577
ID3	9.70647017297465e-08	0.386731780426167	0.354	0.168	0.00285195506622341
MYL12A	9.78006827444554e-08	0.402740313802069	0.833	0.754	0.00287357966039759
TST	1.03221279666758e-07	0.328820372174834	0.395	0.201	0.00303284763916867
GRAMD1C	1.03994481695616e-07	0.42353754117282	0.468	0.266	0.0030555658611806
MRPL15	1.16463473222284e-07	0.370349710694405	0.365	0.178	0.00342192977021715
UBB	1.16941923901283e-07	0.56682215535549	0.555	0.344	0.00343598760806749
LYSMD2	1.2513934504999e-07	0.280342118125531	0.304	0.131	0.00367684423625881
OVGP1	1.32285957587722e-07	-0.88898464711013	0.125	0.293	0.00388682600584245
TMEM176A	1.32762482208344e-07	0.492508119389049	0.148	0.035	0.00390082725224557
ZBTB16	1.36171712454744e-07	-0.489233604863478	0.141	0.244	0.0040009972553453
TFF3	1.91635132793324e-07	-0.494435940280919	0.856	0.785	0.00563062347173345
PHLDA3	2.33687811417869e-07	0.278127792828662	0.373	0.186	0.00686621527507983
BLCAP	2.36773195234571e-07	0.379461362818142	0.749	0.584	0.00695687002238217
SUGT1	2.4098816673601e-07	-0.287436728813454	0.616	0.531	0.00708071431503746
RPS9	2.44521199571367e-07	0.344489869568283	0.92	0.873	0.00718452188580592
PHB	2.47359762661635e-07	0.347951476912157	0.586	0.377	0.00726792454652417
IK	2.50787296162133e-07	-0.360931988598801	0.825	0.824	0.00736863233583578
SELENBP1	2.55012543096109e-07	-0.324808332729744	0.65	0.627	0.00749277854124987
ARPC1B	2.7541113005639e-07	0.328649054378667	0.532	0.326	0.00809212982331685
PUF60	2.81107943369606e-07	0.451637591344298	0.673	0.469	0.00825951359208577
CDC42SE2	3.11424920084207e-07	0.397998896619711	0.456	0.258	0.00915028700191417
RIIAD1	3.31311657509437e-07	-0.295103849825467	0.738	0.684	0.00973459912094227
MT-CO3	3.59009191245997e-07	0.426617027575037	0.977	0.908	0.0105484080571899
ARPC2	3.6632074650956e-07	0.325551301861234	0.795	0.627	0.0107632361739439
ARL1	3.69241460975181e-07	0.301955403217296	0.627	0.42	0.0108490526063728
DNAH6	3.73096567623308e-07	-0.611274682037598	0.635	0.66	0.010962323349908
AHNAK	3.9002242696681e-07	-0.607997323999681	0.593	0.678	0.0114596389491388
KCTD12	3.97601614819058e-07	-0.542913135451422	0.643	0.639	0.0116823306466136
ZC3HAV1	4.0588210929959e-07	-0.577926916255221	0.369	0.428	0.0119256281354406
PLK2	4.50899599043838e-07	0.30159862399695	0.456	0.26	0.0132483320191061
ATP5F1E	4.7802443188499e-07	0.293077621857275	0.89	0.85	0.0140453138576448
MUC1	4.7841193747606e-07	-0.537810406259411	0.319	0.455	0.0140566995469216
MT-ND4	5.01925434205683e-07	0.32342428286442	0.97	0.889	0.0147475731078314
KIAA0319L	5.24767877508005e-07	-0.510814433988962	0.388	0.482	0.0154187297769402
CDC14A	5.46932578873241e-07	-0.539854343024097	0.422	0.506	0.0160699730324536
PRDX5	5.62416878158513e-07	0.253866826389933	0.871	0.877	0.0165249327140534
MED10	5.62832909496792e-07	0.351753118233017	0.51	0.309	0.0165371565468347
SPTBN1	5.74642647966209e-07	-0.253653689439084	0.589	0.555	0.0168841502825432
BDH1	5.78298618319355e-07	0.276450341595297	0.399	0.213	0.0169915700034593
FUS	6.15000401980243e-07	-0.530574700780211	0.646	0.664	0.0180699418109835
BIRC3	6.17467125566289e-07	-0.667929713816224	0.213	0.314	0.0181424190833887
CCDC88A	6.25731869262061e-07	0.306685528621186	0.251	0.1	0.0183852537826579
YBX3	6.82523995297436e-07	-0.381697571036568	0.798	0.789	0.0200539200298293
DNAAF3	6.93665563177683e-07	0.256328117047627	0.677	0.477	0.0203812815772867
F11R	7.45360807993267e-07	-0.325789578233999	0.525	0.572	0.0219001912604582
BID	7.69716452576771e-07	0.27303785954627	0.19	0.061	0.0226158088096107
WSB1	8.21897509180767e-07	-0.433871855416238	0.605	0.631	0.0241489926147493
USP53	8.44008534517915e-07	-0.565135027829331	0.369	0.459	0.0247986587612054
EPB41L2	8.9603843761669e-07	-0.268930984038022	0.125	0.287	0.0263274013740536
SUCLG1	9.27585975325201e-07	0.373683169374957	0.605	0.404	0.0272543311270051
LPGAT1	9.34828995790823e-07	0.28269561720189	0.536	0.338	0.027467145554326
MT-ATP6	9.42077961397634e-07	0.273627027737891	0.985	0.914	0.0276801346617853
CCHCR1	9.5582254839472e-07	-0.682471195356555	0.346	0.398	0.0280839781169337
CFAP70	9.59883708185094e-07	-0.60763917449228	0.707	0.711	0.0282033031138944
AC013264.1	9.77611932287373e-07	0.371721244473606	0.745	0.57	0.0287241937944676
B4GALT1	9.86610178860682e-07	-0.309555897062076	0.414	0.365	0.0289885802752846
ANXA4	9.88202307712916e-07	0.28707722451059	0.719	0.541	0.0290353602052209
GAPDH	9.90383289126966e-07	0.600051850193188	0.909	0.775	0.0290994418011285
FDX1	1.0086871216869e-06	0.374144035988879	0.43	0.25	0.0296372450094044
NUPR1	1.08523162734172e-06	-0.493959333638444	0.502	0.535	0.0318862756745543
GSTA2	1.16910769186248e-06	-0.664841386921211	0.042	0.162	0.0343507222023033
RPLP1	1.20492759115552e-06	0.314461731037553	0.958	0.926	0.0354031824833315
SNX17	1.30557966992832e-06	0.265166074749403	0.521	0.326	0.038360541861834
MALAT1	1.37437043613114e-06	-0.65309527399879	0.97	0.918	0.0403817521544052
AGR3	1.45847739073595e-06	-0.370708289152392	0.844	0.84	0.0428529826946036
NFE2L2	1.51796445299668e-06	-0.355152695581536	0.734	0.691	0.0446008315579486
PIGR	1.57401130610468e-06	1.89165827673239	0.103	0.031	0.0462476001959678
MSI2	1.60181068784956e-06	-0.323972096938224	0.688	0.658	0.0470644016303957
UBE2H	1.6370452802089e-06	-0.47403010716576	0.62	0.566	0.0480996644230978
TXNIP	1.68147930036877e-06	-0.402091846528357	0.707	0.693	0.0494052248034351
EPCAM	1.69312706457065e-06	0.457981265402817	0.848	0.723	0.0497474594112147
CCNL1	1.75478260356183e-06	-0.401169771067033	0.608	0.639	0.0515590224578537
CSGALNACT1	1.77286736872409e-06	0.289695130718934	0.247	0.102	0.0520903890278513
PRDX2	1.90445667907227e-06	0.454882817390468	0.669	0.475	0.0559567461445015
TSR3	1.9613450891622e-06	0.335997564577045	0.479	0.291	0.0576282414097637
LAPTM4A	2.13011676519356e-06	0.385846316608883	0.814	0.689	0.0625870907949173
AL357093.2	2.1930410561149e-06	-0.529995133887613	0.753	0.723	0.0644359323107681
DNAAF1	2.20343196615277e-06	-0.420757901691259	0.787	0.783	0.0647412380295005
CFL2	2.22384918822203e-06	-0.471660497604951	0.236	0.283	0.0653411368483396
IFI27L2	2.24501400379797e-06	-0.417817117507788	0.586	0.584	0.0659630014595919
ITM2C	2.24833460124268e-06	0.534675271349823	0.502	0.334	0.0660605672537125
ZFP36L2	2.41371840639608e-06	-0.4598126076658	0.532	0.615	0.0709198742167297
PPP1R15A	2.51247139025967e-06	-0.262610595972065	0.726	0.658	0.0738214343886095
PPP2R2B	2.6173346336591e-06	-0.35426867107507	0.323	0.422	0.0769025262061717
ATP2A2	2.62660695914602e-06	-0.291244146379953	0.574	0.572	0.0771749656736283
AC027237.3	2.66251122623281e-06	0.267280512140673	0.487	0.299	0.0782299048491724
ATP5MC3	2.91764237127527e-06	0.515925653710944	0.776	0.617	0.08572616815281
TAGLN2	3.04241934711702e-06	-0.382643149339654	0.578	0.658	0.0893923652569923
SLC38A2	3.18372250561981e-06	-0.642171239664869	0.278	0.369	0.0935441346601213
MS4A8	3.23554315889809e-06	0.374340400920903	0.795	0.664	0.0950667290947437
SOD1	3.27615563962382e-06	0.276075297594604	0.829	0.777	0.0962600050034272
AREG	3.3260440068863e-06	-0.513293830261704	0.281	0.242	0.0977258250103333
SFPQ	3.55129058198667e-06	-0.295285815583466	0.665	0.648	0.104344019879932
NDUFAB1	3.82990139988867e-06	0.293162490297491	0.787	0.648	0.112530162931529
S100A11	4.04141395624332e-06	0.273138426391537	0.871	0.865	0.118744824862341
LINC01578	4.14945686258288e-06	-0.330231806462275	0.578	0.543	0.12191934153641
RCAN3	4.160495527983e-06	-0.318773050093619	0.616	0.584	0.122243679603196
AHCYL1	4.30436729814067e-06	-0.272055956240361	0.643	0.613	0.126470919953969
LPAR3	4.40482870068196e-06	-0.39096594669884	0.399	0.455	0.129422676883437
HLA-F	5.02342195544468e-06	0.356237360606467	0.194	0.072	0.147598183894876
CFAP47	5.13517497279778e-06	-0.374920387070458	0.574	0.514	0.150881711050744
AZIN1-AS1	5.65672489339738e-06	-0.44958771291065	0.38	0.453	0.166205890817802
AL627171.2	5.76270662942088e-06	-0.303718393133109	0.43	0.369	0.169319846185644
CENPM	5.9218899120369e-06	-0.31332578744379	0.46	0.391	0.173996969395468
ELF3	6.00026185379249e-06	-0.382911059326361	0.768	0.746	0.176299693788131
IFT172	6.15902000654729e-06	-0.445920730968443	0.513	0.527	0.180964325832372
CTNNAL1	6.16960430967332e-06	-0.31318963098186	0.517	0.523	0.181275313826822
CAVIN3	6.26853545154919e-06	0.262575386569999	0.316	0.16	0.184182108637418
BOLA3	6.42719804796662e-06	0.371007040298573	0.563	0.377	0.188843933045355
ERRFI1	6.57974350300256e-06	-0.395051160912903	0.555	0.51	0.193326023605221
ERBB4	6.92588354299879e-06	-0.404811950355245	0.544	0.605	0.20349631026039
ATRX	7.16083877392575e-06	-0.339107806150442	0.593	0.553	0.210399764855486
FAM133B	7.33298538446429e-06	-0.362148011259849	0.624	0.584	0.21545777656633
MLEC	7.48474902691189e-06	0.337459584259021	0.715	0.535	0.219916895908725
SERPINA6	7.58668513479883e-06	-0.25993660886515	0.072	0.191	0.222911982630659
CES4A	7.58936066535937e-06	-0.437172430921288	0.548	0.58	0.222990595069589
ASRGL1	7.7977158082106e-06	0.34049906860321	0.673	0.494	0.229112485876844
STARD10	8.23515803637574e-06	0.276029714441261	0.365	0.201	0.241965413424792
KIF21A	8.4565978477232e-06	-0.463565205410021	0.741	0.748	0.248471757961803
HSPA4L	8.90342179951121e-06	-0.345086753811198	0.441	0.49	0.261600339313238
TUBA1B	9.36664898902607e-06	0.356927663461021	0.753	0.605	0.275210880595564
HLA-C	9.67038901287107e-06	0.339805230061762	0.768	0.639	0.284135369976178
CYCS	9.96204122234052e-06	0.572067158480102	0.631	0.461	0.292704695194809
LINC-PINT	1.01121598864598e-05	-0.251217349509202	0.445	0.387	0.297115481783963
CAMK2D	1.04508476815866e-05	-0.277342242210695	0.099	0.221	0.307066806580378
FAM174A	1.04955468003129e-05	0.303852210312617	0.764	0.623	0.308380156086794
PCAT19	1.05595458397774e-05	0.30297532141069	0.574	0.402	0.310260575864339
EIF3K	1.080461522352e-05	0.467783397591649	0.791	0.648	0.317461204497464
ITGB8	1.08322156388177e-05	-0.337008196996373	0.43	0.453	0.318272159899741
HSPA5	1.16869567866991e-05	-0.38049552522922	0.711	0.684	0.343386164306792
TSTA3	1.17359295064134e-05	0.31428645880334	0.35	0.191	0.344825080757439
PDCD4	1.23460905334365e-05	0.417725971708382	0.696	0.52	0.36275283205343
TRMT9B	1.24290115188496e-05	-0.457873584518923	0.331	0.414	0.365189216446838
DNAH11	1.25584823460664e-05	-0.641852514906344	0.639	0.648	0.368993328292124
C9orf135	1.28232562255844e-05	0.351364843620884	0.783	0.67	0.376772914420121
VIM	1.30289042226653e-05	-0.332497082844241	0.73	0.77	0.382815263870351
RPS2	1.32613681263194e-05	0.505053419587602	0.932	0.861	0.389645518287516
JMJD1C	1.34152299622554e-05	-0.340373335404188	0.589	0.561	0.394166286750989
MPC1	1.34438629195802e-05	0.265974727582885	0.544	0.365	0.395007580303106
GATA6	1.42985372982749e-05	-0.373591412998722	0.293	0.393	0.420119622897912
CFAP54	1.58476295467944e-05	-0.405340164538619	0.681	0.627	0.465635051343913
ALDH1L1	1.59477853339129e-05	0.277884701882418	0.224	0.096	0.468577828681029
ANAPC4	1.63208540275208e-05	-0.47704599290907	0.605	0.609	0.479539333036617
CIB1	1.70997436327097e-05	0.286845355402465	0.833	0.781	0.502424667416278
LINC02605	1.78420188984979e-05	-0.336803549189029	0.202	0.256	0.524234199275664
CHD3	1.83390714534209e-05	-0.437900791153657	0.259	0.279	0.538838597444414
SRI	1.86076234066262e-05	0.336909541701041	0.837	0.754	0.54672919093349
SLC40A1	1.9018843713569e-05	-0.27608408749931	0.593	0.555	0.558811665992086
FSD1L	2.01265021811567e-05	-0.354352484120758	0.536	0.518	0.591356887086746
IGFBP5	2.03557075547846e-05	-0.504709324447239	0.597	0.623	0.598091399374682
PMAIP1	2.03986619972649e-05	-0.541887954684569	0.289	0.342	0.599353486803637
NAP1L1	2.0465584260252e-05	-0.402001144707266	0.715	0.711	0.601319796734726
DHX36	2.08409011560839e-05	-0.276544236179233	0.506	0.42	0.612347357768058
CD74	2.1489218436209e-05	-0.522670779994762	0.62	0.627	0.631396216092693
GALM	2.22753273861516e-05	-0.289487900089226	0.536	0.541	0.654493669259906
CPM	2.23887162545609e-05	-0.421902895464152	0.357	0.408	0.657825260991508
BTG2	2.24514480185159e-05	-0.376295029158981	0.821	0.77	0.659668445680034
ACAT1	2.27566783959111e-05	0.289961388301412	0.494	0.322	0.66863672462866
RANBP1	2.30525438675322e-05	0.312855893755538	0.612	0.439	0.67732984391583
SIGIRR	2.38459326460391e-05	0.293638555105115	0.597	0.426	0.700641193005921
IGF1R	2.46032152459464e-05	-0.337661273330803	0.567	0.537	0.722891670356398
PLPP5	2.47766759115114e-05	-0.283512950664111	0.567	0.506	0.727988291632028
MYO6	2.54737528902029e-05	-0.382924029288299	0.464	0.449	0.748469807419941
LCA5	2.6179181607039e-05	-0.265089463909975	0.612	0.576	0.76919671397802
C1orf141	2.6430573392165e-05	0.260360713388396	0.532	0.359	0.776583107408591
HLA-B	2.64841499521325e-05	0.402044141071086	0.707	0.537	0.778157293893557
IFITM3	2.65037039022078e-05	0.393434868346119	0.711	0.572	0.778731828054669
ETS2	2.66815199741398e-05	-0.318099011832426	0.529	0.477	0.783956419880177
SYNCRIP	2.73427884919383e-05	-0.276837963573003	0.49	0.42	0.80338581147013
PPP1R10	2.74630370965668e-05	-0.295300807828761	0.574	0.549	0.806918955971327
YWHAB	2.84232060104814e-05	0.265264121036144	0.776	0.617	0.835130638999964
SYPL1	2.87840814753117e-05	0.270751680145029	0.646	0.492	0.845733881907609
ST3GAL6	2.91821222185711e-05	0.281357504818081	0.54	0.369	0.857429115026055
ATP5MC1	2.94538635944095e-05	0.734629910758816	0.601	0.439	0.865413420130939
BAIAP2	3.03925724560099e-05	-0.398437092276822	0.433	0.432	0.892994563902482
EEF2	3.10523898371173e-05	-0.276658633972215	0.722	0.666	0.912381318194179
DDX17	3.107985313649e-05	-0.426572572913821	0.753	0.762	0.913188244856348
CD55	3.11507408362915e-05	-0.286444722054999	0.567	0.51	0.915271067251918
UQCRC2	3.37579488599301e-05	0.323071885058	0.627	0.455	0.991876053402467
STBD1	3.68484010197753e-05	-0.315540022958797	0.213	0.264	1
LONRF2	3.80780571854075e-05	-0.35473314311587	0.331	0.293	1
NME2	3.82397266042521e-05	0.316279009781748	0.764	0.605	1
LRG1	3.85198340778665e-05	-0.542057487128171	0.183	0.287	1
ACTA2	4.07823893562077e-05	-0.397873751655087	0.361	0.252	1
FAM107B	4.19545484334747e-05	0.278098176709968	0.65	0.488	1
RBM4	4.19773296173709e-05	-0.253358450906931	0.449	0.422	1
FCGBP	4.204576829559e-05	1.24630006170612	0.103	0.039	1
CBX5	4.21304735640277e-05	0.307762650306202	0.646	0.477	1
BRWD1	4.2244759900876e-05	-0.426341778333929	0.293	0.375	1
RPL21	4.2669209358198e-05	0.257603922547182	0.935	0.898	1
CST6	4.44239576221403e-05	-0.371533718875173	0.646	0.617	1
SDC4	4.4768511087535e-05	-0.263207806134225	0.551	0.502	1
TNNT1	4.56670580087638e-05	-0.267397157662637	0.046	0.129	1
DST	4.80523259545788e-05	0.258370894513868	0.433	0.273	1
MLF1	4.83549697566535e-05	0.272556594135654	0.772	0.637	1
ECI1	5.03214521449784e-05	0.257098146860678	0.654	0.486	1
SEC63	5.09174191498421e-05	-0.400544304767054	0.445	0.469	1
KLF5	5.10924130402341e-05	-0.407384498070459	0.555	0.576	1
OGA	5.17620827651934e-05	-0.413817187710699	0.35	0.4	1
WDR45B	5.23455221293177e-05	-0.371546790452253	0.608	0.592	1
AC013470.2	5.24144460345683e-05	0.276993480747804	0.665	0.498	1
PPWD1	5.30643562796068e-05	-0.286721666174303	0.194	0.27	1
CHPT1	5.33240378364591e-05	-0.323848219049216	0.342	0.436	1
ARGLU1	5.41985719028272e-05	-0.372225370187434	0.726	0.699	1
EID1	5.47440722303178e-05	0.316200503681555	0.738	0.594	1
FAM216B	5.52995243785025e-05	-0.302794622984448	0.719	0.713	1
XIST	5.6061653099588e-05	-0.431443823257119	0.722	0.682	1
MT-ND6	5.62121187061191e-05	0.403794262669778	0.707	0.545	1
FOSB	5.63332489761011e-05	-0.354057998024483	0.369	0.523	1
UBE2D1	5.64739261931492e-05	0.26043657017451	0.289	0.154	1
SPIN1	5.64895553273267e-05	-0.279692098690947	0.437	0.383	1
RESF1	5.78156273934009e-05	-0.430701634370323	0.399	0.432	1
RAB11FIP1	5.95336477199472e-05	-0.273651237586513	0.662	0.621	1
SLC25A25	6.0108191882877e-05	-0.409322676171686	0.392	0.449	1
RIMKLB	6.04110857846615e-05	-0.528874517473447	0.354	0.418	1
LPIN2	6.17540730579637e-05	0.250392981039784	0.43	0.27	1
IQUB	6.22538520949762e-05	-0.388034860076172	0.548	0.549	1
CDKL1	6.22914338307297e-05	-0.34980127019992	0.445	0.49	1
SCOC	6.32316299808525e-05	0.265623535524161	0.65	0.484	1
GMPR2	6.33940898428555e-05	0.258145795582166	0.445	0.287	1
SPACA9	6.3399604214699e-05	-0.253780603401646	0.555	0.471	1
SGK3	6.49817147564236e-05	-0.335567538140072	0.259	0.359	1
NIF3L1	6.76246638421117e-05	0.303979457088752	0.243	0.119	1
DDX5	7.04389087277892e-05	-0.319406409391019	0.871	0.867	1
DOC2A	7.16993612865798e-05	0.269885735812578	0.319	0.178	1
OCIAD2	7.26051590679076e-05	-0.350959775302825	0.479	0.453	1
TP53INP1	7.30066277964269e-05	-0.419850553893744	0.327	0.393	1
TIMM13	8.14724071664395e-05	0.367216854291703	0.532	0.369	1
YWHAQ	8.18898660471464e-05	0.280249968202908	0.726	0.582	1
UPF2	8.19651394010265e-05	-0.433430964127142	0.354	0.41	1
ARID5B	8.54501994041596e-05	-0.322047180002075	0.464	0.463	1
WWTR1	8.61822146878325e-05	-0.374139672710306	0.354	0.326	1
TMEM54	8.76831400451146e-05	0.469070692315309	0.274	0.145	1
NDUFA4	8.98273192633614e-05	0.250865711287746	0.848	0.797	1
FAM118A	9.10568160770349e-05	-0.271086515410475	0.065	0.166	1
CHD2	9.27274897457466e-05	-0.51933907468693	0.433	0.498	1
ZFHX3	9.39737565490932e-05	-0.256024547508635	0.399	0.371	1
SRGAP3	9.50667704707125e-05	-0.386179653858164	0.673	0.631	1
CFLAR	9.68431727992395e-05	-0.395890760239208	0.548	0.535	1
RTCA-AS1	9.92123112371724e-05	-0.28358345633858	0.411	0.389	1
TRAK2	0.000100963011503897	-0.303711421723509	0.148	0.223	1
GTF2A2	0.000103412747394324	0.303913436488095	0.658	0.502	1
MRPL14	0.000103465874037846	0.281198966327081	0.551	0.389	1
IQGAP2	0.000103621448591119	0.349921012721028	0.422	0.27	1
TMED2	0.000104965098410752	0.279648880618038	0.62	0.457	1
AQP3	0.000105155608173642	-0.321074482961789	0.407	0.451	1
ZKSCAN1	0.000110366342879447	-0.333206857514454	0.665	0.691	1
EVA1C	0.000113020138251247	-0.280304474678342	0.361	0.365	1
RFX3	0.000113028345198096	-0.328716519380363	0.719	0.68	1
TIAM1	0.000113955013112649	-0.331816885948612	0.213	0.295	1
GADD45G	0.000115892196229524	-0.43041162224997	0.35	0.373	1
BRI3	0.000116902887041181	0.288800878928779	0.722	0.588	1
CENPS	0.000118063934011707	0.250401343002411	0.487	0.328	1
KIFAP3	0.000120889313037436	0.283521035942047	0.646	0.488	1
PPIA	0.000123069783651979	0.448243551940076	0.84	0.738	1
ZFAND5	0.000131518519544102	-0.345533512002889	0.612	0.631	1
CARS	0.000137533002381818	-0.303675212044302	0.464	0.496	1
ITPR1	0.000137770292349533	0.27465654349277	0.198	0.088	1
CTNND1	0.000142127212172444	-0.458952076492659	0.483	0.502	1
ATP5PB	0.000145044258329756	0.340667401707562	0.715	0.568	1
EIF4B	0.000155699377489985	-0.287227881764964	0.608	0.553	1
DYNC1I2	0.000164407097106184	-0.293899790342539	0.555	0.508	1
NFKBIZ	0.000167206672332922	-0.38099349125242	0.331	0.428	1
SRSF11	0.000169514076891501	-0.271365849725096	0.57	0.547	1
TUBGCP2	0.000170096990219915	-0.325637258723994	0.627	0.637	1
HMGN3	0.000173627432604818	-0.337139632783543	0.825	0.85	1
TFAM	0.000177790449645599	0.279138304822682	0.513	0.357	1
SOS1	0.000180512124228457	-0.261585937025307	0.308	0.277	1
DNAH3	0.000181147849310592	-0.356148529300934	0.452	0.424	1
DTHD1	0.00018578399812383	-0.31941346875657	0.741	0.736	1
COX6B1	0.000187167654635295	0.284232463781231	0.829	0.736	1
MICAL3	0.000188385136194863	-0.301020966402662	0.323	0.359	1
MAFF	0.000191497724664539	-0.334208889862427	0.449	0.439	1
PRDX4	0.000194703836918738	0.266120796328427	0.627	0.471	1
RPS12	0.000194916573721516	0.26272550414261	0.928	0.891	1
MSLN	0.000196914228248734	-0.488816235970706	0.084	0.168	1
CENPF	0.000197620026885219	0.275559507624432	0.266	0.141	1
ELK4	0.000199178308816915	-0.404203641106251	0.171	0.24	1
LINC01765	0.000201326529646336	-0.350695951551816	0.555	0.529	1
TOGARAM1	0.000204912198889716	-0.400029499266741	0.506	0.492	1
CFAP44	0.000208174160256173	-0.292720632437988	0.677	0.596	1
C6orf62	0.000208327525262105	-0.407171714065252	0.388	0.432	1
TPM4	0.000208505944581455	-0.590562102402852	0.418	0.453	1
MIDN	0.000210177063499885	-0.365745106528099	0.586	0.596	1
FXYD3	0.000213977738444986	0.255855960945143	0.825	0.691	1
MICOS13	0.000215566640991434	0.265710056634793	0.745	0.602	1
PBXIP1	0.000221048411636643	-0.252834701908737	0.278	0.295	1
PTPRF	0.000222033555508111	-0.349734139916633	0.597	0.59	1
NUFIP2	0.000224023167259375	-0.324933236299975	0.475	0.465	1
PNO1	0.000228072412424482	0.282591912621696	0.27	0.145	1
DNMBP	0.000229890141688894	-0.375492950198077	0.217	0.309	1
SLC25A44	0.000230086038249411	-0.366262071393431	0.038	0.109	1
ELF2	0.000233186315907488	-0.273162043505752	0.392	0.34	1
SPAG17	0.000236315883147539	-0.289744245464176	0.681	0.639	1
IDS	0.000236872767671841	-0.277662629625803	0.567	0.525	1
AK9	0.00023894458860138	-0.312189229324041	0.635	0.592	1
TENT5A	0.00024231277457638	-0.428540068846377	0.502	0.539	1
MARVELD2	0.000244884533777078	-0.264226123129272	0.323	0.348	1
EGR3	0.000246991108755197	-0.267482269618342	0.053	0.143	1
SYNE1	0.000250932920846691	-0.496269541692459	0.719	0.711	1
ATP6V0B	0.000255694663106897	0.267812047373926	0.681	0.529	1
LAPTM4B	0.000260135482422457	0.312207554187245	0.373	0.232	1
BEND7	0.000260951815137257	-0.262327437537273	0.312	0.303	1
TTC3	0.000261623861933879	-0.469022598173355	0.658	0.678	1
ATP5PF	0.000283847361392563	0.256070215494739	0.802	0.666	1
NDUFB8	0.000287073583041126	0.332498788966953	0.768	0.639	1
KIF9	0.000289105073563961	0.266887745619182	0.787	0.715	1
PMP22	0.000289123850430114	0.269657509326065	0.103	0.033	1
GNAQ	0.000289639322560508	-0.321215555417751	0.456	0.455	1
AMD1	0.000296245029028285	-0.542018621549454	0.445	0.49	1
NFKBIA	0.000300478764779802	-0.324798583819824	0.616	0.635	1
WT1	0.00030055875762167	-0.375315287008096	0.3	0.365	1
RB1CC1	0.000303573690128752	-0.266805172322342	0.536	0.533	1
CC2D2A	0.000312874437557473	-0.251885819560511	0.669	0.596	1
PDCD5	0.00031599962107104	0.333383975689857	0.616	0.463	1
YPEL2	0.000325043844651971	-0.307767689869724	0.221	0.225	1
IER3	0.000330224070976335	0.334534659785474	0.411	0.268	1
MDM2	0.000334186509558439	-0.299201426007551	0.529	0.496	1
COX6C	0.000335290136970831	0.276008427666538	0.863	0.809	1
FRMD4B	0.000349604067497415	-0.329609425366912	0.437	0.451	1
N4BP2L2	0.000351907226077526	-0.402816178393349	0.684	0.682	1
AC092683.1	0.000352516672364233	-0.370661853581569	0.247	0.285	1
SAFB2	0.000358825416191588	-0.250766211590118	0.312	0.289	1
MTCH2	0.000359204899617927	0.339255018305888	0.384	0.248	1
CEP350	0.000362021940955314	-0.295962897428575	0.445	0.426	1
SS18	0.000364056820538082	-0.268822947173775	0.468	0.436	1
RARRES1	0.000365072835964154	0.313561037130445	0.433	0.291	1
EFNA1	0.000376726028205044	-0.384313013911776	0.346	0.416	1
CCNA1	0.000382468840390248	-0.345952015647021	0.331	0.391	1
PLPPR3	0.000396949207250895	-0.309157318439423	0.487	0.473	1
NEK10	0.000398961471332338	-0.386227163923223	0.517	0.537	1
ATF7IP2	0.000400244306164415	-0.442897582661271	0.251	0.277	1
WDR86-AS1	0.000401567222359998	-0.304614013499226	0.692	0.66	1
ENOSF1	0.000411996758572226	-0.268151865295725	0.532	0.496	1
BPTF	0.000427750542103637	-0.289961354010824	0.608	0.607	1
PIGA	0.00043225570584571	-0.294650016425639	0.171	0.223	1
ODC1	0.000435173483523357	0.255985591463023	0.574	0.424	1
PHIP	0.000448849814330852	-0.297325378194158	0.559	0.541	1
BRIX1	0.000460319614961393	0.313843869053599	0.331	0.201	1
C9orf72	0.000465229730558636	-0.256972978242208	0.559	0.508	1
CYTH1	0.000472343076222124	-0.275363268062063	0.281	0.287	1
BTC	0.000483742809688647	0.272938057433415	0.312	0.184	1
ALMS1	0.000486752720840247	-0.289831017042269	0.456	0.42	1
RBM23	0.000496502828825246	-0.275083925785947	0.544	0.488	1
SCGB2A1	0.000499790902971892	0.457230888884384	0.779	0.719	1
IL7	0.000503135797607303	0.261007712332118	0.411	0.27	1
ANXA3	0.000503988972535711	0.310337300212761	0.24	0.127	1
ERBIN	0.000520184854424395	-0.257827812973139	0.373	0.367	1
CEMIP2	0.000531258121125841	-0.320086016658531	0.106	0.189	1
SLC7A2	0.000538679650170714	-0.297824796231328	0.563	0.559	1
FAM102A	0.000538681950317111	-0.278397235210862	0.426	0.432	1
SAT1	0.000543837802246994	-0.443771705037995	0.863	0.887	1
AC119673.2	0.000547654268092067	-0.325843960389397	0.183	0.277	1
AFDN	0.000555086063293234	-0.473516487497408	0.677	0.689	1
HBB	0.000561435173503008	-2.68638673598605	0.08	0.178	1
COMTD1	0.000574223342942919	0.283941650705044	0.148	0.061	1
BOLA2	0.000574931078660555	0.271727353468703	0.175	0.08	1
PRKCI	0.000581588633034019	-0.308934445883558	0.289	0.352	1
C1orf43	0.000606930303399136	0.384765002230312	0.551	0.408	1
ETFB	0.00061274400460119	0.281162995253642	0.719	0.578	1
IST1	0.000615516464021867	-0.283712361002848	0.338	0.342	1
LINC01550	0.000625575441351571	-0.396797355078599	0.35	0.41	1
SNHG14	0.000632409810953855	-0.286636926886505	0.643	0.553	1
EFCAB6	0.000653576793386967	-0.326955264521684	0.35	0.32	1
ANKRD36C	0.000661714525907074	-0.498033756764537	0.331	0.4	1
EMX2	0.000663338525932927	-0.285735245956153	0.43	0.436	1
MACF1	0.000664195872329036	-0.293610446796071	0.574	0.584	1
NFIC	0.000668357548239848	-0.347189637916407	0.521	0.535	1
AFF4	0.000676199643174416	-0.321297625592636	0.49	0.484	1
LINC00342	0.000684999299429833	-0.398019030248361	0.445	0.514	1
TOGARAM2	0.000695113181997426	-0.41664313954149	0.582	0.588	1
PALLD	0.000699265133630469	-0.35295364303917	0.38	0.383	1
ZMAT1	0.000706667553273898	-0.309069675607656	0.335	0.326	1
PKM	0.000707062916759515	0.302139238538289	0.734	0.633	1
ABHD2	0.000707211057791954	0.293698875701492	0.502	0.359	1
COX19	0.000708578784410011	-0.369421061401186	0.384	0.441	1
EIF2B1	0.000718383264132876	-0.269931147021289	0.232	0.205	1
UTRN	0.000726062979776181	-0.451645683012018	0.437	0.475	1
DDX3X	0.000729226472429197	-0.259328144719308	0.707	0.67	1
DLG1	0.000736430464017155	0.328210595943974	0.418	0.281	1
LGALS3	0.000736630269025699	0.314228257510693	0.894	0.793	1
UBN2	0.000739840783018031	-0.287656975534112	0.38	0.383	1
PTRH1	0.000753052641192901	-0.395055783334372	0.502	0.488	1
PRR14L	0.000765580750966669	-0.402826176598296	0.323	0.344	1
GIGYF2	0.000768055286843871	-0.315602482028917	0.384	0.355	1
DNAJC10	0.000768796747638463	-0.282300715237572	0.627	0.592	1
FOXO3	0.000783771909901429	-0.251556828762727	0.487	0.482	1
CES2	0.0007936654136659	0.322111022695982	0.319	0.195	1
PFN1	0.000804856472979514	0.45173958557025	0.719	0.586	1
C2orf73	0.000810536308423671	0.263777074047213	0.563	0.42	1
PPIG	0.000810655656245335	0.362788057379134	0.711	0.574	1
SPARCL1	0.000825430190224993	-0.599032350953106	0.224	0.256	1
GNAI2	0.000858131635341848	-0.253571977540432	0.506	0.475	1
ACTN1	0.000875442977543549	-0.310775339470552	0.468	0.459	1
COX5A	0.000894973597996864	0.301714503661181	0.722	0.586	1
GADD45A	0.000917637623325748	-0.463834520305197	0.289	0.316	1
MUC16	0.000927989311016041	-0.280999847515345	0.293	0.256	1
SREK1	0.000938959422442093	-0.326495893455853	0.532	0.506	1
CTSB	0.000939491809630911	-0.343580588936173	0.464	0.455	1
WDR63	0.000943986201683682	-0.318277704627934	0.639	0.631	1
FABP6	0.000953937505431461	0.345975878886384	0.608	0.496	1
RNH1	0.000978926088353216	0.31257382573834	0.582	0.441	1
C6orf132	0.000995368075116596	-0.291911884867717	0.285	0.33	1
USP14	0.00104720480089214	0.288369739592023	0.452	0.318	1
ADGRA3	0.00106611033664124	-0.28398015542722	0.297	0.359	1
TAGLN	0.00108114569726994	-0.802193717914448	0.167	0.23	1
ELL2	0.00111806723243694	-0.399785543975312	0.365	0.363	1
CDK4	0.00112795706604499	0.339976260255707	0.198	0.1	1
PIH1D2	0.00113491262473769	-0.279341341683078	0.627	0.584	1
NUDT1	0.00114104450151221	0.26258133448295	0.27	0.158	1
OSCP1	0.00121227685556182	0.303783365924281	0.692	0.566	1
SDK1	0.00124136124487619	0.275933328776853	0.217	0.115	1
DYRK3	0.00125146468782428	-0.345266929735156	0.323	0.307	1
PPOX	0.00125745590962178	-0.306847902700509	0.418	0.439	1
FKBP5	0.00127237079566462	-0.283013009482931	0.388	0.357	1
HNRNPH1	0.00128302830294644	-0.271089263841243	0.563	0.506	1
CCDC30	0.001292366407649	-0.441963438227379	0.726	0.682	1
AKAP13	0.00129491436325624	-0.346323283558827	0.468	0.453	1
SYNGR2	0.00130365092120831	-0.354298395080454	0.361	0.365	1
KLF2	0.00130486975506658	0.358348722003357	0.437	0.309	1
PHC2	0.00131647357652517	0.25110466914143	0.247	0.139	1
ZNF486	0.00136919275742857	-0.291317792569733	0.122	0.162	1
ATP1B3	0.00137976811589594	-0.465178068557604	0.232	0.205	1
CMTM7	0.0013856475771207	0.3491207071688	0.171	0.09	1
HERC4	0.0013859535113548	-0.257359093496806	0.133	0.201	1
PARVA	0.00144651309580807	0.331089390515491	0.373	0.246	1
HACD3	0.00146765895323483	0.28901412855817	0.582	0.449	1
PGR	0.00146887691203706	-0.254975503798621	0.449	0.461	1
ITGB1BP1	0.00147587860267501	-0.305160028029462	0.262	0.264	1
PDE8B	0.00150357942549108	-0.256645491392105	0.247	0.219	1
CLDN7	0.00151072982172167	0.32597027536809	0.764	0.648	1
GLOD4	0.0015298676510691	0.256247917635889	0.578	0.441	1
SPEN	0.00155832418201415	-0.268368488252301	0.392	0.383	1
DDX6	0.00157051896604188	-0.28972967640269	0.479	0.449	1
PLEKHA5	0.00160534333066377	-0.278793369966737	0.452	0.467	1
ATP5F1B	0.0016391281754158	0.270605867112934	0.749	0.648	1
HACD2	0.001657031392141	0.251111473245051	0.186	0.094	1
ZNF440	0.00166740223815179	-0.381089895311086	0.369	0.426	1
ATP13A3	0.00170422107307809	-0.332385522704892	0.342	0.318	1
NWD1	0.00172279806609723	-0.275140366949229	0.529	0.488	1
FBH1	0.00176020369443797	-0.280100411002638	0.175	0.18	1
ZNRD1	0.00178584082343416	0.302412188097505	0.24	0.135	1
DDAH1	0.00189130471510448	0.256559555600349	0.555	0.42	1
PPP1R14C	0.00189312389577836	0.251124193553305	0.506	0.373	1
ATP5F1C	0.00193159928675902	0.280711806991433	0.703	0.584	1
PSME4	0.0019416082775962	-0.331433198354948	0.262	0.281	1
CROCC	0.00194731247663212	-0.263583193785869	0.357	0.365	1
GAK	0.00194924988846657	-0.368197127078403	0.198	0.279	1
NCOA3	0.00198050283197135	-0.288789646755444	0.312	0.293	1
DCTN2	0.00198776287144799	0.395383403615372	0.369	0.25	1
SGMS2	0.00198796617766791	-0.257990754583747	0.532	0.486	1
ENAH	0.0020053180243739	-0.335546362662109	0.605	0.541	1
MYLIP	0.00201815895383364	-0.312544210889773	0.327	0.33	1
ARID1A	0.00201938251841903	0.295961255043908	0.399	0.275	1
SPAG9	0.00203328963906192	-0.266243525457105	0.487	0.486	1
MICOS10	0.00216387651709021	0.256133754273466	0.772	0.664	1
NAMPT	0.00217265288996406	-0.302627242140353	0.407	0.445	1
EIF4G3	0.00220641035255857	-0.28894678309921	0.525	0.508	1
CRYBG3	0.00222098940414586	-0.274327623808144	0.274	0.299	1
MYLK	0.00226221124320517	0.348433895811675	0.449	0.32	1
MT1E	0.00229847769331348	0.390066630664191	0.536	0.404	1
TIPARP	0.00230769717308693	-0.313590843654676	0.376	0.41	1
TSC22D2	0.00233756434917564	0.434600174235866	0.24	0.137	1
IDNK	0.00234234030305491	-0.281743402829561	0.27	0.26	1
CD164	0.00237705736679253	0.279759364709115	0.703	0.576	1
RBM39	0.00240449312605666	-0.32438616176261	0.734	0.715	1
CREBRF	0.00243741011777655	-0.427971241118494	0.274	0.322	1
ETV3	0.00244527479278231	-0.252683799228575	0.103	0.164	1
UQCRFS1	0.00245461617320244	0.348205075317151	0.65	0.523	1
YTHDF2	0.002465469880939	-0.28866493224977	0.376	0.385	1
FILIP1	0.00247330402076338	-0.25356694529491	0.475	0.443	1
CMIP	0.00249445265094504	0.308069075759556	0.536	0.424	1
PAX8-AS1	0.00258322761093482	-0.344162656439983	0.16	0.221	1
ZBBX	0.00260239450059273	-0.269862321914618	0.719	0.691	1
FAM162A	0.00262059959067026	0.399410684522589	0.487	0.363	1
LRRC26	0.00265754170523289	-0.29470498579682	0.221	0.275	1
RC3H1	0.00273328435760778	-0.349726174839804	0.331	0.355	1
MRPS15	0.00275789304457579	0.259059868805963	0.361	0.244	1
HPF1	0.00276309449317811	0.372539329425632	0.38	0.264	1
IQCN	0.00282002302200516	-0.335494550700202	0.122	0.191	1
SPG7	0.00289724192458707	-0.261373419456078	0.274	0.307	1
INTS6	0.00297328305342218	-0.324907139963018	0.361	0.373	1
CEP128	0.00300555771846738	-0.255924256306573	0.217	0.213	1
C11orf96	0.0030903774349392	-0.630272794419402	0.095	0.127	1
ALDH2	0.00310882872401204	0.257256641006717	0.316	0.203	1
XRRA1	0.00311612587962441	-0.258018773404724	0.335	0.338	1
CAPZB	0.00313648423908649	-0.262225311284562	0.567	0.514	1
ZNF91	0.00314640384787704	-0.300232183655073	0.35	0.338	1
INTU	0.00315290357822639	-0.298574232785377	0.646	0.6	1
SLC25A36	0.0031536908610962	-0.264976541985505	0.589	0.551	1
ZNF704	0.00316934985576266	-0.274250308755028	0.376	0.375	1
FOXP1	0.00327269067337053	-0.274270145845684	0.669	0.643	1
BAZ1A	0.00328072586682544	-0.276932740960172	0.422	0.404	1
PDK4	0.00329685143270638	-0.462672188565072	0.688	0.662	1
LRRC36	0.00331417121835167	-0.324147230765005	0.179	0.242	1
H2AFZ	0.00334397799846964	0.405901575651026	0.734	0.617	1
HIST1H1C	0.00338328253794027	-0.280929048662703	0.51	0.459	1
FMR1	0.00342946168072579	-0.307865616603249	0.262	0.334	1
SLC25A6	0.00353962587985916	0.301824010354213	0.567	0.439	1
GARS-DT	0.00356128023225601	-0.254991462569993	0.205	0.199	1
ANK3	0.00376077129967889	-0.275003721438215	0.54	0.557	1
PFKFB2	0.00377128137879926	0.266615265963405	0.152	0.074	1
INTS3	0.00386006818593459	-0.377026359864749	0.365	0.367	1
PHKG1	0.0038782778327191	-0.385142691775839	0.167	0.16	1
GOSR1	0.00388362412020773	-0.262438926589534	0.441	0.416	1
VPS13A	0.00391325024027808	-0.302985185684141	0.308	0.338	1
SLC7A8	0.00397225410689836	-0.356536932829433	0.224	0.232	1
ATF4	0.0040731525100092	-0.270341977935345	0.426	0.434	1
NXF1	0.00407577209089138	-0.267337295944168	0.129	0.158	1
ATP9A	0.00409520576342153	-0.302955323345282	0.365	0.404	1
SMCO4	0.00410497401841315	-0.264837752663675	0.449	0.412	1
CRYAB	0.00412590628285796	0.472676377300179	0.125	0.059	1
ATXN1	0.00422176126248284	-0.300517279125353	0.43	0.393	1
SPCS2	0.00427697128052545	0.255953873014185	0.7	0.6	1
ICE2	0.00435609839781573	-0.307310095515595	0.346	0.348	1
GMDS	0.00437311099574975	-0.306172157266275	0.148	0.135	1
PLP2	0.00438726918792398	0.330058986683927	0.487	0.363	1
TTLL7	0.00453267254967721	-0.315244049373929	0.452	0.412	1
CSRP1	0.00456232201802048	0.266273565293345	0.479	0.365	1
TMSB10	0.00458566754428731	0.265334991103422	0.894	0.809	1
PPP6R2	0.00462396770692198	-0.265614011460268	0.243	0.223	1
COX8A	0.00476495908245895	0.250527731996619	0.817	0.717	1
IMMP2L	0.00476961216473536	0.255541746369293	0.167	0.086	1
COMMD6	0.00481170962160964	0.258601434609925	0.768	0.678	1
KMT2C	0.00487249257809457	-0.355689949902367	0.403	0.418	1
ITGA3	0.00496770617998933	-0.30524600714024	0.304	0.336	1
CITED2	0.00498121763976719	-0.364458879857847	0.502	0.484	1
MZT1	0.00519488239847658	0.277206390745804	0.281	0.178	1
ANKRD26	0.00525923984786399	-0.306622939394936	0.433	0.447	1
SLC26A2	0.0052707762649822	1.02974680521268	0.224	0.18	1
SMIM41	0.00531128602632925	-0.303848473694724	0.35	0.357	1
GOT2	0.00540610009148198	-0.357783217605583	0.278	0.311	1
MZT2B	0.00541761883584241	0.274495322459357	0.612	0.49	1
RAB21	0.00551031381315328	-0.260305400788168	0.297	0.295	1
TNFAIP3	0.00563735347532396	-0.343582616220155	0.236	0.225	1
POLR2J3	0.00566045574314973	-0.278434106489551	0.316	0.303	1
IRS2	0.00567734122190206	-0.271661317683224	0.224	0.277	1
MLXIP	0.00568673910860388	-0.277815406351415	0.452	0.471	1
APOA1	0.00571149995048918	-0.301381918287128	0.137	0.217	1
RBM17	0.00575360382619849	-0.256459820549698	0.513	0.512	1
FHAD1	0.00580866992644175	-0.266103927249379	0.662	0.637	1
HMG20B	0.00586818305515802	-0.274945290091434	0.289	0.289	1
MLLT6	0.00589181618635862	-0.283380276236899	0.293	0.277	1
TSHZ2	0.00613674352131737	-0.25279153717062	0.171	0.25	1
GDI2	0.00615269141351184	0.273513771892125	0.468	0.348	1
DHRSX	0.00623601617048218	-0.257000148076348	0.202	0.215	1
NXF3	0.00627444344240389	-0.261157608611011	0.179	0.252	1
SCNN1A	0.00627580515484605	-0.316288537078159	0.278	0.314	1
CEP126	0.0062771950003027	-0.262148700141146	0.787	0.773	1
MGST1	0.0064525627389885	0.696635178912481	0.137	0.102	1
YBX1	0.00652973267854549	0.275050523340898	0.802	0.697	1
CELSR1	0.00653246068655559	-0.273681664964834	0.262	0.293	1
MYL9	0.00654594380527149	-0.301775567927852	0.167	0.148	1
CEP290	0.00677857441849533	-0.259608876145915	0.589	0.555	1
ATF7IP	0.00698965821216069	-0.255348192868283	0.376	0.344	1
JUND	0.00699829830169462	-0.268076314930805	0.692	0.654	1
TRPS1	0.00714222700093734	-0.308542441330683	0.232	0.217	1
FBXO9	0.00715988250005158	-0.261163517000441	0.262	0.266	1
EPB41L4A-AS1	0.00733028506133509	-0.347930190142221	0.3	0.307	1
ATL1	0.0078765456344784	-0.263638658653492	0.152	0.217	1
ECT2L	0.00796128838216493	-0.255730870352907	0.471	0.504	1
HIVEP1	0.00814458532750586	-0.314258506945174	0.289	0.316	1
PREX2	0.00818319697649325	-0.297341171258872	0.175	0.24	1
DARS	0.00832224536798936	-0.27372440356308	0.392	0.371	1
NRXN3	0.00838307473372139	0.404492196226095	0.129	0.064	1
ABRACL	0.00879118704260607	0.270606696731994	0.24	0.15	1
PIP5K1A	0.00882391537125419	-0.265105083897606	0.152	0.205	1
DDR1	0.00895398781662671	-0.255018820986643	0.555	0.559	1
TUT4	0.00915044360627991	-0.354050555430315	0.479	0.477	1
NELFA	0.00933394313337655	0.37172666280078	0.251	0.16	1
AP2S1	0.00941158124613441	0.284469465459619	0.54	0.424	1
TNIK	0.00947879762818218	0.2907755644103	0.209	0.125	1
VPS53	0.00972665698482764	-0.266381476989906	0.167	0.205	1
ALG3	0.00975033591802879	0.287787241913909	0.156	0.086	1
RAB5A	0.00982891296232695	-0.280424661080073	0.274	0.32	1
CPT2	0.00997519014623145	0.457411383942498	0.186	0.113	1
IFI16	0.0101064974824118	-0.310874405395704	0.262	0.273	1
MYOF	0.0103539153114587	-0.308794055986895	0.274	0.285	1
KIAA1324	0.0105223011216747	-0.265860491914242	0.198	0.289	1
ATP5F1D	0.0106752278341858	0.327044794552481	0.65	0.537	1
NOLC1	0.0108831256546358	-0.295111588806596	0.255	0.264	1
CLDN1	0.0109177324736504	-0.256143517493851	0.125	0.172	1
TMPO	0.0110962885576484	0.299913194327453	0.338	0.236	1
CCNB1	0.0111315106335399	0.270815649018819	0.141	0.074	1
BCL6	0.01138889951081	-0.290020711142393	0.376	0.373	1
GPX2	0.0114629480700591	0.482789560474027	0.167	0.1	1
TPI1	0.0114665995872233	0.252414690551295	0.741	0.635	1
UBN1	0.011718716645071	-0.253296182038516	0.209	0.26	1
KCNB1	0.0118138432377325	-0.262979222403365	0.281	0.287	1
LINC00623	0.0126690822997659	0.275849225154023	0.3	0.213	1
EP300	0.0129338037488492	-0.252183895289405	0.331	0.324	1
MBOAT1	0.0130670422297836	-0.275087128624949	0.285	0.285	1
TAB2	0.0138507240271871	0.318949618515206	0.232	0.145	1
CCDC187	0.0139986705902079	-0.298205933135041	0.399	0.434	1
POLR1D	0.0143258223261907	-0.264018246635798	0.437	0.414	1
DCDC2	0.0145500932217944	0.254271878951937	0.525	0.414	1
CAP1	0.0147542856306949	0.285302982194737	0.452	0.344	1
PURA	0.0148808201193623	0.3102852583987	0.506	0.398	1
ABLIM1	0.0155252567451627	-0.259528506327777	0.342	0.324	1
ECPAS	0.0158798639216801	-0.35602606596397	0.213	0.225	1
PML	0.015911082122915	-0.257882441201494	0.167	0.195	1
GMCL1	0.0163484681733127	0.383910688017829	0.342	0.246	1
LSM8	0.0169456934634319	0.250069098316364	0.532	0.424	1
NPHP3	0.0173217167940326	-0.290012867630422	0.209	0.223	1
TPT1-AS1	0.0175510687548164	-0.254619992120043	0.156	0.197	1
TNRC6A	0.019097475645209	-0.321460886078179	0.361	0.41	1
TRIM38	0.0191836941594869	0.263235767298591	0.255	0.168	1
TSC2	0.0192299579522138	-0.311191319044805	0.217	0.242	1
DTYMK	0.0194398302591105	-0.315649191812806	0.167	0.141	1
ACAA2	0.0194794091036798	0.251491946012246	0.255	0.168	1
SOCS3	0.0194941989673745	-0.368496730943282	0.471	0.471	1
IGF2BP2	0.0196021263126729	-0.271635398656117	0.494	0.496	1
SEPTIN11	0.0198244028450861	0.324753268156249	0.251	0.166	1
MKS1	0.019990130467527	-0.273237855245977	0.247	0.217	1
ULK4	0.0201790214158123	-0.286167709326613	0.365	0.406	1
ZNF830	0.0207706280818237	0.288567975891912	0.24	0.156	1
VCL	0.0208364548349024	-0.259624218479921	0.198	0.225	1
TTC21B	0.0210827733148083	-0.312469617879892	0.51	0.457	1
SLC25A29	0.0211217880483306	-0.286391452581722	0.395	0.418	1
ASH1L	0.0227002125049909	-0.256382404977023	0.449	0.471	1
ITPRID2	0.0227137763452872	-0.294059968417447	0.331	0.365	1
UBE2T	0.0234138328932146	0.307503231991489	0.144	0.08	1
KDM2A	0.0256495123493146	-0.258705950664625	0.369	0.414	1
MPZL2	0.0269837822201793	-0.307368214598665	0.247	0.24	1
MAP2K3	0.0277884019203101	-0.301472673347659	0.373	0.363	1
SFSWAP	0.0284963881290761	-0.258447069628728	0.27	0.273	1
RAP2B	0.029399128683926	-0.287104287020696	0.167	0.193	1
ANKRD11	0.0323704013564445	-0.254856611195952	0.521	0.494	1
FGFR1	0.0333024399587231	-0.339513671038258	0.194	0.215	1
RPS6KB2	0.0344230414089112	0.291817313068736	0.202	0.129	1
CEBPD	0.0353564858247866	-0.277427387720832	0.719	0.709	1
FLNA	0.0356046193517304	-0.255776030860458	0.118	0.139	1
CWC25	0.0369542459586295	-0.265857503204621	0.236	0.205	1
GAS5	0.038877307983563	-0.364516940792635	0.27	0.303	1
PGAP1	0.0423751340171281	-0.252863232305791	0.24	0.25	1
HTATIP2	0.0439486563845213	0.347262197105147	0.236	0.178	1
PDE4D	0.0446530975432892	0.296683215946026	0.262	0.191	1
U2AF2	0.045729319927481	-0.257296132758479	0.19	0.18	1
LENG9	0.046851329119587	0.269945133359478	0.163	0.102	1
HNRNPDL	0.0477352537452923	-0.265494137136405	0.696	0.65	1
MOB4	0.0484113876194116	0.254241258860271	0.392	0.303	1
SRPK1	0.049668364510767	0.279280349123517	0.217	0.145	1
RASD1	0.0497444189452852	-0.252063313350234	0.133	0.191	1
SESTD1	0.0505901268206266	-0.275043347301214	0.167	0.133	1
CEP83	0.0534620161660352	-0.286823327470122	0.57	0.557	1
ZCCHC8	0.0558843288508863	0.265315739091331	0.213	0.143	1
IFNAR1	0.0567224371878011	-0.290928650536763	0.407	0.42	1
DNAH12	0.059053625781343	-0.253507707554574	0.795	0.77	1
CTDNEP1	0.059756148411275	0.263418798058011	0.35	0.266	1
NCOA7	0.0627611763635329	-0.254103314895114	0.331	0.367	1
NOC3L	0.0665966139393104	-0.371598934313123	0.289	0.281	1
ANKRD36	0.0685610677733091	-0.309549288287542	0.163	0.207	1
BRD9	0.071046769946199	-0.267365641793061	0.232	0.25	1
EGR1	0.0711403737501264	-0.334249761587782	0.7	0.672	1
ETV6	0.0723420587143652	0.262697560098374	0.251	0.184	1
CCDC13	0.07235324775909	-0.281029521492742	0.316	0.344	1
C15orf48	0.0734951690098758	0.667096774778306	0.171	0.113	1
LBR	0.0774414376833111	0.281364133957653	0.357	0.279	1
CCDC14	0.0801143186691727	-0.280787121452218	0.167	0.217	1
AC024230.1	0.0832018864432867	0.619027215046721	0.099	0.107	1
RPL31	0.0836014691567029	-0.303587865490773	0.863	0.863	1
GOLIM4	0.0874816737684529	0.362572654714859	0.278	0.209	1
PFKL	0.0891175751069865	0.301944563139507	0.3	0.232	1
PIM2	0.0938437744368416	0.254638181145726	0.141	0.107	1
PKP3	0.104001410894964	0.292462717603141	0.171	0.125	1
STAMBP	0.117801910891852	-0.275938094896838	0.205	0.223	1
VWA8	0.11823752174825	0.280971762661364	0.125	0.082	1
ADAMTS1	0.124466058912234	-0.260956624564321	0.106	0.127	1
SNHG5	0.128354718215147	-0.327525143125043	0.46	0.451	1
USP40	0.133986011264366	-0.264682469428835	0.171	0.189	1
EIF4EBP1	0.149421722952392	0.265618745405023	0.129	0.094	1
RBM3	0.153687522716812	0.406054759590214	0.411	0.346	1
PAN2	0.157614592566583	-0.274337754125311	0.076	0.105	1
AGO3	0.158958685493253	-0.335293194607491	0.228	0.236	1
ALDOA	0.164306468092488	-0.252337406138628	0.106	0.1	1
HNRNPAB	0.173525132376624	0.265251486250194	0.494	0.424	1
ETHE1	0.178624959773732	0.32793443914324	0.24	0.184	1
ADIRF	0.185994556411794	-0.257743008556981	0.19	0.221	1
NDUFAF6	0.201428763346939	0.263617298101393	0.228	0.18	1
TPM2	0.204741671828291	-0.287911828018885	0.099	0.111	1
PTGDS	0.291007592089727	-0.540690914744871	0.103	0.127	1
LSG1	0.325686358067699	0.290417816170373	0.217	0.172	1
PPP1R1B	0.341214216141751	0.276237408751731	0.091	0.102	1
NOL8	0.45278195465413	0.27575537998033	0.221	0.182	1
SMC4	0.479013566170478	0.380570381475722	0.221	0.26	1
IVD	0.653171237535599	0.268429397940135	0.285	0.254	1
VASP	0.803531442119661	0.26386201244479	0.186	0.197	1
